7.750270000000000076e-03
9.046000000000000221e-03
9.154560000000000822e-03
1.006622000000000072e-02
1.070943000000000069e-02
1.091237999999999930e-02
1.175373000000000043e-02
1.049880000000000084e-02
9.890100000000000627e-03
8.346559999999999396e-03
8.624279999999999793e-03
8.569010000000000168e-03
9.378159999999999968e-03
1.073458000000000051e-02
1.166401000000000070e-02
1.171388999999999937e-02
1.166734999999999994e-02
1.135310999999999959e-02
1.146385999999999933e-02
1.149523000000000038e-02
1.030473999999999973e-02
9.738500000000000628e-03
1.358563999999999952e-02
1.743923000000000001e-02
2.268652999999999989e-02
2.959900000000000031e-02
3.460776000000000130e-02
3.255741999999999664e-02
2.902826000000000017e-02
1.939770999999999856e-02
1.362048000000000078e-02
1.131745999999999967e-02
1.049444000000000071e-02
8.751029999999999920e-03
9.074850000000000624e-03
9.804439999999999336e-03
9.886449999999999752e-03
1.420479000000000012e-02
1.594341999999999981e-02
1.226458000000000062e-02
1.118953999999999956e-02
9.748359999999999317e-03
8.971730000000000677e-03
8.857580000000000314e-03
9.300960000000000477e-03
9.675470000000000251e-03
8.475520000000000276e-03
9.515310000000000781e-03
9.362439999999999651e-03
9.294949999999999740e-03
8.876910000000000009e-03
8.413230000000000708e-03
8.495900000000000674e-03
9.195909999999999848e-03
9.458539999999999656e-03
9.504139999999999464e-03
9.032329999999999873e-03
8.535509999999999625e-03
8.620620000000000713e-03
8.702919999999999406e-03
8.904050000000000159e-03
9.243519999999999862e-03
9.420639999999999223e-03
7.533899999999999625e-03
