7.048930000000000126e-03
8.469030000000000655e-03
8.353229999999999683e-03
8.136199999999999682e-03
8.247259999999999314e-03
8.639219999999999539e-03
8.798220000000000693e-03
9.032679999999999529e-03
9.275959999999999761e-03
9.051810000000000411e-03
8.677990000000000009e-03
8.330509999999999304e-03
8.524280000000000398e-03
8.687769999999999174e-03
8.792990000000000528e-03
9.151120000000000435e-03
8.752209999999999851e-03
8.288220000000000656e-03
8.397760000000000641e-03
8.669480000000000242e-03
9.016039999999999471e-03
9.352469999999999881e-03
9.040410000000000459e-03
8.642830000000000651e-03
8.706550000000000400e-03
9.322479999999999309e-03
9.248110000000000358e-03
8.844329999999999206e-03
8.620400000000000285e-03
8.439580000000000345e-03
8.605849999999999958e-03
8.581989999999999411e-03
8.805979999999999711e-03
8.895590000000000094e-03
9.416559999999999167e-03
9.626759999999999831e-03
8.823130000000000209e-03
9.538400000000000697e-03
9.149130000000000110e-03
8.805059999999999970e-03
8.754740000000000438e-03
8.803639999999999730e-03
9.407920000000000171e-03
1.014877999999999961e-02
1.038284000000000082e-02
1.027324999999999940e-02
1.094958000000000042e-02
1.259875000000000057e-02
1.073309000000000069e-02
9.547059999999999574e-03
9.148029999999999703e-03
9.605340000000000406e-03
1.161092000000000027e-02
1.451986000000000075e-02
2.077205999999999844e-02
2.145089000000000024e-02
2.432501000000000108e-02
2.497407000000000099e-02
2.460632000000000097e-02
2.333110000000000045e-02
1.888567000000000023e-02
1.554379000000000004e-02
1.123927000000000086e-02
7.722419999999999805e-03
