7.078820000000000424e-03
8.366550000000000376e-03
8.233990000000000059e-03
8.060279999999999528e-03
8.304149999999999726e-03
8.611749999999999614e-03
8.788940000000000294e-03
8.813529999999999975e-03
8.843399999999999525e-03
8.785070000000000726e-03
8.326899999999999927e-03
8.352750000000000799e-03
8.656759999999999455e-03
8.686690000000000383e-03
8.587400000000000241e-03
8.686479999999999896e-03
8.603239999999999846e-03
8.371679999999999400e-03
8.451180000000000844e-03
8.783610000000000723e-03
8.791870000000000240e-03
8.848899999999999821e-03
8.833630000000000301e-03
8.477069999999999744e-03
8.602069999999999855e-03
9.043930000000000372e-03
8.800920000000000271e-03
8.595520000000000591e-03
8.302250000000000602e-03
8.319780000000000578e-03
8.374339999999999215e-03
8.223140000000000310e-03
8.618429999999999841e-03
8.950110000000000704e-03
9.375380000000000866e-03
8.917269999999999711e-03
8.687969999999999721e-03
8.764809999999999615e-03
8.661210000000000783e-03
8.714529999999999846e-03
8.438040000000000818e-03
8.956590000000000384e-03
9.113899999999999432e-03
9.415649999999999367e-03
9.762059999999999488e-03
9.540480000000000488e-03
1.007748999999999971e-02
1.067123000000000030e-02
9.338680000000000245e-03
8.936629999999999227e-03
8.925930000000000322e-03
9.459789999999999172e-03
1.158988000000000032e-02
1.419492999999999970e-02
1.724194000000000074e-02
1.771910000000000152e-02
1.858815999999999941e-02
1.836981000000000031e-02
1.788758999999999835e-02
1.656445999999999960e-02
1.361733000000000041e-02
1.165940000000000032e-02
9.039490000000000719e-03
7.415589999999999682e-03
