7.572009999999999678e-03
8.626830000000000262e-03
8.935639999999999902e-03
9.411610000000000809e-03
1.004716999999999937e-02
1.056999999999999953e-02
8.772570000000000368e-03
8.653090000000000434e-03
8.598929999999999421e-03
8.448590000000000613e-03
9.020969999999999683e-03
9.268439999999999318e-03
9.138600000000000195e-03
8.491560000000000427e-03
8.562790000000000679e-03
8.971369999999999345e-03
9.129740000000000771e-03
8.773180000000000214e-03
9.027840000000000517e-03
9.117010000000000045e-03
1.027867000000000017e-02
1.074596000000000058e-02
1.055139000000000077e-02
1.040128000000000059e-02
8.965080000000000271e-03
8.894420000000000104e-03
9.208310000000000800e-03
1.019053999999999967e-02
9.530040000000000039e-03
9.379530000000000506e-03
9.828480000000000549e-03
1.093531000000000017e-02
1.322137999999999959e-02
1.130743000000000026e-02
1.013992000000000018e-02
9.363140000000000698e-03
9.433270000000000544e-03
1.077625999999999931e-02
1.888161999999999827e-02
2.200739000000000167e-02
2.503847000000000017e-02
3.099038999999999960e-02
2.925526000000000168e-02
2.650989999999999944e-02
1.989374000000000003e-02
1.431396000000000057e-02
1.141370000000000058e-02
1.028263999999999914e-02
8.739379999999999718e-03
8.747660000000000852e-03
8.984000000000000666e-03
9.129250000000000212e-03
1.149007999999999974e-02
1.317761999999999926e-02
1.477635000000000060e-02
1.681026000000000048e-02
1.377864999999999993e-02
1.128163000000000082e-02
1.044645999999999943e-02
9.450250000000000317e-03
9.210930000000000853e-03
8.726110000000000463e-03
8.416329999999999645e-03
7.454320000000000390e-03
