7.459910000000000152e-03
8.415509999999999310e-03
8.339090000000000391e-03
8.323969999999999980e-03
8.211879999999999527e-03
8.602910000000000071e-03
8.627209999999999740e-03
8.551009999999999514e-03
8.976140000000000507e-03
8.887279999999999139e-03
8.460370000000000043e-03
8.500769999999999507e-03
8.418659999999999685e-03
8.662160000000000346e-03
8.680320000000000050e-03
8.940659999999999580e-03
8.598569999999999824e-03
8.244879999999999570e-03
8.177679999999999672e-03
8.405859999999999374e-03
8.588560000000000291e-03
9.019660000000000524e-03
8.746929999999999983e-03
8.490110000000000365e-03
8.481239999999999266e-03
8.773750000000000299e-03
8.697480000000000488e-03
8.716569999999999874e-03
8.439880000000000299e-03
8.353430000000000230e-03
8.554849999999999260e-03
8.292710000000000012e-03
8.554110000000000186e-03
8.874289999999999956e-03
8.617980000000000779e-03
8.767310000000000381e-03
8.660219999999999724e-03
8.882430000000000186e-03
8.689280000000000614e-03
8.453550000000000647e-03
8.385439999999999214e-03
8.679090000000000416e-03
8.982260000000000591e-03
9.366960000000000564e-03
9.446400000000000630e-03
9.358170000000000724e-03
1.011984999999999968e-02
1.040501999999999920e-02
9.629050000000000109e-03
9.041590000000000391e-03
8.713230000000000627e-03
9.021599999999999411e-03
9.716509999999999384e-03
1.180476999999999915e-02
1.563762999999999959e-02
1.739833000000000005e-02
1.902478000000000155e-02
1.909332999999999864e-02
1.934585000000000124e-02
2.064155000000000156e-02
1.585601000000000024e-02
1.387685999999999954e-02
1.005748000000000059e-02
7.561290000000000025e-03
