7.196489999999999831e-03
8.692929999999999754e-03
1.091305000000000053e-02
1.400328999999999983e-02
1.737732000000000165e-02
1.942197000000000021e-02
1.918125000000000038e-02
1.842074999999999962e-02
1.686719000000000065e-02
1.633309999999999970e-02
1.540619000000000016e-02
1.178418000000000000e-02
1.063690999999999942e-02
9.148879999999999860e-03
8.914500000000000549e-03
8.603899999999999396e-03
8.644449999999999704e-03
8.939439999999999886e-03
9.607869999999999258e-03
9.353979999999999587e-03
1.067758000000000075e-02
1.117718000000000010e-02
1.033206000000000055e-02
8.972199999999999620e-03
8.633280000000000121e-03
8.731859999999999275e-03
9.104040000000000743e-03
8.888190000000000673e-03
9.039619999999999947e-03
8.945939999999999448e-03
8.349050000000000221e-03
8.258569999999999800e-03
8.634489999999999874e-03
8.504599999999999313e-03
8.414939999999999226e-03
8.671760000000000579e-03
8.651900000000000562e-03
8.985349999999999587e-03
8.911080000000000043e-03
8.527099999999999264e-03
8.405479999999999896e-03
8.658199999999999577e-03
8.679940000000000572e-03
8.544950000000000809e-03
8.572120000000000781e-03
8.711160000000000778e-03
8.994290000000000271e-03
8.814529999999999241e-03
8.520410000000000830e-03
8.521050000000000499e-03
8.432439999999999380e-03
8.536419999999999425e-03
8.584659999999999166e-03
9.030849999999999989e-03
9.132819999999999827e-03
8.715479999999999408e-03
8.569999999999999493e-03
8.615889999999999313e-03
8.857610000000000136e-03
8.571519999999999140e-03
8.598569999999999824e-03
8.501200000000000423e-03
8.745509999999999742e-03
7.428780000000000279e-03
