7.447009999999999567e-03
8.401320000000000315e-03
8.420999999999999666e-03
8.230750000000000219e-03
8.590540000000000675e-03
8.633409999999999349e-03
8.462320000000000605e-03
8.415219999999999298e-03
7.989210000000000061e-03
8.378450000000000827e-03
8.524059999999999970e-03
8.194210000000000382e-03
8.206180000000000418e-03
8.369969999999999147e-03
8.376790000000000277e-03
8.504799999999999860e-03
8.973739999999999148e-03
8.589029999999999235e-03
8.274850000000000261e-03
8.300220000000000514e-03
8.219350000000000267e-03
8.293019999999999906e-03
8.489419999999999258e-03
8.233680000000000165e-03
8.473430000000000545e-03
8.321040000000000034e-03
8.439479999999999205e-03
8.793199999999999281e-03
8.664550000000000030e-03
8.404359999999999609e-03
8.130220000000000502e-03
8.444909999999999917e-03
8.476819999999999494e-03
8.712489999999999818e-03
8.357969999999999289e-03
8.219159999999999661e-03
8.384670000000000317e-03
8.653199999999999781e-03
8.487810000000000146e-03
8.316540000000000737e-03
8.315400000000000569e-03
8.249279999999999460e-03
8.525049999999999295e-03
9.103309999999999874e-03
8.658219999999999458e-03
8.554690000000000211e-03
8.532120000000000676e-03
8.524379999999999805e-03
8.552209999999999326e-03
9.084709999999999314e-03
9.082990000000000855e-03
8.915070000000000633e-03
8.590270000000000544e-03
8.960950000000000512e-03
9.075269999999999865e-03
9.499489999999999323e-03
8.734550000000000647e-03
8.479379999999999903e-03
8.322450000000000334e-03
8.518680000000000696e-03
8.965469999999999690e-03
1.005072000000000083e-02
1.110060000000000040e-02
7.272409999999999985e-03
