7.420030000000000202e-03
1.595223999999999948e-02
1.633228000000000110e-02
1.605381000000000169e-02
1.439429000000000056e-02
1.418556999999999978e-02
1.332169000000000061e-02
1.022279000000000070e-02
8.865490000000000176e-03
8.780770000000000242e-03
8.680910000000000015e-03
8.538989999999999775e-03
8.683440000000000603e-03
9.771800000000000624e-03
1.022573000000000058e-02
1.064174000000000023e-02
1.027713000000000064e-02
1.072228000000000070e-02
9.618289999999999826e-03
8.819950000000000012e-03
8.550389999999999727e-03
8.265530000000000099e-03
8.565939999999999319e-03
8.101340000000000277e-03
8.332630000000000592e-03
8.878010000000000415e-03
8.387359999999999954e-03
8.349610000000000365e-03
8.346910000000000787e-03
8.327660000000000617e-03
8.278999999999999901e-03
8.324800000000000255e-03
8.526620000000000379e-03
8.271840000000000789e-03
8.350530000000000105e-03
8.238550000000000734e-03
8.487790000000000265e-03
8.562409999999999466e-03
8.642020000000000257e-03
8.389159999999999673e-03
8.007119999999999516e-03
8.486940000000000109e-03
8.833860000000000670e-03
8.633290000000000061e-03
8.875549999999999412e-03
8.370630000000000431e-03
8.340139999999999360e-03
8.307109999999999495e-03
8.388130000000000586e-03
8.398110000000000297e-03
8.280900000000000760e-03
8.451039999999999941e-03
8.085099999999999579e-03
8.305289999999999895e-03
8.293270000000000156e-03
8.605150000000000646e-03
8.567939999999999584e-03
8.378649999999999640e-03
8.357029999999999667e-03
8.295949999999999852e-03
8.310919999999999419e-03
8.533330000000000429e-03
8.467529999999999155e-03
7.436879999999999880e-03
