7.349729999999999631e-03
8.282660000000000716e-03
8.337459999999999663e-03
8.162940000000000473e-03
8.227520000000000319e-03
8.475399999999999254e-03
8.360720000000000304e-03
8.373500000000000734e-03
8.347089999999999718e-03
8.431179999999999924e-03
8.503180000000000807e-03
8.425329999999999972e-03
8.522689999999999433e-03
8.784580000000000166e-03
8.609620000000000120e-03
8.573010000000000699e-03
8.369909999999999503e-03
8.288389999999999647e-03
8.721480000000000204e-03
8.668030000000000179e-03
8.645319999999999741e-03
8.585560000000000760e-03
8.421839999999999882e-03
8.241860000000000158e-03
8.309099999999999819e-03
8.715699999999999836e-03
8.721730000000000455e-03
8.511909999999999268e-03
8.569320000000000062e-03
8.684739999999999821e-03
8.451200000000000725e-03
8.311070000000000263e-03
8.444409999999999417e-03
8.490970000000000462e-03
8.470200000000000645e-03
8.707859999999999559e-03
8.542110000000000328e-03
8.977239999999999179e-03
9.037560000000000038e-03
8.735059999999999353e-03
8.708260000000000653e-03
8.483020000000000838e-03
8.410610000000000655e-03
8.416649999999999479e-03
8.783340000000000591e-03
9.242570000000000299e-03
9.365560000000000204e-03
9.286290000000000863e-03
8.495539999999999342e-03
9.307930000000000717e-03
9.422740000000000629e-03
9.425569999999999435e-03
9.126749999999999446e-03
8.737510000000000415e-03
8.636080000000000839e-03
8.634249999999999564e-03
9.157020000000000090e-03
1.050331000000000008e-02
1.172417000000000077e-02
1.235386999999999944e-02
1.421485999999999930e-02
1.658458999999999975e-02
1.460557000000000001e-02
7.409139999999999823e-03
