7.555489999999999776e-03
9.276150000000000367e-03
8.983339999999999381e-03
9.153730000000000547e-03
8.358640000000000514e-03
8.618189999999999532e-03
8.479300000000000379e-03
8.505830000000000682e-03
8.631339999999999499e-03
8.761319999999999525e-03
9.316160000000000413e-03
8.682900000000000340e-03
9.525409999999999780e-03
1.064158999999999938e-02
1.093862999999999953e-02
1.009270999999999953e-02
8.741020000000000387e-03
8.498749999999999361e-03
8.933810000000000362e-03
9.207929999999999587e-03
9.283019999999999466e-03
9.355020000000000349e-03
1.039557999999999975e-02
1.043236999999999984e-02
1.095139000000000008e-02
1.129899000000000008e-02
1.094077000000000070e-02
1.049004000000000082e-02
9.790029999999999913e-03
1.403663999999999953e-02
2.012446000000000026e-02
2.506863000000000147e-02
3.153613999999999723e-02
3.385160999999999726e-02
2.485220000000000137e-02
2.461135000000000059e-02
2.058955999999999981e-02
1.392136000000000068e-02
9.914370000000000474e-03
8.397939999999999572e-03
8.417400000000000229e-03
9.600159999999999944e-03
1.030017000000000085e-02
1.020064000000000040e-02
1.114578999999999917e-02
1.237810999999999946e-02
1.329178999999999951e-02
1.310304999999999977e-02
1.060358999999999954e-02
8.887580000000000827e-03
8.471050000000000801e-03
8.836480000000000723e-03
8.777510000000000520e-03
8.819530000000000772e-03
9.822779999999999706e-03
9.657010000000000594e-03
1.005349999999999994e-02
9.996230000000000046e-03
9.959179999999999769e-03
9.396949999999999401e-03
8.674309999999999313e-03
8.696660000000000154e-03
8.477010000000000101e-03
7.769940000000000353e-03
