7.619439999999999893e-03
8.726980000000000501e-03
9.150669999999999638e-03
1.014551999999999989e-02
1.020850000000000056e-02
9.976660000000000042e-03
8.398960000000000453e-03
8.982320000000000235e-03
8.968679999999999708e-03
8.701409999999999700e-03
9.028349999999999223e-03
9.115409999999999138e-03
8.791030000000000025e-03
8.545409999999999812e-03
8.769489999999999577e-03
9.153130000000000641e-03
9.007120000000000404e-03
8.837329999999999144e-03
9.387440000000000367e-03
1.076363999999999967e-02
1.239442999999999968e-02
1.152456999999999961e-02
9.860169999999999699e-03
8.847499999999999462e-03
8.520959999999999299e-03
9.208519999999999553e-03
1.036220000000000023e-02
1.057722999999999997e-02
9.713350000000000803e-03
1.138276000000000045e-02
1.258384000000000065e-02
1.346750000000000030e-02
1.239402000000000038e-02
9.194610000000000630e-03
9.253330000000000582e-03
1.094057000000000016e-02
1.863611000000000087e-02
2.858018999999999837e-02
3.645394999999999885e-02
3.589217000000000102e-02
3.000289999999999901e-02
2.638855000000000020e-02
2.131550000000000111e-02
1.544924999999999944e-02
1.011076999999999983e-02
8.951749999999999638e-03
8.400150000000000325e-03
8.767739999999999562e-03
8.908209999999999740e-03
9.827129999999999893e-03
1.144826000000000003e-02
1.409410999999999997e-02
1.491059999999999955e-02
1.473789999999999996e-02
1.289220999999999943e-02
1.166049000000000078e-02
1.012842000000000083e-02
8.816239999999999494e-03
8.751230000000000467e-03
8.867230000000000251e-03
8.748699999999999879e-03
9.651490000000000416e-03
1.000145000000000027e-02
7.691940000000000409e-03
