7.544859999999999588e-03
8.514459999999999737e-03
8.265839999999999993e-03
8.520899999999999655e-03
8.490269999999999415e-03
8.432900000000000118e-03
8.379299999999999249e-03
8.246979999999999242e-03
8.505419999999999647e-03
8.329510000000000039e-03
8.602210000000000759e-03
8.690440000000000664e-03
8.306179999999999813e-03
8.460429999999999687e-03
8.489139999999999187e-03
8.571479999999999377e-03
8.470170000000000823e-03
8.400370000000000753e-03
8.414790000000000117e-03
8.590320000000000247e-03
8.682709999999999734e-03
8.788129999999999900e-03
8.930860000000000534e-03
8.436320000000000624e-03
8.261869999999999284e-03
8.551229999999999942e-03
8.507030000000000494e-03
8.514370000000000271e-03
8.692729999999999208e-03
8.562909999999999966e-03
8.220089999999999342e-03
8.400499999999999981e-03
8.681750000000000231e-03
8.385309999999999986e-03
8.306549999999999351e-03
8.543800000000000699e-03
8.614329999999999904e-03
8.766080000000000746e-03
9.134790000000000271e-03
8.709830000000000003e-03
8.603339999999999252e-03
8.348740000000000328e-03
8.449579999999999938e-03
8.433799999999999977e-03
8.650430000000000619e-03
8.898029999999999481e-03
9.158090000000000674e-03
9.594399999999999457e-03
8.695599999999999510e-03
9.563290000000000332e-03
9.651699999999999169e-03
9.631570000000000756e-03
8.697119999999999157e-03
8.769870000000000790e-03
9.113529999999999895e-03
9.082200000000000342e-03
1.039836000000000059e-02
1.197781000000000019e-02
1.370052000000000075e-02
1.476412000000000037e-02
1.649180000000000090e-02
1.728456999999999910e-02
1.564464000000000132e-02
7.480689999999999909e-03
