7.516110000000000325e-03
8.135669999999999361e-03
8.383230000000000195e-03
8.369579999999999728e-03
8.452899999999999303e-03
8.557610000000000217e-03
8.323219999999999230e-03
8.232859999999999831e-03
8.158570000000000405e-03
8.346509999999999693e-03
8.590350000000000069e-03
8.305800000000000335e-03
8.091450000000000031e-03
8.175069999999999559e-03
8.298349999999999477e-03
8.535610000000000766e-03
8.637010000000000520e-03
8.441250000000000836e-03
8.261950000000000544e-03
8.203580000000000247e-03
8.554519999999999486e-03
8.367480000000000057e-03
8.453360000000000041e-03
8.207159999999999803e-03
8.245950000000000155e-03
8.560599999999999807e-03
8.683549999999999949e-03
8.957110000000000766e-03
8.558569999999999720e-03
8.394610000000000266e-03
8.294469999999999968e-03
8.321419999999999512e-03
8.709230000000000096e-03
8.584349999999999273e-03
8.314699999999999522e-03
8.312140000000000847e-03
8.223509999999999848e-03
8.348960000000000756e-03
8.510329999999999978e-03
8.191659999999999914e-03
8.268889999999999227e-03
8.495159999999999864e-03
8.499960000000000848e-03
8.684239999999999321e-03
8.838010000000000310e-03
8.550709999999999561e-03
8.538769999999999347e-03
8.665090000000000292e-03
8.488300000000000706e-03
8.852459999999999496e-03
8.735599999999999615e-03
8.686559999999999421e-03
8.698970000000000313e-03
8.778229999999999714e-03
8.922430000000000291e-03
9.258439999999999725e-03
8.846770000000000328e-03
8.461639999999999440e-03
8.495380000000000292e-03
8.524830000000000602e-03
8.718770000000000686e-03
9.987740000000000160e-03
1.125107000000000017e-02
7.333580000000000133e-03
