7.333980000000000360e-03
8.928119999999999459e-03
8.292280000000000831e-03
8.575940000000000646e-03
8.642089999999999841e-03
8.764100000000000362e-03
8.909749999999999268e-03
9.281040000000000817e-03
9.075490000000000293e-03
8.208329999999999793e-03
8.450670000000000404e-03
8.495400000000000174e-03
8.817310000000000078e-03
9.188450000000000784e-03
9.024859999999999133e-03
8.732729999999999312e-03
8.648760000000000128e-03
1.024376999999999927e-02
1.009387999999999952e-02
1.008634999999999914e-02
9.933469999999999800e-03
8.942890000000000214e-03
9.372719999999999316e-03
9.547530000000000253e-03
9.897420000000000523e-03
1.017794999999999984e-02
9.726300000000000223e-03
1.189956999999999994e-02
1.177756999999999936e-02
1.237291000000000085e-02
1.112536000000000080e-02
9.556449999999999320e-03
9.647249999999999576e-03
1.130257999999999957e-02
1.497606999999999931e-02
2.198570999999999859e-02
2.814728999999999842e-02
3.334485999999999700e-02
3.233624000000000220e-02
2.671163999999999830e-02
1.846187999999999996e-02
1.344975999999999984e-02
1.097318000000000078e-02
9.794270000000000753e-03
8.434080000000000049e-03
8.815480000000000538e-03
9.156539999999999471e-03
9.934709999999999375e-03
9.908399999999999500e-03
1.309977000000000016e-02
1.433480999999999991e-02
1.607439000000000090e-02
1.192493000000000025e-02
1.110729000000000057e-02
9.503179999999999961e-03
9.274199999999999805e-03
9.383590000000000680e-03
9.661980000000000568e-03
9.105210000000000733e-03
8.950460000000000360e-03
9.715120000000000700e-03
1.032711000000000046e-02
1.026471999999999975e-02
7.574489999999999695e-03
