9.416719999999999952e-03
1.319875000000000041e-02
1.260027000000000022e-02
1.109623000000000033e-02
9.998830000000000218e-03
9.144440000000000207e-03
8.454059999999999353e-03
9.236680000000000584e-03
9.661579999999999474e-03
1.055961000000000052e-02
9.963750000000000384e-03
1.135982999999999958e-02
1.340319000000000059e-02
1.411649000000000063e-02
1.521967999999999932e-02
1.138747000000000023e-02
9.251719999999999736e-03
8.801990000000000855e-03
1.233357000000000030e-02
1.960585000000000105e-02
3.064330999999999999e-02
4.107652999999999999e-02
4.073883999999999839e-02
3.304576000000000041e-02
2.695364999999999914e-02
2.270615000000000133e-02
1.638018999999999933e-02
1.169776999999999970e-02
9.381389999999999868e-03
8.755469999999999572e-03
9.182559999999999334e-03
1.040251000000000023e-02
1.154377000000000007e-02
1.328433000000000044e-02
1.648056999999999994e-02
1.373273000000000028e-02
1.361547999999999925e-02
1.261223000000000032e-02
1.061444999999999923e-02
9.293879999999999156e-03
9.832379999999999939e-03
9.702540000000000817e-03
9.840359999999999385e-03
8.844080000000000691e-03
8.543419999999999487e-03
8.798119999999999552e-03
8.830299999999999261e-03
8.446779999999999219e-03
8.708040000000000225e-03
8.883409999999999571e-03
9.236299999999999372e-03
9.592359999999999429e-03
8.544380000000000724e-03
8.336249999999999910e-03
8.613859999999999226e-03
8.837479999999999988e-03
9.156549999999999412e-03
9.396800000000000291e-03
9.994930000000000828e-03
1.004381000000000024e-02
8.375159999999999549e-03
8.855699999999999336e-03
9.374409999999999688e-03
7.615519999999999755e-03
