7.591350000000000181e-03
1.048910999999999941e-02
8.765480000000000840e-03
9.056140000000000717e-03
8.213490000000000374e-03
8.658950000000000327e-03
9.181810000000000319e-03
8.865849999999999773e-03
9.138320000000000123e-03
8.645730000000000776e-03
9.050789999999999530e-03
9.986999999999999350e-03
1.110051999999999914e-02
1.220826000000000029e-02
1.191269000000000008e-02
9.704060000000000463e-03
8.685649999999999621e-03
8.571679999999999924e-03
9.571279999999999719e-03
9.942400000000000543e-03
9.377089999999999384e-03
1.062372999999999963e-02
1.318059000000000071e-02
1.406927000000000004e-02
1.356481000000000006e-02
1.247382000000000005e-02
1.022202000000000006e-02
9.969959999999999933e-03
1.394365000000000014e-02
2.265450999999999923e-02
3.154267000000000182e-02
3.874688999999999911e-02
4.246156999999999709e-02
4.709195000000000048e-02
3.259267999999999887e-02
2.623168999999999848e-02
2.082049000000000052e-02
1.268035999999999990e-02
9.394510000000000013e-03
9.018989999999999299e-03
1.024619000000000051e-02
1.084744999999999980e-02
1.387736999999999998e-02
1.517352999999999931e-02
1.599539000000000169e-02
1.524846000000000014e-02
1.400697000000000053e-02
1.315629999999999925e-02
1.060873000000000024e-02
9.140590000000000520e-03
9.162919999999999746e-03
9.335680000000000714e-03
9.677269999999999969e-03
9.488720000000000834e-03
9.998240000000000252e-03
1.048304000000000076e-02
1.063211000000000017e-02
1.044306000000000054e-02
9.622540000000000607e-03
9.700989999999999613e-03
9.322659999999999975e-03
9.039659999999999709e-03
9.114550000000000776e-03
7.918949999999999254e-03
