7.621010000000000111e-03
9.338650000000000423e-03
8.664639999999999495e-03
8.597169999999999465e-03
8.264139999999999681e-03
8.577410000000000589e-03
8.673490000000000713e-03
8.654739999999999309e-03
8.323650000000000146e-03
8.494109999999999161e-03
8.890240000000000642e-03
8.967700000000000324e-03
1.035992999999999983e-02
1.122790000000000073e-02
1.151161000000000025e-02
9.750790000000000499e-03
8.329519999999999980e-03
8.693160000000000123e-03
9.535520000000000454e-03
9.599629999999999622e-03
9.115909999999999638e-03
9.309349999999999223e-03
1.096610999999999940e-02
1.162373000000000052e-02
1.146552999999999982e-02
1.130782999999999962e-02
9.699130000000000251e-03
9.716070000000000262e-03
1.265785000000000000e-02
1.752128000000000019e-02
2.270232000000000153e-02
2.742502000000000134e-02
3.028606000000000006e-02
3.528097000000000177e-02
2.470214000000000090e-02
2.178356000000000042e-02
1.830127000000000143e-02
1.228431999999999961e-02
9.422369999999999357e-03
8.400430000000000397e-03
8.743120000000000058e-03
9.607289999999999233e-03
1.128394999999999919e-02
1.165652000000000008e-02
1.265404000000000008e-02
1.278125999999999915e-02
1.188931000000000016e-02
1.204998000000000007e-02
1.030758000000000021e-02
8.615539999999999657e-03
8.655249999999999749e-03
8.527130000000000820e-03
8.863199999999999898e-03
9.045450000000000018e-03
9.655729999999999522e-03
1.005536999999999924e-02
9.921299999999999217e-03
9.858109999999999790e-03
9.857940000000000799e-03
9.196650000000000658e-03
8.533060000000000297e-03
8.858440000000000411e-03
8.324710000000000790e-03
7.721000000000000432e-03
