1.179185999999999949e-02
1.988383999999999985e-02
1.909728000000000120e-02
1.761945999999999998e-02
1.448238999999999950e-02
1.441312999999999969e-02
1.256144000000000011e-02
1.026421999999999925e-02
8.505679999999999838e-03
8.520820000000000130e-03
8.657659999999999315e-03
8.709679999999999159e-03
9.257919999999999344e-03
1.039396000000000070e-02
1.116646999999999952e-02
1.144999000000000017e-02
1.070323999999999928e-02
1.072240999999999993e-02
9.753190000000000123e-03
8.857230000000000658e-03
8.439409999999999620e-03
8.411729999999999208e-03
8.562230000000000535e-03
8.329899999999999458e-03
8.558400000000000729e-03
8.880229999999999374e-03
8.441229999999999220e-03
8.481340000000000406e-03
8.584470000000000295e-03
8.397979999999999334e-03
8.365110000000000254e-03
8.372239999999999543e-03
8.802420000000000036e-03
8.305490000000000442e-03
8.553810000000000233e-03
8.538119999999999737e-03
8.515019999999999881e-03
8.574560000000000168e-03
8.387999999999999623e-03
8.235229999999999634e-03
8.272609999999999686e-03
8.348329999999999293e-03
9.113539999999999836e-03
8.737450000000000772e-03
8.894430000000000044e-03
8.317039999999999503e-03
8.585419999999999857e-03
8.589899999999999272e-03
8.509610000000000785e-03
8.514729999999999868e-03
8.297739999999999630e-03
8.319679999999999437e-03
8.184639999999999971e-03
8.531699999999999701e-03
8.695460000000000342e-03
8.608160000000000117e-03
8.492649999999999158e-03
8.416460000000000607e-03
8.489790000000000531e-03
8.480440000000000547e-03
8.495350000000000470e-03
8.529020000000000004e-03
8.017440000000000677e-03
7.522530000000000362e-03
