8.011829999999999299e-03
1.038754000000000066e-02
1.172330000000000073e-02
1.343775999999999998e-02
1.241565000000000030e-02
1.053474000000000077e-02
9.525219999999999174e-03
8.353469999999999993e-03
8.796039999999999762e-03
9.406869999999999468e-03
9.221220000000000458e-03
8.847499999999999462e-03
9.648459999999999329e-03
1.125296999999999929e-02
1.438483999999999943e-02
1.395245999999999986e-02
1.390657000000000004e-02
1.229660999999999949e-02
9.623229999999999978e-03
8.417330000000000645e-03
1.238550000000000068e-02
2.195369000000000140e-02
2.836318000000000172e-02
3.124315999999999899e-02
3.350236999999999660e-02
3.838894000000000334e-02
3.528540000000000149e-02
2.543230000000000143e-02
1.999431999999999945e-02
1.164979000000000015e-02
9.938989999999999977e-03
8.809920000000000598e-03
8.940270000000000161e-03
1.032430999999999974e-02
1.252114000000000005e-02
1.370942999999999988e-02
1.502825999999999988e-02
1.763110999999999845e-02
1.470854000000000085e-02
1.110367999999999945e-02
9.289669999999999872e-03
9.110409999999999342e-03
8.530289999999999401e-03
9.235790000000000666e-03
1.021613000000000035e-02
9.947759999999999936e-03
9.159010000000000415e-03
9.175000000000000863e-03
9.282230000000000689e-03
8.727550000000000585e-03
9.272700000000000040e-03
9.363420000000000770e-03
8.312019999999999825e-03
8.675389999999999838e-03
9.038600000000000800e-03
8.910889999999999436e-03
8.634170000000000039e-03
9.225870000000000598e-03
1.117283999999999985e-02
1.055722000000000084e-02
9.436299999999999896e-03
8.716520000000000171e-03
8.282839999999999647e-03
7.540119999999999982e-03
