7.454249999999999939e-03
8.352019999999999930e-03
8.219590000000000576e-03
8.180099999999999177e-03
8.338170000000000651e-03
8.448739999999999722e-03
8.349099999999999924e-03
8.338949999999999488e-03
8.499990000000000670e-03
8.480539999999999953e-03
8.728150000000000491e-03
8.205940000000000109e-03
8.214000000000000815e-03
8.288629999999999956e-03
8.411739999999999148e-03
8.479360000000000022e-03
8.614480000000000748e-03
8.638969999999999289e-03
8.206500000000000253e-03
8.064730000000000856e-03
8.230319999999999303e-03
8.465139999999999471e-03
8.222580000000000167e-03
8.198729999999999560e-03
8.045180000000000733e-03
8.435460000000000527e-03
8.597940000000000096e-03
8.858420000000000530e-03
8.832319999999999408e-03
8.242680000000000493e-03
8.268630000000000771e-03
8.259040000000000478e-03
8.619419999999999166e-03
8.421039999999999429e-03
8.258559999999999859e-03
8.336889999999999579e-03
8.268680000000000474e-03
8.449230000000000282e-03
8.601090000000000471e-03
8.426460000000000200e-03
8.336440000000000516e-03
8.321540000000000534e-03
8.649590000000000403e-03
8.996409999999999824e-03
8.683110000000000828e-03
8.559229999999999269e-03
8.696570000000000689e-03
8.738390000000000393e-03
8.747829999999999842e-03
9.035420000000000604e-03
9.026920000000000777e-03
8.741689999999999877e-03
8.750239999999999407e-03
9.184760000000000146e-03
9.128070000000000281e-03
9.608790000000000733e-03
8.892409999999999898e-03
8.508329999999999713e-03
8.539760000000000406e-03
8.496669999999999570e-03
9.032850000000000254e-03
1.040305000000000049e-02
1.106351000000000036e-02
7.225670000000000009e-03
