9.780590000000000464e-03
1.292023999999999950e-02
1.302999999999999992e-02
1.236535000000000065e-02
1.128505999999999954e-02
9.316369999999999166e-03
8.345450000000000784e-03
8.901030000000000747e-03
9.861440000000000830e-03
1.095764999999999934e-02
9.985650000000000429e-03
1.002321999999999935e-02
1.195472000000000028e-02
1.311039999999999948e-02
1.564658999999999842e-02
1.330113999999999949e-02
1.062774000000000010e-02
9.513159999999999672e-03
9.156169999999999934e-03
1.349817000000000031e-02
2.072287000000000087e-02
3.415699999999999986e-02
3.822542999999999774e-02
3.287535999999999931e-02
3.072379999999999903e-02
2.798836999999999853e-02
2.088560000000000069e-02
1.417790000000000022e-02
1.069399000000000044e-02
8.656630000000000227e-03
9.186820000000000055e-03
9.781619999999999551e-03
1.009409999999999995e-02
1.191102999999999953e-02
1.473844000000000022e-02
1.441000999999999914e-02
1.453499999999999931e-02
1.334024999999999968e-02
1.169201999999999915e-02
9.839169999999999514e-03
9.840909999999999588e-03
9.859110000000000790e-03
9.153329999999999453e-03
8.722900000000000445e-03
8.739079999999999765e-03
9.315119999999999650e-03
9.270419999999999702e-03
8.623810000000000850e-03
8.779290000000000357e-03
8.644100000000000047e-03
9.349869999999999709e-03
9.356160000000000518e-03
8.519920000000000271e-03
8.452710000000000432e-03
8.647919999999999913e-03
8.870110000000000494e-03
9.172460000000000335e-03
1.006791999999999930e-02
1.106378000000000049e-02
1.076282999999999927e-02
8.948809999999999751e-03
8.291949999999999321e-03
8.482760000000000647e-03
7.640850000000000246e-03
