7.436690000000000141e-03
8.294839999999999505e-03
8.176340000000000691e-03
8.314069999999999794e-03
8.255240000000000494e-03
8.417930000000000551e-03
8.176829999999999515e-03
8.185090000000000768e-03
8.344529999999999309e-03
8.294279999999999362e-03
8.565180000000000363e-03
8.575370000000000562e-03
8.260770000000000612e-03
8.355349999999999236e-03
8.553299999999999792e-03
8.495749999999999830e-03
8.534720000000000847e-03
8.059639999999999860e-03
8.218480000000000230e-03
8.150090000000000459e-03
8.396310000000000578e-03
8.726740000000000191e-03
9.009569999999999731e-03
8.126370000000000815e-03
8.202140000000000125e-03
8.339859999999999288e-03
8.432880000000000237e-03
8.494009999999999755e-03
8.533110000000000001e-03
8.277849999999999792e-03
8.055669999999999151e-03
8.242819999999999661e-03
8.516110000000000346e-03
8.379960000000000533e-03
8.238699999999999843e-03
8.124710000000000265e-03
8.598750000000000490e-03
8.947210000000000579e-03
8.929120000000000459e-03
8.390409999999999188e-03
8.139439999999999523e-03
8.121520000000000128e-03
8.333679999999999560e-03
8.675860000000000516e-03
8.772570000000000368e-03
9.132259999999999683e-03
8.948609999999999204e-03
9.166550000000000739e-03
8.792150000000000312e-03
9.271170000000000452e-03
9.144009999999999291e-03
9.076509999999999440e-03
8.388629999999999351e-03
8.691070000000000392e-03
9.310840000000000782e-03
9.856409999999999477e-03
1.152935000000000071e-02
1.262601000000000001e-02
1.373262999999999914e-02
1.400349000000000038e-02
1.373037000000000042e-02
1.380887000000000087e-02
1.090287000000000027e-02
7.270930000000000101e-03
