7.644749999999999636e-03
1.036954999999999995e-02
9.655580000000000412e-03
8.515510000000000440e-03
8.497599999999999251e-03
8.883830000000000546e-03
1.069186999999999915e-02
1.438885999999999984e-02
1.737344999999999862e-02
1.938261999999999971e-02
2.180421000000000095e-02
2.068429000000000101e-02
1.922323000000000087e-02
1.842722999999999930e-02
1.332954000000000083e-02
1.066323999999999918e-02
9.918099999999999139e-03
8.516390000000000418e-03
8.252940000000000276e-03
8.394850000000000576e-03
8.714070000000000843e-03
9.230079999999999882e-03
9.942239999999999758e-03
1.010464999999999974e-02
1.115658999999999922e-02
1.069995999999999968e-02
9.374220000000000816e-03
8.378629999999999758e-03
8.561150000000000010e-03
8.558929999999999316e-03
8.548429999999999224e-03
8.657430000000000681e-03
8.383919999999999567e-03
8.639799999999999564e-03
8.761069999999999275e-03
8.487309999999999646e-03
8.606680000000000233e-03
8.816809999999999578e-03
8.861459999999999823e-03
8.548089999999999508e-03
8.144039999999999960e-03
8.427419999999999703e-03
8.779659999999999895e-03
8.825090000000000712e-03
8.592179999999999609e-03
8.624510000000000162e-03
8.367839999999999653e-03
8.377930000000000446e-03
8.314510000000000650e-03
9.050640000000000421e-03
9.179539999999999922e-03
9.286670000000000341e-03
8.806549999999999795e-03
8.435200000000000337e-03
8.529949999999999685e-03
8.906660000000000271e-03
8.737879999999999953e-03
8.337000000000000660e-03
8.743370000000000308e-03
8.347389999999999671e-03
8.188449999999999895e-03
8.789329999999999712e-03
8.258790000000000228e-03
7.337449999999999702e-03
