7.511359999999999912e-03
8.128099999999999214e-03
8.335530000000000717e-03
8.285090000000000163e-03
8.389670000000000114e-03
8.291619999999999546e-03
8.151079999999999784e-03
8.299479999999999705e-03
8.381100000000000702e-03
8.147210000000000216e-03
8.470230000000000467e-03
8.185329999999999342e-03
8.275529999999999692e-03
8.449440000000000769e-03
8.363860000000000738e-03
8.507940000000000294e-03
8.696920000000000345e-03
8.529159999999999173e-03
8.293419999999999265e-03
8.311999999999999944e-03
8.435049999999999493e-03
8.462839999999999252e-03
8.333500000000000629e-03
8.201820000000000291e-03
8.265079999999999302e-03
8.484739999999999296e-03
8.510270000000000334e-03
8.711879999999999971e-03
8.462360000000000368e-03
7.982929999999999193e-03
8.166249999999999898e-03
8.288039999999999990e-03
8.489200000000000565e-03
8.378129999999999258e-03
8.166859999999999745e-03
8.212920000000000290e-03
8.219600000000000517e-03
8.433090000000000724e-03
8.341799999999999909e-03
8.435689999999999161e-03
8.322160000000000321e-03
8.362549999999999845e-03
8.516330000000000774e-03
8.648770000000000069e-03
8.699159999999999185e-03
8.412340000000000789e-03
8.652270000000000100e-03
8.734850000000000600e-03
8.416399999999999229e-03
8.852030000000000315e-03
8.980570000000000219e-03
8.970560000000000686e-03
8.680949999999999778e-03
8.921019999999999991e-03
8.916260000000000505e-03
9.166689999999999908e-03
8.587529999999999469e-03
8.412430000000000255e-03
8.625449999999999784e-03
9.358309999999999892e-03
9.734539999999999860e-03
1.203116000000000081e-02
1.080969000000000027e-02
7.225620000000000306e-03
