7.321770000000000014e-03
8.264840000000000728e-03
8.322509999999999977e-03
8.349779999999999355e-03
8.155829999999999330e-03
8.553289999999999851e-03
8.215019999999999961e-03
8.304590000000000583e-03
8.064679999999999419e-03
8.487329999999999527e-03
8.463280000000000108e-03
8.563249999999999681e-03
8.611119999999999886e-03
8.481259999999999147e-03
8.304660000000000167e-03
8.680210000000000703e-03
8.462580000000000796e-03
8.414929999999999286e-03
8.341559999999999600e-03
8.357550000000000048e-03
8.536880000000000163e-03
8.846410000000000731e-03
8.985589999999999897e-03
8.453940000000000066e-03
8.255000000000000185e-03
8.496560000000000223e-03
8.610619999999999385e-03
8.514080000000000259e-03
8.814139999999999822e-03
8.562409999999999466e-03
8.252660000000000204e-03
8.367869999999999475e-03
8.439280000000000392e-03
8.311419999999999919e-03
8.297830000000000830e-03
8.380679999999999727e-03
8.665700000000000139e-03
9.015610000000000290e-03
8.835149999999999948e-03
8.630739999999999593e-03
8.421839999999999882e-03
8.349290000000000531e-03
8.430860000000000090e-03
8.748189999999999439e-03
9.198220000000000007e-03
8.995170000000000249e-03
9.122430000000000816e-03
8.960140000000000118e-03
8.956050000000000122e-03
9.219369999999999302e-03
9.275810000000000652e-03
9.611460000000000489e-03
8.624899999999999581e-03
8.594430000000000125e-03
9.373070000000000707e-03
1.002400999999999986e-02
1.150902000000000001e-02
1.302170000000000064e-02
1.453335000000000043e-02
1.542873999999999982e-02
1.534608999999999973e-02
1.607884999999999870e-02
1.312683000000000079e-02
7.414190000000000190e-03
