7.802240000000000217e-03
1.243231000000000024e-02
1.621939999999999840e-02
1.833469000000000071e-02
1.938374000000000000e-02
2.044106999999999869e-02
1.822864999999999902e-02
1.511407000000000028e-02
1.275742000000000022e-02
1.166036999999999976e-02
1.071421999999999999e-02
9.172220000000000026e-03
8.747569999999999651e-03
8.504130000000000369e-03
8.670080000000000148e-03
8.990240000000000037e-03
9.369809999999999250e-03
9.689990000000000755e-03
9.758400000000000407e-03
9.226500000000000326e-03
9.795720000000000816e-03
9.618989999999999138e-03
8.970320000000000377e-03
8.428800000000000181e-03
8.449889999999999832e-03
8.389940000000000245e-03
8.391410000000000188e-03
8.593009999999999884e-03
8.554809999999999498e-03
8.581590000000000051e-03
8.345470000000000665e-03
8.228640000000000607e-03
8.431019999999999140e-03
8.266300000000000731e-03
8.198230000000000794e-03
8.193080000000000154e-03
8.316959999999999978e-03
8.446810000000000776e-03
8.571330000000000268e-03
8.616369999999999932e-03
8.368979999999999822e-03
8.687769999999999174e-03
8.483450000000000019e-03
8.697079999999999395e-03
8.639690000000000217e-03
8.896440000000000251e-03
8.597489999999999299e-03
8.380290000000000308e-03
8.202289999999999234e-03
8.200779999999999528e-03
8.372680000000000400e-03
8.345520000000000369e-03
8.358970000000000289e-03
8.634539999999999577e-03
8.455360000000000306e-03
8.635260000000000505e-03
8.570490000000000053e-03
8.628709999999999505e-03
8.832559999999999717e-03
8.657629999999999493e-03
8.406250000000000527e-03
8.424499999999999697e-03
8.081599999999999548e-03
7.411550000000000256e-03
