7.431619999999999893e-03
8.325610000000000649e-03
8.362899999999999501e-03
8.244589999999999558e-03
8.501089999999999341e-03
8.517030000000000087e-03
8.392079999999999679e-03
8.244649999999999201e-03
8.247179999999999789e-03
8.502380000000000354e-03
8.706759999999999153e-03
8.813819999999999988e-03
8.546269999999999908e-03
8.780730000000000479e-03
8.550230000000000677e-03
8.534760000000000610e-03
8.350160000000000568e-03
8.441250000000000836e-03
8.945830000000000101e-03
8.886669999999999292e-03
9.017219999999999402e-03
8.823980000000000365e-03
8.898849999999999816e-03
8.487879999999999731e-03
8.782800000000000329e-03
8.980540000000000397e-03
8.575670000000000515e-03
8.386960000000000595e-03
8.767409999999999787e-03
8.644759999999999597e-03
8.450400000000000272e-03
8.462980000000000155e-03
8.485080000000000747e-03
8.350079999999999308e-03
8.652270000000000100e-03
8.751260000000000289e-03
8.553240000000000148e-03
8.571870000000000531e-03
9.109930000000000458e-03
8.826809999999999171e-03
8.742530000000000093e-03
8.253180000000000585e-03
8.480629999999999419e-03
8.662110000000000642e-03
8.896249999999999644e-03
9.219500000000000264e-03
9.441359999999999336e-03
9.888219999999999649e-03
8.967070000000000596e-03
9.661539999999999712e-03
9.854979999999999296e-03
1.017261000000000033e-02
9.483369999999999647e-03
9.341389999999999763e-03
8.684890000000000665e-03
8.929909999999999237e-03
9.842649999999999663e-03
1.126743000000000015e-02
1.290381999999999987e-02
1.436560999999999914e-02
1.586672000000000082e-02
1.762096999999999969e-02
1.528090999999999998e-02
7.458049999999999922e-03
