8.261769999999999878e-03
8.971059999999999451e-03
8.431090000000000459e-03
8.748459999999999570e-03
9.756950000000000345e-03
1.055276999999999951e-02
9.248990000000000336e-03
9.761119999999999866e-03
1.118141999999999921e-02
1.437073999999999990e-02
1.568537999999999877e-02
1.327406000000000072e-02
1.024749999999999966e-02
8.809920000000000598e-03
8.829550000000000246e-03
1.292190000000000005e-02
1.765345000000000109e-02
2.226043999999999939e-02
3.150689999999999741e-02
3.733134999999999926e-02
3.952862000000000042e-02
3.313804000000000055e-02
2.531080000000000135e-02
1.830547999999999897e-02
1.220593000000000025e-02
1.001021000000000029e-02
8.658729999999999899e-03
8.606439999999999924e-03
9.297959999999999212e-03
1.184417999999999929e-02
1.231083999999999998e-02
1.285298999999999990e-02
1.486630000000000069e-02
1.384500999999999961e-02
1.231282000000000036e-02
9.230640000000000026e-03
8.701290000000000413e-03
8.862590000000000051e-03
9.387819999999999845e-03
9.318899999999999753e-03
8.873990000000000003e-03
9.273919999999999733e-03
9.583289999999999517e-03
9.499989999999999823e-03
8.504480000000000026e-03
8.559600000000000541e-03
8.831920000000000048e-03
8.901150000000000034e-03
8.506410000000000707e-03
8.436529999999999377e-03
9.267869999999999234e-03
9.544469999999999343e-03
9.811880000000000254e-03
9.719669999999999699e-03
9.201829999999999385e-03
8.827279999999999849e-03
8.621840000000000406e-03
8.634899999999999173e-03
8.540719999999999909e-03
8.624569999999999806e-03
9.318039999999999656e-03
9.906939999999999497e-03
9.475670000000000273e-03
7.746870000000000318e-03
