7.371929999999999629e-03
8.150819999999999593e-03
8.362750000000000392e-03
8.255389999999999603e-03
8.343669999999999212e-03
8.427709999999999715e-03
8.526250000000000842e-03
8.680719999999999409e-03
8.648039999999999200e-03
8.635129999999999542e-03
8.377590000000000731e-03
8.379219999999999724e-03
8.292489999999999584e-03
8.387999999999999623e-03
8.493650000000000158e-03
8.668969999999999801e-03
8.590030000000000235e-03
8.166369999999999185e-03
8.356620000000000367e-03
8.383399999999999186e-03
8.673959999999999657e-03
8.799629999999999258e-03
8.824349999999999902e-03
8.271179999999999505e-03
8.335870000000000432e-03
8.807910000000000392e-03
8.938059999999999408e-03
8.634299999999999267e-03
8.349789999999999296e-03
8.204329999999999262e-03
8.210059999999999927e-03
8.495030000000000636e-03
8.456989999999999300e-03
8.477760000000000851e-03
8.780490000000000170e-03
9.105339999999999961e-03
8.587159999999999932e-03
8.814400000000000013e-03
8.620140000000000094e-03
8.423299999999999885e-03
8.318570000000000825e-03
8.360990000000000436e-03
8.859240000000000864e-03
9.054289999999999561e-03
8.952840000000000104e-03
9.229839999999999572e-03
9.800249999999999934e-03
1.018043000000000073e-02
9.353310000000000096e-03
8.959399999999999309e-03
8.525140000000000495e-03
8.972660000000000358e-03
9.607229999999999590e-03
1.189009000000000073e-02
1.334052999999999975e-02
1.394513000000000003e-02
1.549528000000000016e-02
1.654976000000000017e-02
1.669672000000000170e-02
1.590685000000000016e-02
1.383795999999999984e-02
1.230682999999999951e-02
9.844749999999999335e-03
7.381799999999999994e-03
