6.989679999999999852e-03
8.370600000000000609e-03
8.301420000000000327e-03
8.581089999999999551e-03
8.988470000000000140e-03
9.166290000000000548e-03
8.803619999999999848e-03
8.407829999999999818e-03
8.360970000000000554e-03
8.855909999999999824e-03
9.165869999999999573e-03
8.494750000000000564e-03
8.667309999999999251e-03
9.242049999999999918e-03
9.759010000000000254e-03
9.748230000000000089e-03
1.036181000000000081e-02
1.079240000000000060e-02
9.288599999999999288e-03
8.669490000000000182e-03
8.365050000000000610e-03
9.152550000000000616e-03
1.006466999999999952e-02
1.039233999999999991e-02
9.495959999999999471e-03
1.024485999999999973e-02
1.211142999999999942e-02
1.392018000000000075e-02
1.253241000000000077e-02
1.024292000000000084e-02
8.845810000000000825e-03
9.425219999999999779e-03
1.488792000000000067e-02
2.155469000000000135e-02
2.469700000000000020e-02
3.032324000000000130e-02
3.322726000000000152e-02
3.298459000000000113e-02
2.854562999999999892e-02
1.863234000000000071e-02
1.147428999999999984e-02
8.986499999999999697e-03
8.561749999999999916e-03
8.913120000000000070e-03
9.063550000000000079e-03
9.640009999999999205e-03
1.152979999999999977e-02
1.303448999999999927e-02
1.073220000000000077e-02
1.325607000000000001e-02
1.265367000000000054e-02
1.319601999999999928e-02
9.422019999999999701e-03
9.650300000000000544e-03
9.532240000000000851e-03
9.816729999999999207e-03
9.491499999999999937e-03
1.091032999999999933e-02
1.110012999999999972e-02
9.359360000000000596e-03
9.775809999999999361e-03
1.037424999999999979e-02
9.577209999999999196e-03
7.653619999999999868e-03
