8.267929999999999724e-03
1.450501000000000047e-02
1.368448000000000060e-02
1.324791999999999983e-02
1.055336999999999942e-02
9.405560000000000309e-03
8.838459999999999372e-03
9.385420000000000221e-03
1.048637000000000007e-02
1.100257999999999965e-02
1.046504000000000011e-02
1.138367000000000025e-02
1.312874999999999980e-02
1.361326000000000029e-02
1.503548000000000037e-02
1.281937000000000007e-02
9.740079999999999918e-03
9.205430000000000557e-03
1.233648000000000036e-02
2.034133000000000122e-02
2.656990999999999867e-02
4.229245999999999700e-02
4.256110999999999922e-02
3.703262999999999694e-02
3.192736000000000185e-02
2.767721000000000070e-02
2.088403999999999955e-02
1.419891000000000035e-02
1.025950999999999946e-02
8.850759999999999184e-03
9.555110000000000339e-03
1.069887999999999915e-02
1.146362000000000075e-02
1.293271000000000004e-02
1.888545999999999975e-02
1.504481000000000047e-02
1.444941999999999928e-02
1.382874000000000082e-02
1.163041000000000075e-02
9.902009999999999285e-03
1.072510999999999950e-02
1.051063999999999991e-02
1.055520000000000069e-02
9.329789999999999264e-03
8.778189999999999951e-03
9.048920000000000227e-03
9.207359999999999503e-03
8.544450000000000309e-03
8.862039999999999848e-03
9.153069999999999262e-03
9.616410000000000582e-03
9.990260000000000806e-03
8.828320000000000611e-03
8.485980000000000606e-03
8.781819999999999210e-03
9.344279999999999947e-03
9.545319999999999500e-03
9.910659999999999956e-03
1.077930000000000034e-02
1.145138000000000059e-02
8.920229999999999479e-03
9.217090000000000699e-03
9.049379999999999230e-03
7.930990000000000609e-03
