7.590989999999999717e-03
8.428110000000000809e-03
8.450589999999999144e-03
8.694330000000000114e-03
8.694240000000000648e-03
9.224569999999999645e-03
9.375520000000000034e-03
9.257400000000000698e-03
8.887849999999999223e-03
8.491920000000000024e-03
8.716949999999999352e-03
8.612579999999999888e-03
8.842900000000000760e-03
8.882330000000000780e-03
8.750169999999999823e-03
8.782409999999999176e-03
8.858939999999999176e-03
8.912629999999999511e-03
9.182809999999999584e-03
9.315729999999999497e-03
9.052219999999999711e-03
8.606429999999999983e-03
9.289310000000000275e-03
9.267259999999999387e-03
9.254200000000000620e-03
9.260469999999999813e-03
8.903579999999999481e-03
9.539509999999999310e-03
9.310840000000000782e-03
8.442840000000000067e-03
8.786949999999999969e-03
8.980770000000000766e-03
9.307779999999999873e-03
9.906039999999999637e-03
1.000756000000000041e-02
9.827590000000000631e-03
8.814080000000000178e-03
9.191859999999999614e-03
1.007940000000000051e-02
9.758259999999999504e-03
9.208030000000000728e-03
9.386590000000000211e-03
1.014166000000000026e-02
1.112392000000000068e-02
1.146627000000000063e-02
1.020268000000000043e-02
9.688159999999999480e-03
9.246320000000000580e-03
9.402580000000000660e-03
1.283521999999999962e-02
1.634257999999999891e-02
1.838775000000000132e-02
2.051299999999999998e-02
2.335221999999999992e-02
2.634695999999999913e-02
2.360456000000000013e-02
2.106078999999999937e-02
1.872901000000000080e-02
1.583433000000000063e-02
1.375322000000000003e-02
1.112212999999999917e-02
9.709880000000000594e-03
8.674239999999999728e-03
7.653169999999999938e-03
