7.371800000000000401e-03
9.783139999999999198e-03
8.734219999999999137e-03
8.605120000000000824e-03
8.704349999999999588e-03
8.443189999999999723e-03
8.395539999999999947e-03
8.640790000000000623e-03
8.949379999999999835e-03
9.005449999999999913e-03
8.825629999999999240e-03
8.490469999999999962e-03
9.240649999999999559e-03
9.569470000000000059e-03
9.258469999999999547e-03
8.456470000000000653e-03
8.578969999999999999e-03
8.442579999999999876e-03
8.869369999999999685e-03
8.758880000000000138e-03
8.902810000000000584e-03
8.906570000000000806e-03
8.717390000000000208e-03
8.731799999999999631e-03
9.134599999999999664e-03
9.266939999999999553e-03
8.781300000000000563e-03
8.902770000000000822e-03
9.317550000000000832e-03
1.001744000000000072e-02
9.627719999999999334e-03
8.760999999999999691e-03
8.871240000000000722e-03
8.706459999999999200e-03
8.689610000000000389e-03
9.122130000000000863e-03
9.667069999999999830e-03
9.402340000000000350e-03
9.558260000000000714e-03
9.669070000000000095e-03
1.044804000000000045e-02
1.055578000000000072e-02
9.343409999999999910e-03
8.925640000000000310e-03
9.050870000000000790e-03
1.133426000000000052e-02
1.378274999999999986e-02
1.714919999999999986e-02
1.983439000000000035e-02
1.907845999999999848e-02
2.118735000000000063e-02
2.143507000000000051e-02
1.763460000000000027e-02
1.761516999999999944e-02
1.251870000000000066e-02
9.967760000000000856e-03
8.949369999999999895e-03
8.769910000000000552e-03
8.734260000000000634e-03
8.801589999999999761e-03
8.955410000000000453e-03
9.528369999999999548e-03
9.312749999999999848e-03
7.741859999999999714e-03
