7.402650000000000202e-03
8.220359999999999473e-03
8.231429999999999650e-03
8.289929999999999174e-03
8.162970000000000295e-03
8.345470000000000665e-03
8.322929999999999218e-03
8.242430000000000243e-03
8.159879999999999564e-03
8.254269999999999316e-03
8.249960000000000626e-03
8.212229999999999183e-03
8.093059999999999143e-03
8.183940000000000659e-03
8.325519999999999449e-03
8.385029999999999914e-03
8.545449999999999574e-03
8.320070000000000590e-03
8.123119999999999299e-03
8.083180000000000573e-03
8.335510000000000835e-03
8.277230000000000004e-03
8.498669999999999836e-03
8.189119999999999386e-03
8.414490000000000164e-03
8.266559999999999186e-03
8.426680000000000628e-03
8.827740000000000586e-03
8.471889999999999282e-03
8.161339999999999567e-03
8.258470000000000394e-03
7.970990000000000714e-03
8.399200000000000763e-03
8.481110000000000038e-03
8.124740000000000087e-03
8.173150000000000553e-03
8.115000000000000685e-03
8.371659999999999519e-03
8.567460000000000700e-03
8.246929999999999539e-03
7.761679999999999968e-03
8.312570000000000028e-03
8.419720000000000329e-03
8.758999999999999425e-03
8.583489999999999176e-03
8.545459999999999515e-03
8.388599999999999529e-03
8.150120000000000281e-03
8.116820000000000285e-03
8.380320000000000130e-03
8.917220000000000008e-03
8.491749999999999299e-03
8.355919999999999320e-03
8.520430000000000711e-03
8.834540000000000101e-03
9.188089999999999452e-03
8.971480000000000427e-03
8.649350000000000094e-03
8.478070000000000744e-03
8.427570000000000547e-03
8.403350000000000403e-03
8.611350000000000254e-03
8.927769999999999803e-03
7.187820000000000147e-03
