6.970699999999999813e-03
9.014879999999999421e-03
9.503350000000000686e-03
9.992199999999999693e-03
9.179929999999999340e-03
8.776449999999999876e-03
8.553420000000000814e-03
8.439449999999999383e-03
8.539359999999999312e-03
1.021562999999999985e-02
1.103145999999999988e-02
8.637910000000000380e-03
9.664789999999999492e-03
1.114228999999999914e-02
1.246398999999999944e-02
1.209301999999999946e-02
1.014789999999999963e-02
9.267529999999999518e-03
8.853349999999999415e-03
9.086220000000000754e-03
9.733129999999999560e-03
9.886189999999999561e-03
1.174982999999999930e-02
1.127114000000000067e-02
1.182191999999999965e-02
1.351582999999999951e-02
1.523628999999999956e-02
1.478906999999999965e-02
1.048204999999999970e-02
9.900120000000000101e-03
1.591971000000000011e-02
2.012043000000000165e-02
2.524950000000000111e-02
4.066630000000000245e-02
3.591133999999999993e-02
3.724058000000000229e-02
3.440175000000000177e-02
2.348112999999999936e-02
1.587353000000000028e-02
1.138996999999999926e-02
8.582509999999999792e-03
8.731569999999999263e-03
9.633169999999999927e-03
9.958389999999999256e-03
1.127005000000000021e-02
1.360491999999999951e-02
1.592154000000000139e-02
1.617866000000000096e-02
1.242788000000000052e-02
1.127553000000000062e-02
9.691959999999999464e-03
9.441249999999999989e-03
8.817739999999999259e-03
9.578309999999999602e-03
1.068231000000000042e-02
1.040018000000000019e-02
1.054736000000000042e-02
1.140173000000000054e-02
1.237199999999999932e-02
1.056244999999999927e-02
8.673969999999999597e-03
9.549759999999999152e-03
8.368010000000000378e-03
7.847899999999999668e-03
