7.639759999999999780e-03
1.023855000000000078e-02
9.821869999999999906e-03
9.128259999999999152e-03
8.338770000000000557e-03
8.772330000000000058e-03
9.130610000000000809e-03
9.080849999999999686e-03
8.923620000000000163e-03
9.315050000000000066e-03
9.153569999999999762e-03
8.556819999999999704e-03
8.782109999999999222e-03
8.958479999999999568e-03
9.716050000000000381e-03
9.737179999999999794e-03
9.153760000000000369e-03
8.666069999999999676e-03
9.114099999999999979e-03
9.219160000000000549e-03
9.375510000000000094e-03
9.074230000000000837e-03
9.042619999999999478e-03
1.074607999999999987e-02
1.086188000000000084e-02
1.116424000000000062e-02
1.118604999999999947e-02
8.820349999999999371e-03
8.820859999999999812e-03
9.201290000000000857e-03
9.942110000000000530e-03
1.076243999999999985e-02
1.163589999999999937e-02
1.133974999999999914e-02
1.245101000000000020e-02
1.301962000000000085e-02
1.262351999999999919e-02
1.116319999999999986e-02
9.641149999999999373e-03
1.020194999999999956e-02
1.628635000000000152e-02
2.577671999999999949e-02
3.152289999999999953e-02
3.571248999999999951e-02
3.539197000000000176e-02
3.226152000000000186e-02
2.545319000000000054e-02
2.089424999999999963e-02
1.590404999999999944e-02
9.682220000000000062e-03
8.851160000000000277e-03
8.818909999999999250e-03
9.261699999999999447e-03
1.103540000000000076e-02
1.444746000000000051e-02
1.795640999999999904e-02
1.660471999999999990e-02
1.502075999999999932e-02
1.479317999999999952e-02
1.534397000000000018e-02
1.329619999999999934e-02
1.102039999999999964e-02
9.061359999999999207e-03
7.929810000000000678e-03
