7.876970000000000499e-03
1.007022999999999946e-02
8.666979999999999476e-03
1.012002000000000040e-02
1.255266000000000021e-02
1.593222000000000041e-02
2.222582999999999850e-02
2.700378000000000153e-02
3.056870000000000073e-02
3.379831999999999975e-02
3.433963999999999767e-02
2.752123999999999890e-02
2.384529999999999983e-02
1.897878000000000065e-02
1.230048000000000079e-02
1.033109999999999931e-02
9.652610000000000703e-03
8.741469999999999449e-03
8.773460000000000286e-03
9.822730000000000003e-03
1.124139000000000041e-02
1.245925999999999978e-02
1.295377999999999981e-02
1.237267000000000054e-02
1.276444000000000016e-02
1.171558999999999968e-02
1.002202999999999948e-02
9.262899999999999259e-03
9.415190000000000364e-03
9.225560000000000704e-03
8.845189999999999303e-03
8.982089999999999866e-03
9.036690000000000000e-03
9.065520000000000522e-03
9.250799999999999995e-03
8.759199999999999972e-03
8.953880000000000866e-03
9.534350000000000463e-03
9.092930000000000804e-03
8.524699999999999639e-03
8.558309999999999529e-03
8.753550000000000567e-03
9.539000000000000604e-03
9.481170000000000569e-03
8.765010000000000162e-03
8.556789999999999882e-03
8.665650000000000436e-03
8.762360000000000287e-03
9.172229999999999966e-03
9.715690000000000784e-03
9.565260000000000776e-03
8.903009999999999396e-03
8.673999999999999419e-03
9.051929999999999699e-03
9.478560000000000457e-03
9.895239999999999592e-03
9.588440000000000157e-03
8.468470000000000511e-03
8.505769999999999303e-03
8.456520000000000356e-03
8.832220000000000001e-03
8.882309999999999164e-03
1.046156999999999990e-02
7.611279999999999782e-03
