8.935109999999999580e-03
1.147414000000000073e-02
1.068177000000000015e-02
9.574080000000000437e-03
9.193079999999999308e-03
9.311450000000000629e-03
8.632779999999999621e-03
9.075299999999999687e-03
9.734800000000000050e-03
1.073232000000000005e-02
1.069814000000000008e-02
1.163597000000000069e-02
1.273737999999999954e-02
1.277352000000000001e-02
1.247809000000000071e-02
9.681610000000000216e-03
8.770939999999999639e-03
9.401349999999999291e-03
1.406785999999999974e-02
2.222843000000000041e-02
2.814264000000000002e-02
3.317636000000000196e-02
3.081847000000000059e-02
2.487444999999999934e-02
2.034143999999999883e-02
1.787031999999999857e-02
1.385184000000000068e-02
9.936260000000000578e-03
9.292339999999999628e-03
9.259609999999999716e-03
9.331650000000000361e-03
1.053432999999999974e-02
1.198546999999999980e-02
1.392991000000000021e-02
1.506948999999999962e-02
1.166895000000000085e-02
1.142608999999999986e-02
9.991039999999999643e-03
9.627149999999999250e-03
9.453120000000000620e-03
9.838549999999999726e-03
9.772609999999999283e-03
9.749439999999999842e-03
8.838860000000000466e-03
8.280320000000000735e-03
8.558800000000000088e-03
9.052489999999999842e-03
8.337050000000000363e-03
8.598919999999999481e-03
8.759050000000000863e-03
8.793419999999999709e-03
9.471409999999999552e-03
8.570410000000000528e-03
8.670580000000000648e-03
8.856930000000000705e-03
9.023319999999999605e-03
9.183570000000000275e-03
9.366990000000000385e-03
9.385309999999999139e-03
9.771830000000000446e-03
8.794790000000000246e-03
9.170750000000000082e-03
8.796609999999999846e-03
7.531959999999999870e-03
