8.299110000000000167e-03
9.331860000000000849e-03
9.192229999999999152e-03
9.582200000000000786e-03
8.505769999999999303e-03
8.471440000000000220e-03
8.671689999999999260e-03
9.058669999999999570e-03
9.047279999999999558e-03
9.009380000000000860e-03
9.111640000000000711e-03
8.706989999999999522e-03
1.040086999999999956e-02
1.138863000000000028e-02
1.248590999999999937e-02
1.109153000000000049e-02
8.819340000000000165e-03
8.693829999999999614e-03
9.445210000000000758e-03
9.895799999999999735e-03
9.777479999999999852e-03
9.429430000000000797e-03
1.234705999999999998e-02
1.301436000000000086e-02
1.304800000000000057e-02
1.335414000000000045e-02
1.209539999999999921e-02
1.063451999999999974e-02
1.182620000000000025e-02
1.657447999999999907e-02
2.457836999999999869e-02
3.125619999999999787e-02
3.918301999999999896e-02
4.327539999999999859e-02
3.469636000000000248e-02
3.225986000000000131e-02
2.658873000000000139e-02
1.597528999999999963e-02
1.105238000000000054e-02
8.785019999999999288e-03
9.125529999999999753e-03
1.033087000000000068e-02
1.158474999999999956e-02
1.229331000000000000e-02
1.411381999999999914e-02
1.497211000000000028e-02
1.507604000000000062e-02
1.540167999999999919e-02
1.133099000000000085e-02
9.240309999999999843e-03
8.574429999999999205e-03
8.967829999999999552e-03
9.238079999999999209e-03
9.659819999999999518e-03
1.052159000000000080e-02
1.059400999999999919e-02
1.045946000000000028e-02
1.089503999999999993e-02
1.097729000000000066e-02
1.004416999999999983e-02
8.829590000000000008e-03
8.942729999999999430e-03
8.780120000000000632e-03
7.855070000000000455e-03
