8.176610000000000822e-03
1.173743000000000009e-02
1.020540999999999983e-02
9.480860000000000676e-03
8.440770000000000217e-03
8.344539999999999250e-03
8.301760000000000042e-03
8.333240000000000439e-03
8.243600000000000233e-03
8.470119999999999386e-03
8.687250000000000527e-03
8.643770000000000273e-03
9.010580000000000672e-03
9.625299999999999828e-03
9.752540000000000514e-03
8.808899999999999716e-03
8.511080000000000728e-03
8.311320000000000513e-03
8.277130000000000598e-03
8.154770000000000421e-03
8.202789999999999734e-03
8.368499999999999203e-03
8.347010000000000193e-03
8.053919999999999135e-03
8.000429999999999348e-03
8.135649999999999479e-03
8.209789999999999796e-03
8.271900000000000433e-03
8.269840000000000524e-03
8.001160000000000216e-03
7.987819999999999643e-03
8.207189999999999624e-03
8.287630000000000691e-03
8.316060000000000119e-03
8.163890000000000036e-03
8.132050000000000042e-03
8.195400000000000254e-03
8.412589999999999305e-03
8.402540000000000009e-03
8.316959999999999978e-03
8.153459999999999527e-03
8.214010000000000755e-03
8.105450000000000155e-03
8.283159999999999482e-03
8.347099999999999659e-03
8.572500000000000259e-03
8.432989999999999584e-03
8.464229999999999671e-03
8.171990000000000504e-03
8.410189999999999680e-03
8.136620000000000658e-03
8.185980000000000686e-03
8.183670000000000527e-03
8.366699999999999485e-03
8.362609999999999488e-03
8.410410000000000108e-03
8.439040000000000083e-03
8.311990000000000003e-03
8.393190000000000026e-03
8.244700000000000639e-03
8.271600000000000480e-03
8.108090000000000089e-03
7.814210000000000253e-03
7.203150000000000178e-03
