7.685820000000000325e-03
8.161989999999999176e-03
8.371919999999999709e-03
8.334909999999999194e-03
8.475979999999999279e-03
8.429509999999999434e-03
8.309020000000000294e-03
8.428220000000000156e-03
8.240600000000000702e-03
8.385460000000000830e-03
8.400770000000000112e-03
8.281169999999999157e-03
8.019739999999999161e-03
8.342679999999999887e-03
8.449830000000000188e-03
8.415350000000000261e-03
8.615630000000000857e-03
8.388829999999999898e-03
8.279609999999999748e-03
8.362369999999999179e-03
8.316709999999999728e-03
8.386930000000000773e-03
8.313630000000000672e-03
8.161480000000000470e-03
8.450509999999999619e-03
8.655420000000000474e-03
8.714029999999999346e-03
8.742969999999999214e-03
8.473019999999999510e-03
8.278729999999999770e-03
8.365789999999999685e-03
8.430540000000000256e-03
8.702110000000000747e-03
8.594549999999999412e-03
8.462390000000000190e-03
8.218690000000000717e-03
8.258659999999999266e-03
8.397329999999999725e-03
8.506980000000000791e-03
8.392600000000000060e-03
8.192810000000000023e-03
8.368590000000000403e-03
8.648309999999999331e-03
8.936150000000000343e-03
8.667420000000000332e-03
8.655309999999999393e-03
8.615799999999999847e-03
8.894940000000000485e-03
8.545330000000000287e-03
8.915559999999999458e-03
9.167550000000000004e-03
8.827210000000000265e-03
8.858829999999999830e-03
9.027059999999999945e-03
9.003900000000000445e-03
9.260140000000000038e-03
8.653829999999999509e-03
8.426990000000000522e-03
8.285409999999999997e-03
8.399049999999999919e-03
9.097839999999999400e-03
9.552460000000000465e-03
9.306689999999999408e-03
7.239749999999999658e-03
