1.013303999999999941e-02
1.501708000000000036e-02
1.199234000000000064e-02
1.154519000000000031e-02
9.391180000000000708e-03
9.338529999999999401e-03
8.910549999999999721e-03
8.580259999999999276e-03
8.445829999999999657e-03
8.488539999999999280e-03
8.915380000000000527e-03
9.019549999999999443e-03
9.493420000000000677e-03
1.023350999999999948e-02
1.180992999999999973e-02
1.051826999999999970e-02
9.267080000000000456e-03
8.659210000000000518e-03
8.530849999999999544e-03
8.636949999999999142e-03
8.515689999999999371e-03
8.517300000000000218e-03
8.391990000000000213e-03
8.292400000000000118e-03
8.084829999999999448e-03
8.455340000000000425e-03
8.623119999999999744e-03
8.544700000000000559e-03
8.332229999999999498e-03
8.255190000000000791e-03
8.291770000000000390e-03
8.286079999999999487e-03
8.465500000000000802e-03
8.546649999999999386e-03
8.401360000000000078e-03
8.444369999999999654e-03
8.250510000000000829e-03
8.464460000000000039e-03
8.709500000000000228e-03
8.623350000000000112e-03
8.691680000000000239e-03
8.268400000000000402e-03
8.338309999999999819e-03
8.329430000000000514e-03
8.448249999999999163e-03
8.920749999999999860e-03
8.866499999999999382e-03
8.957470000000000362e-03
8.348559999999999662e-03
8.181509999999999477e-03
8.211339999999999265e-03
8.633180000000000714e-03
8.582680000000000517e-03
8.913259999999999239e-03
8.518950000000000827e-03
8.429680000000000159e-03
8.509769999999999834e-03
8.550600000000000214e-03
8.612780000000000435e-03
8.165840000000000598e-03
8.343569999999999806e-03
8.279510000000000342e-03
8.346479999999999871e-03
7.185900000000000273e-03
