8.764829999999999496e-03
1.645707999999999893e-02
2.136369999999999936e-02
2.512270999999999949e-02
2.737057000000000032e-02
2.793669999999999834e-02
2.697414000000000062e-02
2.143468999999999930e-02
1.734265999999999933e-02
1.546539000000000073e-02
1.358508999999999932e-02
1.048705999999999944e-02
9.572680000000000078e-03
8.694810000000000733e-03
9.226329999999999601e-03
9.510319999999999191e-03
1.046835999999999947e-02
1.193145999999999964e-02
1.141838000000000054e-02
1.093640000000000063e-02
1.111598999999999920e-02
1.067922999999999963e-02
9.656649999999999262e-03
8.602179999999999202e-03
8.527530000000000179e-03
8.561900000000000760e-03
8.556420000000000345e-03
8.869520000000000529e-03
9.060280000000000417e-03
8.934080000000000493e-03
8.396479999999999569e-03
8.453930000000000125e-03
8.493240000000000858e-03
8.460129999999999734e-03
8.424390000000000350e-03
8.398199999999999762e-03
8.310230000000000047e-03
8.405539999999999540e-03
9.240740000000000759e-03
9.166389999999999955e-03
8.515750000000000750e-03
8.885759999999999492e-03
8.486830000000000762e-03
8.932080000000000228e-03
9.343199999999999422e-03
9.188339999999999702e-03
8.746900000000000161e-03
8.576409999999999589e-03
8.410600000000000714e-03
8.260589999999999947e-03
8.546410000000000812e-03
8.624520000000000103e-03
8.504970000000000585e-03
8.721390000000000739e-03
8.781860000000000707e-03
8.855039999999999786e-03
8.943460000000000298e-03
9.075319999999999568e-03
8.846289999999999709e-03
8.613779999999999701e-03
8.437139999999999224e-03
8.678889999999999869e-03
8.373049999999999937e-03
7.534879999999999876e-03
