1.057410999999999941e-02
1.408223999999999934e-02
1.201632000000000047e-02
1.136368999999999921e-02
9.514220000000000316e-03
9.129659999999999512e-03
8.741020000000000387e-03
8.706830000000000472e-03
8.562850000000000322e-03
8.773029999999999370e-03
9.287399999999999475e-03
9.459499999999999159e-03
1.064411000000000003e-02
1.209311000000000066e-02
1.313974000000000045e-02
1.049115999999999937e-02
9.560670000000000279e-03
8.633049999999999752e-03
8.654659999999999784e-03
8.673860000000000250e-03
8.936849999999999655e-03
8.940149999999999139e-03
8.568900000000000822e-03
8.276199999999999182e-03
8.550220000000000736e-03
8.705640000000000600e-03
8.699399999999999494e-03
8.715969999999999968e-03
8.812089999999999854e-03
8.581369999999999623e-03
8.460920000000000246e-03
8.347890000000000171e-03
8.499110000000000692e-03
8.573459999999999762e-03
8.867009999999999822e-03
8.799619999999999317e-03
8.573729999999999893e-03
8.816479999999999803e-03
8.781539999999999138e-03
8.750439999999999954e-03
8.718129999999999283e-03
8.423119999999999219e-03
8.449919999999999654e-03
8.416760000000000561e-03
8.665199999999999639e-03
9.207129999999999134e-03
9.067020000000000288e-03
9.025480000000000655e-03
8.556849999999999526e-03
8.683720000000000674e-03
8.552540000000000836e-03
8.626659999999999537e-03
8.824880000000000224e-03
8.993670000000000483e-03
8.770329999999999793e-03
8.840860000000000732e-03
8.702110000000000747e-03
8.829429999999999223e-03
8.701900000000000260e-03
8.430599999999999900e-03
8.518509999999999971e-03
8.402269999999999878e-03
8.279679999999999332e-03
7.526230000000000073e-03
