7.275030000000000038e-03
8.167350000000000304e-03
8.435019999999999671e-03
8.329790000000000111e-03
8.344040000000000484e-03
8.314870000000000247e-03
8.342860000000000553e-03
8.256470000000000128e-03
8.259630000000000444e-03
8.308470000000000091e-03
8.534889999999999838e-03
8.185909999999999367e-03
8.256460000000000188e-03
8.396469999999999628e-03
8.720979999999999704e-03
8.626669999999999477e-03
8.622180000000000122e-03
8.410660000000000358e-03
8.178019999999999387e-03
8.368759999999999394e-03
8.491169999999999274e-03
8.451240000000000488e-03
8.115850000000000841e-03
8.194649999999999504e-03
8.235179999999999931e-03
8.552719999999999767e-03
8.667410000000000392e-03
8.583659999999999901e-03
8.637469999999999523e-03
8.297610000000000402e-03
8.269790000000000821e-03
8.029659999999999229e-03
8.590920000000000153e-03
8.414649999999999214e-03
8.282350000000000823e-03
8.483630000000000684e-03
8.479119999999999713e-03
8.274649999999999714e-03
8.343200000000000269e-03
8.247660000000000408e-03
8.333719999999999323e-03
8.541059999999999625e-03
8.661729999999999430e-03
8.786830000000000682e-03
8.498040000000000108e-03
8.559320000000000470e-03
8.879019999999999621e-03
9.183919999999999931e-03
8.453449999999999506e-03
8.837930000000000785e-03
9.098739999999999259e-03
8.783829999999999416e-03
8.690379999999999286e-03
9.018840000000000190e-03
9.005330000000000626e-03
8.800729999999999664e-03
8.547269999999999174e-03
8.524449999999999389e-03
8.758119999999999447e-03
9.248589999999999242e-03
1.061847999999999959e-02
1.204521000000000064e-02
1.163871999999999997e-02
7.098860000000000239e-03
