1.040928999999999986e-02
1.621302000000000160e-02
1.645001999999999923e-02
1.584547000000000039e-02
1.371576000000000045e-02
1.269027999999999996e-02
1.128339000000000078e-02
9.664860000000000811e-03
8.298349999999999477e-03
8.640119999999999398e-03
8.843770000000000797e-03
8.516529999999999587e-03
9.027709999999999554e-03
1.016084000000000084e-02
1.074859000000000057e-02
1.127430999999999919e-02
1.003965000000000066e-02
1.038397999999999925e-02
9.311780000000000404e-03
8.444480000000000736e-03
8.354709999999999567e-03
8.517739999999999340e-03
8.341229999999999825e-03
8.091499999999999734e-03
8.390669999999999379e-03
8.498949999999999907e-03
8.439500000000000821e-03
8.486989999999999812e-03
8.474829999999999169e-03
8.284879999999999675e-03
8.245610000000000439e-03
8.407609999999999389e-03
8.424310000000000825e-03
8.246190000000000464e-03
8.403280000000000818e-03
8.356459999999999583e-03
8.536590000000000150e-03
8.491300000000000237e-03
8.435389999999999208e-03
8.360960000000000614e-03
8.130870000000000111e-03
8.213490000000000374e-03
8.522770000000000692e-03
8.688160000000000327e-03
8.444719999999999310e-03
8.164370000000000654e-03
8.743380000000000249e-03
8.680620000000000003e-03
8.334869999999999432e-03
8.441900000000000445e-03
8.344090000000000187e-03
8.415870000000000642e-03
8.486399999999999846e-03
8.538199999999999262e-03
8.569580000000000253e-03
8.683889999999999665e-03
8.583330000000000126e-03
8.363300000000000595e-03
8.437689999999999427e-03
8.456780000000000547e-03
8.240489999999999621e-03
8.505729999999999541e-03
8.220329999999999651e-03
7.356429999999999740e-03
