7.803850000000000196e-03
1.096192000000000000e-02
9.509290000000000104e-03
8.738320000000000809e-03
8.704399999999999291e-03
9.251689999999999914e-03
9.144760000000000041e-03
9.091240000000000432e-03
9.666879999999999223e-03
1.060705999999999975e-02
1.128293999999999998e-02
1.139813999999999931e-02
1.148240000000000025e-02
1.104206999999999932e-02
1.079464999999999938e-02
8.868849999999999303e-03
9.260869999999999172e-03
1.020038000000000021e-02
1.558527000000000003e-02
2.196330999999999978e-02
2.819864000000000051e-02
2.966844999999999899e-02
2.690965000000000024e-02
2.038620999999999836e-02
1.580327999999999941e-02
1.263435000000000079e-02
9.857360000000000774e-03
9.477330000000000823e-03
9.151839999999999628e-03
9.294510000000000619e-03
9.199519999999999226e-03
1.062099000000000029e-02
1.208769999999999983e-02
1.343170999999999948e-02
1.348541999999999970e-02
1.055289000000000053e-02
1.000375000000000049e-02
9.461119999999999947e-03
9.097219999999999612e-03
8.649119999999999725e-03
9.407020000000000312e-03
9.118189999999999976e-03
9.662079999999999974e-03
8.912470000000000461e-03
8.441570000000000670e-03
8.524719999999999520e-03
8.320410000000000306e-03
8.410149999999999917e-03
8.440160000000000370e-03
8.514519999999999381e-03
8.686440000000000133e-03
9.041789999999999203e-03
8.720059999999999964e-03
8.748679999999999998e-03
9.200220000000000273e-03
9.109159999999999827e-03
8.969070000000000861e-03
8.821999999999999981e-03
8.479890000000000344e-03
8.930149999999999547e-03
8.745799999999999755e-03
9.224470000000000239e-03
8.957490000000000244e-03
7.495329999999999701e-03
