7.040539999999999646e-03
8.315309999999999369e-03
8.187689999999999205e-03
8.412430000000000255e-03
8.416899999999999729e-03
8.413810000000000733e-03
8.334259999999999585e-03
8.188279999999999170e-03
8.333020000000000010e-03
8.067829999999999793e-03
8.463870000000000074e-03
8.163319999999999951e-03
8.290250000000000744e-03
8.509340000000000653e-03
8.577619999999999342e-03
8.463729999999999171e-03
8.588560000000000291e-03
8.374110000000000581e-03
8.255870000000000222e-03
8.658739999999999840e-03
8.561720000000000094e-03
8.424120000000000219e-03
8.326200000000000614e-03
8.229290000000000216e-03
8.355770000000000211e-03
8.801520000000000177e-03
8.649590000000000403e-03
8.512399999999999828e-03
8.205669999999999978e-03
8.358459999999999848e-03
8.314999999999999475e-03
8.635540000000000577e-03
8.881770000000000637e-03
8.428450000000000525e-03
8.234220000000000428e-03
8.535529999999999506e-03
8.355990000000000639e-03
8.593959999999999447e-03
8.405779999999999849e-03
8.404299999999999965e-03
8.507499999999999438e-03
8.567210000000000450e-03
8.436509999999999496e-03
8.557260000000000560e-03
8.736650000000000318e-03
8.401169999999999471e-03
8.820299999999999668e-03
8.853659999999999308e-03
8.421510000000000107e-03
8.862840000000000301e-03
9.444460000000000008e-03
9.009110000000000729e-03
9.001779999999999157e-03
9.185499999999999221e-03
8.807850000000000748e-03
8.880400000000000099e-03
8.578570000000000639e-03
8.921969999999999554e-03
9.325869999999999993e-03
9.700939999999999910e-03
1.164995999999999914e-02
1.464336999999999930e-02
1.516795999999999943e-02
7.472740000000000285e-03
