7.567670000000000299e-03
8.387749999999999373e-03
8.324430000000000718e-03
8.262769999999999143e-03
8.520299999999999749e-03
8.403209999999999499e-03
8.470550000000000301e-03
8.506710000000000660e-03
8.296279999999999627e-03
8.383800000000000280e-03
8.418649999999999745e-03
8.415900000000000464e-03
8.660450000000000093e-03
8.628260000000000443e-03
8.645140000000000810e-03
8.538769999999999347e-03
8.490930000000000699e-03
8.425959999999999700e-03
8.536399999999999544e-03
8.745680000000000467e-03
8.917120000000000601e-03
8.536169999999999175e-03
8.442089999999999317e-03
8.322210000000000024e-03
8.749979999999999217e-03
9.045370000000000493e-03
8.797360000000000596e-03
8.572859999999999855e-03
8.662909999999999361e-03
8.568809999999999621e-03
8.301040000000000849e-03
8.431980000000000378e-03
8.560649999999999510e-03
8.285199999999999509e-03
8.652129999999999196e-03
8.774739999999999623e-03
8.462100000000000177e-03
8.550010000000000249e-03
8.711309999999999887e-03
8.610239999999999908e-03
8.961190000000000822e-03
8.709009999999999668e-03
8.568390000000000381e-03
8.523259999999999517e-03
8.477069999999999744e-03
8.848359999999999559e-03
9.287260000000000307e-03
9.527529999999999333e-03
8.846700000000000744e-03
9.486230000000000009e-03
9.606500000000000455e-03
9.654980000000000506e-03
9.728819999999999135e-03
9.384039999999999743e-03
8.765520000000000603e-03
8.675330000000000194e-03
8.974889999999999257e-03
9.608049999999999924e-03
1.063670000000000067e-02
1.214921000000000056e-02
1.320640000000000008e-02
1.637736999999999873e-02
1.609133000000000091e-02
7.407829999999999797e-03
