7.430289999999999985e-03
9.880389999999999312e-03
1.179611000000000028e-02
1.131736000000000027e-02
1.225305999999999965e-02
1.284168999999999936e-02
1.045049999999999972e-02
8.784149999999999250e-03
8.758929999999999841e-03
9.637800000000000186e-03
1.230159999999999934e-02
1.735917999999999836e-02
2.112622000000000111e-02
2.509762000000000104e-02
2.598943999999999907e-02
2.714530999999999888e-02
2.683398999999999854e-02
1.909367000000000009e-02
1.347354000000000086e-02
1.001231999999999990e-02
9.016559999999999853e-03
8.727830000000000657e-03
8.659609999999999877e-03
9.026539999999999564e-03
1.000109000000000067e-02
1.061951000000000041e-02
1.171270999999999944e-02
1.254477000000000023e-02
1.153148000000000020e-02
1.043853999999999962e-02
1.015068000000000047e-02
8.981219999999999828e-03
9.463340000000000640e-03
9.762619999999999632e-03
9.136290000000000036e-03
9.734770000000000229e-03
9.752059999999999895e-03
8.409720000000000736e-03
8.940870000000000067e-03
8.465739999999999377e-03
8.579800000000000273e-03
8.376609999999999612e-03
8.436940000000000411e-03
8.710000000000000728e-03
8.353519999999999696e-03
8.355859999999999677e-03
8.771100000000000424e-03
9.137620000000000811e-03
9.243360000000000812e-03
8.858990000000000614e-03
8.678480000000000569e-03
8.359260000000000301e-03
8.443239999999999426e-03
8.958809999999999343e-03
9.156140000000000112e-03
8.759889999999999344e-03
9.006329999999999891e-03
8.359969999999999554e-03
8.294489999999999849e-03
8.674879999999999397e-03
9.221079999999999555e-03
8.756689999999999266e-03
8.930449999999999500e-03
7.488889999999999783e-03
