8.824270000000000377e-03
1.333950000000000066e-02
1.152562000000000031e-02
1.048193000000000041e-02
9.316140000000000532e-03
8.849809999999999621e-03
8.900609999999999772e-03
8.966550000000000215e-03
8.457400000000000334e-03
8.732389999999999597e-03
9.106609999999999358e-03
9.524839999999999696e-03
9.827519999999999312e-03
1.190239000000000054e-02
1.272336999999999947e-02
1.095619999999999927e-02
9.946989999999999305e-03
8.821749999999999731e-03
8.837899999999999229e-03
8.657309999999999658e-03
8.972259999999999264e-03
8.960680000000000381e-03
8.565829999999999972e-03
8.535759999999999875e-03
8.464209999999999789e-03
8.521630000000000524e-03
8.615660000000000679e-03
8.885969999999999980e-03
8.519840000000000746e-03
8.715979999999999908e-03
8.430999999999999259e-03
8.285690000000000069e-03
8.420659999999999951e-03
8.726529999999999704e-03
8.523259999999999517e-03
8.493419999999999789e-03
8.472699999999999676e-03
8.445340000000000832e-03
8.666979999999999476e-03
8.762690000000000062e-03
8.735400000000000803e-03
8.406230000000000646e-03
8.377020000000000646e-03
8.480839999999999906e-03
8.548280000000000114e-03
9.124379999999999644e-03
8.825200000000000058e-03
8.802870000000000833e-03
8.365849999999999329e-03
8.594940000000000566e-03
8.599050000000000443e-03
8.604159999999999586e-03
8.477190000000000766e-03
8.529139999999999291e-03
8.717739999999999864e-03
8.569840000000000443e-03
8.610770000000000229e-03
8.815589999999999885e-03
8.665749999999999842e-03
8.496019999999999961e-03
8.314320000000000044e-03
8.658970000000000208e-03
8.341229999999999825e-03
7.429739999999999782e-03
