7.369389999999999968e-03
8.584790000000000129e-03
1.098376000000000040e-02
1.495229999999999997e-02
2.033106999999999970e-02
2.227702999999999975e-02
2.795718999999999982e-02
2.882811000000000054e-02
2.798640999999999976e-02
2.717929999999999999e-02
2.339576999999999976e-02
1.796864999999999921e-02
1.534522999999999963e-02
1.117679000000000068e-02
9.428360000000000213e-03
8.643339999999999357e-03
8.702140000000000569e-03
8.997039999999999552e-03
9.611740000000000561e-03
9.826339999999999381e-03
1.166327999999999983e-02
1.298435000000000041e-02
1.140761000000000032e-02
9.779120000000000520e-03
9.512649999999999231e-03
9.389800000000000230e-03
9.434039999999999440e-03
9.233949999999999450e-03
9.326529999999999543e-03
9.024179999999999702e-03
8.210439999999999405e-03
8.548429999999999224e-03
8.664309999999999720e-03
8.418369999999999673e-03
8.371260000000000159e-03
8.551780000000000145e-03
8.641690000000000482e-03
9.050110000000000099e-03
8.839579999999999660e-03
8.370270000000000835e-03
8.549350000000000699e-03
8.773080000000000808e-03
9.144829999999999626e-03
8.638379999999999323e-03
8.443869999999999154e-03
8.748050000000000270e-03
9.050030000000000574e-03
9.020500000000000740e-03
8.673919999999999894e-03
8.849459999999999965e-03
8.549249999999999558e-03
8.605170000000000527e-03
8.839539999999999897e-03
9.252790000000000320e-03
9.466030000000000277e-03
9.037689999999999266e-03
8.795539999999999262e-03
8.552819999999999173e-03
8.687719999999999471e-03
8.638409999999999145e-03
8.793250000000000718e-03
8.371309999999999862e-03
8.683039999999999509e-03
7.434810000000000030e-03
