7.494220000000000222e-03
8.436439999999999911e-03
8.239599999999999702e-03
8.493399999999999908e-03
8.485219999999999915e-03
8.402959999999999249e-03
8.136960000000000373e-03
8.180299999999999724e-03
8.376069999999999349e-03
8.973079999999999598e-03
8.904040000000000218e-03
8.999019999999999936e-03
8.756850000000000050e-03
8.424479999999999816e-03
8.639479999999999729e-03
9.019640000000000643e-03
9.010580000000000672e-03
8.623109999999999803e-03
8.501190000000000482e-03
8.438670000000000546e-03
8.898009999999999600e-03
1.015018999999999991e-02
1.019932999999999951e-02
8.772500000000000783e-03
8.512630000000000197e-03
8.455600000000000616e-03
8.931460000000000440e-03
8.918389999999999998e-03
9.321650000000000769e-03
8.664079999999999351e-03
8.350500000000000284e-03
8.632980000000000168e-03
8.871860000000000510e-03
8.994030000000000080e-03
8.361379999999999854e-03
8.675779999999999256e-03
9.046959999999999724e-03
9.951460000000000514e-03
9.708800000000000069e-03
8.975069999999999923e-03
8.523539999999999589e-03
8.150279999999999331e-03
8.553639999999999508e-03
8.961300000000000168e-03
9.429180000000000547e-03
9.785109999999999641e-03
9.597160000000000413e-03
1.072247999999999951e-02
9.534479999999999691e-03
1.071483999999999978e-02
1.025120000000000024e-02
9.704829999999999360e-03
8.698650000000000479e-03
9.137809999999999683e-03
1.065036999999999928e-02
1.242923999999999939e-02
1.512665000000000017e-02
1.754266999999999979e-02
1.898017999999999927e-02
2.013795999999999989e-02
2.040814999999999990e-02
2.154922000000000087e-02
1.646225000000000119e-02
7.577020000000000283e-03
