7.763270000000000066e-03
9.183639999999999859e-03
9.724369999999999542e-03
9.182010000000000866e-03
9.303050000000000208e-03
1.075786999999999924e-02
1.129146999999999963e-02
1.186694999999999937e-02
1.172033999999999923e-02
1.029573999999999941e-02
9.908649999999999750e-03
8.853059999999999402e-03
8.564940000000000053e-03
9.360749999999999280e-03
1.110395999999999953e-02
1.138691000000000009e-02
1.113540000000000016e-02
9.932639999999999525e-03
1.140461000000000079e-02
1.413272999999999960e-02
1.496081999999999967e-02
1.052213999999999927e-02
9.228629999999999819e-03
1.045547999999999964e-02
1.437487999999999960e-02
2.541747000000000103e-02
3.250577999999999801e-02
3.813873999999999737e-02
4.185894999999999894e-02
3.239593000000000333e-02
2.586758000000000113e-02
1.989905999999999966e-02
1.706664999999999918e-02
1.044519999999999997e-02
9.165160000000000320e-03
9.210060000000000816e-03
9.561270000000000185e-03
1.141080000000000046e-02
1.315346000000000050e-02
1.303581000000000011e-02
1.437325000000000061e-02
1.355039000000000070e-02
1.257300000000000084e-02
1.004843000000000056e-02
8.936629999999999227e-03
8.621880000000000169e-03
9.019469999999999918e-03
9.493309999999999596e-03
8.786169999999999397e-03
9.601039999999999922e-03
9.825789999999999177e-03
9.198629999999999307e-03
9.258570000000000688e-03
9.485870000000000413e-03
8.904689999999999828e-03
8.665950000000000389e-03
8.270559999999999717e-03
8.606580000000000827e-03
8.725580000000000142e-03
8.469940000000000455e-03
8.787059999999999316e-03
9.008949999999999944e-03
9.274459999999999996e-03
7.545439999999999613e-03
