7.965109999999999205e-03
9.725350000000000661e-03
9.591380000000000045e-03
1.154077000000000054e-02
1.234442000000000005e-02
1.081050000000000066e-02
9.893350000000000408e-03
8.992730000000000862e-03
8.896229999999999763e-03
8.837849999999999526e-03
8.765030000000000043e-03
8.879959999999999243e-03
9.338380000000000292e-03
9.911400000000000765e-03
1.250683999999999997e-02
1.272725000000000072e-02
1.213580000000000041e-02
1.208244999999999979e-02
1.086676999999999955e-02
9.411900000000000821e-03
9.554510000000000433e-03
1.214200999999999996e-02
1.920532999999999962e-02
2.312327999999999953e-02
2.781988999999999990e-02
3.404237000000000235e-02
3.244856000000000129e-02
2.621151000000000036e-02
2.175318000000000043e-02
1.376624000000000077e-02
1.079043000000000016e-02
8.703499999999999431e-03
9.108599999999999683e-03
9.446319999999999370e-03
9.968519999999999812e-03
1.171192000000000066e-02
1.131831999999999977e-02
1.611239000000000074e-02
1.627071000000000073e-02
1.137862000000000075e-02
9.813709999999999795e-03
9.058109999999999426e-03
8.724729999999999985e-03
9.191939999999999139e-03
9.589139999999999470e-03
9.593910000000000632e-03
8.650849999999999859e-03
9.394609999999999420e-03
9.194759999999999739e-03
9.131320000000000062e-03
8.789280000000000009e-03
8.703209999999999419e-03
8.559080000000000160e-03
9.048010000000000427e-03
9.499550000000000702e-03
9.031330000000000607e-03
8.785879999999999385e-03
8.915799999999999767e-03
9.847679999999999281e-03
9.471099999999999658e-03
9.500160000000000549e-03
9.401510000000000075e-03
9.108589999999999742e-03
7.641099999999999628e-03
