7.473600000000000382e-03
8.433849999999999680e-03
8.335060000000000038e-03
8.388180000000000289e-03
8.223579999999999432e-03
8.379450000000000093e-03
8.271250000000000824e-03
8.366039999999999935e-03
8.584589999999999582e-03
8.731879999999999156e-03
8.613670000000000354e-03
8.515180000000000665e-03
8.481700000000000003e-03
8.315940000000000831e-03
8.534119999999999207e-03
8.967219999999999705e-03
8.807370000000000129e-03
8.342149999999999566e-03
8.280819999999999501e-03
8.329980000000000717e-03
8.819089999999999915e-03
9.410810000000000355e-03
9.392019999999999189e-03
8.451600000000000085e-03
8.442309999999999745e-03
8.353829999999999589e-03
8.920439999999999967e-03
8.713590000000000224e-03
8.794049999999999437e-03
8.483340000000000672e-03
8.261720000000000175e-03
8.393859999999999516e-03
8.879510000000000181e-03
8.905849999999999878e-03
8.539559999999999859e-03
8.520730000000000665e-03
8.732659999999999728e-03
9.654209999999999875e-03
9.128610000000000543e-03
8.555649999999999714e-03
8.244110000000000674e-03
8.352450000000000846e-03
8.817719999999999378e-03
9.403069999999999484e-03
9.345380000000000353e-03
9.204109999999999722e-03
9.815040000000000570e-03
9.893910000000000551e-03
9.757409999999999348e-03
9.601550000000000362e-03
8.970699999999999855e-03
8.911789999999999295e-03
8.656109999999999846e-03
1.037019999999999956e-02
1.383111000000000063e-02
1.493446000000000010e-02
1.796872999999999873e-02
2.039140000000000050e-02
2.077361000000000138e-02
2.010670000000000165e-02
1.808376000000000081e-02
1.724146000000000012e-02
1.294398000000000076e-02
7.435680000000000067e-03
