9.650989999999999916e-03
1.907802999999999929e-02
1.634839000000000084e-02
1.467298000000000040e-02
1.240226999999999996e-02
1.140570999999999946e-02
1.026999999999999962e-02
9.136589999999999989e-03
8.253899999999999779e-03
8.657470000000000443e-03
8.707190000000000069e-03
8.812510000000000829e-03
9.410039999999999724e-03
1.120610000000000009e-02
1.227962999999999971e-02
1.126577999999999954e-02
1.085276999999999943e-02
9.870820000000000635e-03
9.395979999999999957e-03
8.766569999999999571e-03
8.780029999999999432e-03
8.582690000000000458e-03
8.544090000000000712e-03
8.314639999999999878e-03
8.378510000000000471e-03
8.840409999999999935e-03
8.637469999999999523e-03
8.561590000000000866e-03
8.593550000000000147e-03
8.449989999999999238e-03
8.470149999999999207e-03
8.642119999999999663e-03
8.386319999999999192e-03
8.481799999999999409e-03
8.579929999999999501e-03
8.718989999999999380e-03
8.519499999999999296e-03
8.608829999999999608e-03
8.576469999999999233e-03
8.275529999999999692e-03
8.359079999999999636e-03
8.477550000000000363e-03
8.851170000000000218e-03
8.700470000000000079e-03
8.601130000000000234e-03
8.665759999999999783e-03
8.829240000000000352e-03
8.871220000000000841e-03
8.616260000000000585e-03
8.489069999999999602e-03
8.406129999999999505e-03
8.339459999999999928e-03
8.610879999999999576e-03
8.640280000000000182e-03
8.719930000000000736e-03
8.510099999999999609e-03
8.609169999999999323e-03
8.479159999999999475e-03
8.407839999999999758e-03
8.409710000000000796e-03
8.551899999999999433e-03
8.428379999999999206e-03
8.429239999999999303e-03
7.421439999999999634e-03
