7.234250000000000229e-03
8.344960000000000225e-03
8.112730000000000288e-03
8.191290000000000376e-03
8.267679999999999474e-03
8.440420000000000561e-03
8.072340000000000765e-03
8.099920000000000037e-03
8.234879999999999978e-03
8.386599999999999264e-03
8.409480000000000427e-03
8.553710000000000827e-03
8.523910000000000861e-03
8.245050000000000295e-03
8.483169999999999947e-03
8.433480000000000143e-03
8.503739999999999216e-03
8.153830000000000799e-03
8.602059999999999915e-03
8.506420000000000647e-03
8.691910000000000608e-03
8.943500000000000061e-03
9.109050000000000480e-03
8.632489999999999608e-03
8.531520000000000770e-03
8.805880000000000304e-03
8.551420000000000549e-03
8.616320000000000229e-03
8.849450000000000024e-03
8.734179999999999375e-03
8.171370000000000716e-03
8.277869999999999673e-03
8.775969999999999258e-03
8.368169999999999428e-03
8.451030000000000000e-03
8.473369999999999166e-03
8.797499999999999765e-03
9.181069999999999509e-03
9.507659999999999376e-03
8.726960000000000620e-03
8.553450000000000636e-03
8.272279999999999911e-03
8.460709999999999759e-03
8.784949999999999704e-03
9.036370000000000166e-03
9.407350000000000087e-03
9.187249999999999236e-03
9.412800000000000680e-03
9.042210000000000178e-03
9.668019999999999392e-03
9.765839999999999591e-03
9.711199999999999694e-03
8.922120000000000398e-03
8.814960000000000157e-03
9.097320000000000753e-03
9.809649999999999620e-03
1.102393999999999943e-02
1.339916000000000024e-02
1.535664999999999947e-02
1.560172999999999942e-02
1.734631000000000020e-02
1.802167000000000005e-02
1.480004000000000042e-02
7.599879999999999830e-03
