7.242969999999999617e-03
1.168677000000000084e-02
1.048249000000000056e-02
9.598209999999999381e-03
8.977320000000000438e-03
9.194290000000000795e-03
8.839170000000000360e-03
9.031489999999999657e-03
9.647319999999999160e-03
1.060178999999999983e-02
1.055293000000000030e-02
1.168326000000000087e-02
1.229738000000000012e-02
1.190656000000000006e-02
1.117513000000000013e-02
9.088900000000000451e-03
8.610110000000000680e-03
9.627379999999999619e-03
1.219375999999999967e-02
1.923185000000000172e-02
2.573651000000000064e-02
3.211260999999999977e-02
3.075297000000000100e-02
2.418446000000000137e-02
1.961041000000000173e-02
1.714730000000000074e-02
1.230085000000000033e-02
9.764399999999999469e-03
9.138659999999999839e-03
9.376900000000000512e-03
9.432199999999999959e-03
1.110755000000000076e-02
1.195057000000000064e-02
1.328123999999999971e-02
1.377872999999999945e-02
1.099841000000000013e-02
1.069525999999999984e-02
9.873059999999999475e-03
9.381419999999999690e-03
9.148009999999999822e-03
9.735320000000000432e-03
9.770650000000000515e-03
9.613210000000000505e-03
8.801720000000000724e-03
8.394330000000000194e-03
8.517399999999999624e-03
8.679700000000000262e-03
8.657579999999999790e-03
8.572609999999999605e-03
8.992979999999999377e-03
8.803909999999999861e-03
9.267199999999999743e-03
8.713959999999999761e-03
8.825289999999999524e-03
9.070329999999999712e-03
9.008640000000000050e-03
9.178669999999999884e-03
9.080400000000000624e-03
9.158480000000000093e-03
9.383779999999999552e-03
8.673459999999999157e-03
9.016410000000000743e-03
9.368549999999999794e-03
7.669279999999999674e-03
