7.892319999999999544e-03
8.895729999999999263e-03
8.352069999999999633e-03
8.454869999999999747e-03
8.731150000000000022e-03
8.984449999999999728e-03
9.277060000000000167e-03
9.407860000000000528e-03
9.021899999999999364e-03
8.560599999999999807e-03
9.001340000000000036e-03
8.550030000000000130e-03
9.012430000000000094e-03
9.192590000000000483e-03
9.549649999999999805e-03
8.597580000000000500e-03
9.606790000000000468e-03
1.160321999999999916e-02
1.068401000000000073e-02
1.038694000000000076e-02
9.662679999999999880e-03
8.770570000000000102e-03
9.565159999999999635e-03
1.029708000000000012e-02
1.029015999999999958e-02
1.088695999999999935e-02
1.178609000000000080e-02
1.444363000000000070e-02
1.403137999999999955e-02
1.376064999999999927e-02
1.145824999999999969e-02
9.111720000000000236e-03
1.105581999999999919e-02
1.661032000000000133e-02
2.255889000000000158e-02
3.325016000000000083e-02
3.964312999999999865e-02
4.331549999999999984e-02
4.545786999999999745e-02
3.105907999999999933e-02
1.964621000000000076e-02
1.365295000000000050e-02
1.129522999999999985e-02
1.097481999999999971e-02
8.998030000000000611e-03
9.169109999999999414e-03
9.999600000000000849e-03
1.215520999999999963e-02
1.155183000000000078e-02
1.565911999999999860e-02
1.657818999999999959e-02
1.690975000000000117e-02
1.326040000000000031e-02
1.157160999999999954e-02
1.011179000000000071e-02
1.006726999999999969e-02
9.851630000000000109e-03
1.091733999999999934e-02
9.396049999999999541e-03
9.522650000000000559e-03
1.067621000000000021e-02
1.150061999999999959e-02
1.141708999999999953e-02
7.883899999999999242e-03
