8.398730000000000084e-03
1.172312000000000007e-02
1.272611000000000055e-02
1.359962999999999970e-02
1.267107999999999950e-02
1.000087000000000025e-02
8.742510000000000212e-03
8.355380000000000792e-03
8.709559999999999871e-03
1.054619000000000043e-02
9.469939999999999608e-03
9.624610000000000457e-03
1.059697000000000069e-02
1.335644000000000067e-02
1.537817999999999997e-02
1.394463999999999947e-02
1.373746999999999989e-02
1.182162999999999964e-02
8.799859999999999627e-03
9.580240000000000283e-03
1.079337999999999999e-02
2.456320000000000031e-02
3.038713999999999998e-02
3.123437999999999909e-02
3.357894000000000156e-02
3.521615000000000162e-02
2.975517999999999913e-02
2.037641999999999926e-02
1.559945000000000082e-02
9.708919999999999356e-03
9.189400000000000346e-03
9.003689999999999957e-03
9.225419999999999801e-03
1.111353999999999988e-02
1.362764999999999983e-02
1.425579000000000082e-02
1.458674000000000082e-02
1.723631999999999942e-02
1.537741999999999928e-02
1.137331999999999926e-02
9.446319999999999370e-03
9.444070000000000589e-03
9.090199999999999669e-03
9.024400000000000130e-03
9.817609999999999185e-03
1.041319999999999919e-02
9.209540000000000434e-03
9.243259999999999671e-03
9.148029999999999703e-03
9.024090000000000236e-03
9.529859999999999373e-03
9.388670000000000002e-03
8.758999999999999425e-03
8.839649999999999244e-03
9.028239999999999876e-03
9.044869999999999993e-03
8.997379999999999267e-03
9.625530000000000197e-03
1.193792999999999938e-02
1.160163999999999987e-02
9.910300000000000359e-03
8.768210000000000240e-03
8.735859999999999806e-03
7.879099999999999993e-03
