7.350770000000000394e-03
8.466929999999999248e-03
8.219260000000000801e-03
8.590779999999999250e-03
8.320130000000000234e-03
8.557260000000000560e-03
8.205820000000000822e-03
8.223529999999999729e-03
8.122370000000000284e-03
8.364069999999999491e-03
8.745789999999999814e-03
8.608199999999999880e-03
8.589080000000000673e-03
8.319830000000000281e-03
8.299100000000000227e-03
8.606269999999999198e-03
8.423019999999999813e-03
8.283320000000000266e-03
8.244460000000000330e-03
8.421710000000000654e-03
8.575479999999999908e-03
9.154779999999999515e-03
9.304200000000000317e-03
8.460050000000000209e-03
8.181469999999999715e-03
8.568559999999999371e-03
8.637030000000000401e-03
8.678409999999999250e-03
8.995140000000000427e-03
8.488590000000000718e-03
8.170399999999999538e-03
8.271930000000000255e-03
8.520969999999999239e-03
8.399900000000000075e-03
8.361930000000000057e-03
8.477149999999999269e-03
8.530710000000000376e-03
9.258799999999999322e-03
9.227839999999999307e-03
8.766019999999999368e-03
8.329400000000000692e-03
8.449679999999999344e-03
8.561630000000000629e-03
8.749260000000000023e-03
9.060129999999999573e-03
9.263439999999999522e-03
9.492769999999999334e-03
9.416169999999999748e-03
9.229509999999999798e-03
1.027139000000000003e-02
1.001276000000000076e-02
1.011543999999999985e-02
8.814249999999999169e-03
9.068049999999999375e-03
9.081709999999999783e-03
1.024092000000000058e-02
1.231790999999999962e-02
1.413662000000000078e-02
1.590205999999999911e-02
1.725799999999999904e-02
1.742722000000000021e-02
1.945786000000000043e-02
1.499392000000000086e-02
7.538239999999999871e-03
