7.143860000000000141e-03
8.271970000000000017e-03
8.174680000000000141e-03
8.224920000000000148e-03
8.404109999999999359e-03
8.098229999999999665e-03
8.111339999999999870e-03
8.162600000000000758e-03
8.102619999999999614e-03
8.197110000000000507e-03
8.280539999999999429e-03
8.363989999999999966e-03
8.207680000000000184e-03
8.485940000000000843e-03
8.494109999999999161e-03
8.281129999999999394e-03
8.159220000000000014e-03
8.238380000000000009e-03
8.403600000000000653e-03
8.574429999999999205e-03
8.612190000000000470e-03
8.360869999999999413e-03
8.343629999999999450e-03
8.251490000000000213e-03
8.626949999999999549e-03
9.196229999999999682e-03
8.511380000000000681e-03
8.220800000000000329e-03
8.289859999999999590e-03
8.291430000000000675e-03
8.043889999999999721e-03
8.212979999999999933e-03
8.445829999999999657e-03
8.370100000000000109e-03
8.189699999999999411e-03
8.476279999999999232e-03
8.235599999999999171e-03
8.300679999999999517e-03
8.567949999999999525e-03
8.558770000000000266e-03
8.494989999999999139e-03
8.479989999999999750e-03
8.299809999999999480e-03
8.131110000000000421e-03
8.481169999999999681e-03
8.574889999999999943e-03
9.532000000000000542e-03
9.273409999999999292e-03
8.830640000000000711e-03
9.018240000000000284e-03
9.224529999999999882e-03
9.406209999999999918e-03
9.007050000000000820e-03
8.898319999999999494e-03
8.472020000000000245e-03
8.647490000000000732e-03
9.076670000000000224e-03
1.001536999999999913e-02
1.143216000000000024e-02
1.224351000000000085e-02
1.371726000000000022e-02
1.594452000000000022e-02
1.606751000000000013e-02
7.266950000000000319e-03
