7.063390000000000120e-03
8.466859999999999664e-03
9.103570000000000065e-03
1.185605999999999986e-02
1.598884000000000069e-02
1.992779000000000078e-02
2.252501000000000156e-02
2.316350999999999827e-02
2.393707000000000126e-02
2.305037000000000058e-02
2.334779000000000021e-02
1.670868000000000006e-02
1.414047000000000047e-02
1.117339000000000006e-02
9.117919999999999844e-03
8.709259999999999918e-03
8.621770000000000822e-03
8.583119999999999639e-03
9.035369999999999166e-03
9.690980000000000080e-03
1.050540999999999975e-02
1.155713000000000053e-02
1.078156000000000080e-02
9.584250000000000755e-03
9.506699999999999873e-03
9.025689999999999408e-03
9.298940000000000330e-03
8.973180000000000739e-03
9.161199999999999552e-03
9.204010000000000316e-03
8.696950000000000167e-03
8.758510000000000600e-03
8.643380000000000854e-03
8.633250000000000299e-03
8.464809999999999696e-03
8.380949999999999858e-03
8.784290000000000154e-03
9.058530000000000401e-03
8.767360000000000084e-03
8.322740000000000346e-03
8.210310000000000177e-03
8.658630000000000493e-03
9.216840000000000449e-03
8.996689999999999895e-03
8.563819999999999766e-03
8.654600000000000140e-03
8.675220000000000847e-03
8.742750000000000521e-03
8.784719999999999335e-03
9.176210000000000616e-03
8.495900000000000674e-03
8.510439999999999325e-03
8.558339999999999351e-03
8.881049999999999708e-03
9.252859999999999904e-03
9.050360000000000349e-03
8.891279999999999670e-03
8.583230000000000720e-03
8.533550000000000857e-03
8.263500000000000012e-03
8.916020000000000195e-03
8.500680000000000042e-03
8.752209999999999851e-03
7.516789999999999757e-03
