8.788300000000000625e-03
1.207711000000000028e-02
1.189831000000000048e-02
1.046939000000000029e-02
9.490300000000000125e-03
9.644180000000000461e-03
8.727060000000000026e-03
1.144840999999999914e-02
1.503269999999999953e-02
2.111955999999999903e-02
2.385272999999999907e-02
2.675641000000000130e-02
2.859739000000000031e-02
2.692724999999999980e-02
2.028978999999999852e-02
1.728245000000000128e-02
1.469176999999999983e-02
1.076671000000000052e-02
9.265539999999999193e-03
8.321399999999999630e-03
8.851839999999999709e-03
8.988559999999999606e-03
9.632389999999999355e-03
1.143336000000000005e-02
1.311057000000000021e-02
1.364808999999999987e-02
1.208072999999999959e-02
1.014344000000000010e-02
9.235739999999999228e-03
8.451649999999999788e-03
8.814080000000000178e-03
9.162540000000000268e-03
9.130960000000000465e-03
1.003945000000000011e-02
9.583519999999999886e-03
9.600749999999999909e-03
9.347009999999999347e-03
9.088940000000000213e-03
9.082830000000000070e-03
9.079910000000000064e-03
8.364579999999999932e-03
8.743219999999999464e-03
8.567119999999999250e-03
8.800699999999999842e-03
8.650180000000000369e-03
9.139740000000000364e-03
9.061369999999999147e-03
9.069600000000000578e-03
8.770210000000000505e-03
8.581550000000000289e-03
9.317280000000000700e-03
9.666660000000000530e-03
9.421330000000000329e-03
8.910740000000000327e-03
8.649079999999999963e-03
8.767149999999999596e-03
8.521839999999999277e-03
8.800550000000000733e-03
9.214699999999999280e-03
9.112790000000000820e-03
8.927350000000000563e-03
8.953960000000000391e-03
8.706320000000000031e-03
7.611979999999999962e-03
