7.368740000000000359e-03
8.293129999999999252e-03
8.347129999999999481e-03
8.256629999999999178e-03
8.314929999999999891e-03
8.321969999999999715e-03
8.332499999999999629e-03
8.199249999999999941e-03
8.296359999999999152e-03
8.160809999999999245e-03
8.306120000000000170e-03
8.266400000000000137e-03
8.411220000000000502e-03
8.504559999999999551e-03
8.598839999999999956e-03
8.464700000000000349e-03
8.303680000000000783e-03
8.414970000000000783e-03
8.210089999999999749e-03
8.818150000000000294e-03
8.693309999999999232e-03
8.377380000000000243e-03
8.330129999999999826e-03
8.099870000000000334e-03
8.405670000000000502e-03
8.894650000000000473e-03
8.625280000000000794e-03
8.528030000000000679e-03
8.351189999999999655e-03
8.364480000000000526e-03
8.355660000000000864e-03
8.541510000000000422e-03
8.607280000000000139e-03
8.323119999999999824e-03
8.399240000000000525e-03
8.469930000000000514e-03
8.457320000000000809e-03
8.430099999999999399e-03
8.495940000000000436e-03
8.525180000000000258e-03
8.712350000000000649e-03
8.642870000000000413e-03
8.560270000000000032e-03
8.620879999999999169e-03
8.287849999999999384e-03
8.714670000000000749e-03
9.241660000000000499e-03
9.312229999999999466e-03
8.638230000000000214e-03
9.043229999999999325e-03
9.668009999999999451e-03
9.603920000000000165e-03
9.438600000000000115e-03
9.439839999999999690e-03
8.899229999999999294e-03
8.772939999999999905e-03
8.534240000000000229e-03
9.353459999999999205e-03
1.003314999999999936e-02
1.085272999999999967e-02
1.331315999999999923e-02
1.553607000000000078e-02
1.461371000000000024e-02
7.391570000000000085e-03
