1.054947000000000003e-02
1.729748999999999870e-02
1.826793999999999987e-02
1.789974000000000079e-02
1.690045000000000089e-02
1.654303000000000023e-02
1.455195999999999920e-02
1.255947999999999960e-02
1.026577000000000045e-02
9.596800000000000816e-03
9.493339999999999418e-03
8.814819999999999253e-03
8.808079999999999382e-03
9.239400000000000043e-03
9.528629999999999739e-03
9.795850000000000043e-03
1.016196999999999934e-02
1.086040999999999916e-02
1.018952000000000052e-02
9.413839999999999708e-03
8.929219999999999866e-03
8.621329999999999966e-03
8.470729999999999232e-03
8.346299999999999206e-03
8.570639999999999162e-03
8.657909999999999565e-03
8.457110000000000322e-03
8.487649999999999362e-03
8.391100000000000295e-03
8.457199999999999787e-03
8.375580000000000525e-03
8.285159999999999747e-03
8.368769999999999334e-03
8.383810000000000220e-03
8.273489999999999664e-03
8.435329999999999565e-03
8.388710000000000611e-03
8.366320000000000007e-03
8.738450000000000037e-03
8.655829999999999774e-03
8.116939999999999572e-03
8.386479999999999976e-03
8.576220000000000718e-03
8.829270000000000174e-03
8.904610000000000303e-03
8.548490000000000602e-03
8.310160000000000463e-03
8.521010000000000736e-03
8.289410000000000528e-03
8.256239999999999760e-03
8.482599999999999862e-03
8.354870000000000352e-03
8.270460000000000311e-03
8.373860000000000331e-03
8.442939999999999473e-03
8.633349999999999705e-03
8.427910000000000262e-03
8.392270000000000285e-03
8.346610000000000834e-03
8.332499999999999629e-03
8.337960000000000163e-03
8.686620000000000799e-03
7.988109999999999655e-03
7.386860000000000301e-03
