8.082829999999999182e-03
1.009116000000000006e-02
9.249920000000000017e-03
9.241680000000000381e-03
9.120670000000000860e-03
8.801540000000000058e-03
8.376609999999999612e-03
8.085119999999999460e-03
8.626649999999999596e-03
9.617529999999999135e-03
9.790959999999999594e-03
8.996509999999999230e-03
8.601970000000000449e-03
8.869049999999999850e-03
9.124989999999999490e-03
9.055199999999999361e-03
9.413360000000000824e-03
9.270129999999999690e-03
8.833709999999999826e-03
8.506269999999999804e-03
8.509050000000000641e-03
9.547989999999999255e-03
9.238510000000000125e-03
8.613670000000000354e-03
8.554040000000000601e-03
8.439040000000000083e-03
9.235659999999999703e-03
1.008784000000000070e-02
9.887170000000000680e-03
9.528949999999999573e-03
9.610959999999999989e-03
9.625949999999999437e-03
9.924290000000000542e-03
9.337160000000000598e-03
8.861070000000000405e-03
9.118569999999999454e-03
9.901210000000000566e-03
1.068175000000000027e-02
1.038916999999999966e-02
9.630120000000000693e-03
1.055727000000000054e-02
1.173452999999999996e-02
1.224994000000000083e-02
1.192844000000000022e-02
1.081694000000000058e-02
9.085400000000000420e-03
1.039543000000000064e-02
1.307326999999999968e-02
1.866011999999999879e-02
2.456846999999999850e-02
2.996733000000000036e-02
3.041102999999999862e-02
3.091452999999999909e-02
3.153808999999999779e-02
2.497631999999999977e-02
2.002632999999999844e-02
1.371544000000000062e-02
1.123678000000000003e-02
9.876440000000000219e-03
8.676279999999999756e-03
8.601549999999999474e-03
8.908430000000000168e-03
9.122560000000000044e-03
7.695890000000000369e-03
