7.773509999999999968e-03
9.268610000000000043e-03
8.539470000000000394e-03
9.484819999999999710e-03
1.111170000000000040e-02
1.227172999999999979e-02
1.657333999999999891e-02
2.128967999999999833e-02
2.416590999999999878e-02
2.582330000000000042e-02
2.515012999999999971e-02
2.146253000000000050e-02
1.750395999999999896e-02
1.627231000000000163e-02
1.045825000000000053e-02
9.536599999999999244e-03
9.111710000000000295e-03
8.580779999999999658e-03
8.615309999999999288e-03
9.059760000000000035e-03
9.669530000000000833e-03
1.056884999999999943e-02
1.094373000000000047e-02
1.019346999999999961e-02
1.096337000000000006e-02
1.028270000000000052e-02
9.837250000000000508e-03
8.826739999999999586e-03
9.175579999999999153e-03
8.889910000000000867e-03
8.729219999999999341e-03
8.714599999999999430e-03
8.711609999999999840e-03
8.717189999999999661e-03
8.802940000000000417e-03
8.581019999999999967e-03
8.658370000000000302e-03
9.238690000000000790e-03
9.098149999999999293e-03
8.245080000000000117e-03
8.399210000000000703e-03
8.557479999999999254e-03
9.201239999999999419e-03
9.062689999999999982e-03
8.671039999999999651e-03
8.611600000000000504e-03
8.423959999999999435e-03
8.412170000000000064e-03
8.852280000000000565e-03
9.475360000000000379e-03
9.265980000000000050e-03
8.788660000000000222e-03
8.184109999999999649e-03
8.450569999999999263e-03
8.943690000000000667e-03
9.370609999999999704e-03
9.250289999999999555e-03
8.216110000000000427e-03
8.521100000000000202e-03
8.288300000000000181e-03
8.512840000000000684e-03
9.035259999999999819e-03
8.757630000000000622e-03
7.378169999999999867e-03
