7.729670000000000117e-03
8.479799999999999144e-03
8.409369999999999346e-03
8.331790000000000376e-03
8.308909999999999213e-03
8.391279999999999226e-03
8.681579999999999506e-03
8.668530000000000679e-03
8.843359999999999763e-03
8.664589999999999792e-03
8.385399999999999451e-03
8.385290000000000105e-03
8.293679999999999455e-03
8.583330000000000126e-03
8.733490000000000003e-03
9.146889999999999535e-03
8.461569999999999855e-03
8.306279999999999220e-03
8.210189999999999155e-03
8.478980000000000544e-03
8.749909999999999632e-03
8.915110000000000395e-03
8.828970000000000221e-03
8.452060000000000822e-03
8.405690000000000384e-03
8.991189999999999599e-03
8.847839999999999178e-03
8.736149999999999818e-03
8.572579999999999784e-03
8.187399999999999192e-03
8.372900000000000828e-03
8.476189999999999766e-03
8.720600000000000226e-03
8.618570000000000744e-03
8.858879999999999533e-03
9.233409999999999188e-03
8.743259999999999227e-03
8.902699999999999503e-03
8.594610000000000791e-03
8.514849999999999156e-03
8.430639999999999662e-03
8.512489999999999293e-03
8.845179999999999362e-03
9.577040000000000206e-03
9.476419999999999288e-03
9.509399999999999450e-03
1.005441999999999968e-02
1.057151999999999918e-02
9.495899999999999827e-03
8.773420000000000524e-03
8.580000000000000820e-03
8.998479999999999673e-03
9.454860000000000694e-03
1.105924999999999964e-02
1.453322999999999941e-02
1.491491999999999991e-02
1.710396999999999959e-02
1.821785000000000071e-02
1.811988999999999961e-02
1.673341000000000064e-02
1.457548999999999997e-02
1.249369999999999994e-02
9.594880000000000075e-03
7.492949999999999958e-03
