7.431349999999999761e-03
9.542099999999999541e-03
9.286759999999999807e-03
9.461509999999999365e-03
8.538199999999999262e-03
8.699699999999999447e-03
8.711919999999999734e-03
8.543500000000000746e-03
8.947979999999999476e-03
8.704639999999999600e-03
9.960349999999999759e-03
9.051999999999999283e-03
1.054510999999999990e-02
1.171344000000000031e-02
1.219020999999999993e-02
1.150746000000000061e-02
8.913690000000000155e-03
8.781159999999999660e-03
9.098520000000000565e-03
9.950739999999999585e-03
9.809349999999999667e-03
9.581050000000000677e-03
1.190147000000000080e-02
1.215964999999999928e-02
1.212601999999999951e-02
1.308089999999999947e-02
1.276973999999999991e-02
1.085954000000000086e-02
1.057954000000000012e-02
1.456472999999999969e-02
2.086512000000000089e-02
2.632090999999999945e-02
3.404015999999999986e-02
4.133848999999999857e-02
3.428467000000000320e-02
3.281876000000000237e-02
2.891120999999999969e-02
1.826538999999999940e-02
1.177588000000000072e-02
9.194269999999999179e-03
8.689360000000000139e-03
9.752620000000000039e-03
1.064212999999999965e-02
1.088377999999999915e-02
1.209127999999999939e-02
1.357366999999999949e-02
1.549688999999999928e-02
1.606161000000000047e-02
1.178914999999999998e-02
9.489710000000000159e-03
9.054809999999999942e-03
9.003250000000000836e-03
9.121010000000000575e-03
9.049909999999999552e-03
1.064546000000000069e-02
9.996470000000000355e-03
1.033864999999999958e-02
1.105061000000000064e-02
1.170159999999999950e-02
1.013521000000000040e-02
8.812979999999999772e-03
9.397869999999999141e-03
8.565609999999999544e-03
7.805799999999999891e-03
