7.199709999999999790e-03
8.277100000000000776e-03
8.995229999999999893e-03
9.282200000000000867e-03
9.607740000000000030e-03
9.109590000000000742e-03
8.758880000000000138e-03
8.349010000000000459e-03
8.054449999999999457e-03
9.652690000000000228e-03
1.123004000000000016e-02
8.989089999999999928e-03
9.082500000000000295e-03
9.656079999999999178e-03
1.071326000000000049e-02
1.155295999999999927e-02
1.104991999999999953e-02
1.095463999999999986e-02
8.922730000000000244e-03
8.315990000000000534e-03
8.507280000000000744e-03
9.552079999999999252e-03
1.101760000000000066e-02
1.111114000000000025e-02
9.901850000000000235e-03
1.121977000000000044e-02
1.400822999999999999e-02
1.810714000000000073e-02
1.395096000000000010e-02
1.080800999999999984e-02
8.893109999999999210e-03
1.141008999999999947e-02
1.918581999999999926e-02
3.152655000000000041e-02
3.294393000000000321e-02
3.892653000000000085e-02
4.110043000000000030e-02
3.471540000000000042e-02
2.617159000000000152e-02
1.609355000000000160e-02
1.115649999999999975e-02
8.423520000000000313e-03
8.443130000000000079e-03
8.772099999999999689e-03
9.466219999999999149e-03
1.152504000000000028e-02
1.563405000000000003e-02
1.845172999999999952e-02
1.348244999999999999e-02
1.422788999999999998e-02
1.291523999999999971e-02
1.319841000000000070e-02
8.852320000000000327e-03
9.849139999999999284e-03
1.044224000000000020e-02
1.074408999999999954e-02
1.115029000000000020e-02
1.259922999999999946e-02
1.200462000000000057e-02
9.975410000000000527e-03
1.006074000000000031e-02
1.066117999999999927e-02
9.136870000000000061e-03
7.771400000000000356e-03
