7.242160000000000090e-03
8.364369999999999444e-03
8.388740000000000432e-03
8.427759999999999418e-03
8.535010000000000860e-03
8.381829999999999836e-03
8.347419999999999493e-03
8.328240000000000642e-03
8.308489999999999973e-03
8.393370000000000691e-03
8.477610000000000007e-03
8.439699999999999633e-03
8.376909999999999565e-03
8.510129999999999431e-03
8.592189999999999550e-03
8.647969999999999616e-03
8.589599999999999319e-03
8.582330000000000861e-03
8.374660000000000784e-03
8.783239999999999451e-03
8.760280000000000497e-03
8.299960000000000324e-03
8.594279999999999281e-03
8.302850000000000508e-03
8.386859999999999454e-03
8.668109999999999704e-03
8.533860000000000751e-03
8.684410000000000046e-03
8.608070000000000652e-03
8.402520000000000128e-03
8.368749999999999453e-03
8.352639999999999718e-03
8.620829999999999466e-03
8.410650000000000417e-03
8.451900000000000038e-03
8.624800000000000175e-03
8.441580000000000611e-03
8.286929999999999644e-03
8.611680000000000029e-03
8.448729999999999782e-03
8.498880000000000323e-03
8.655499999999999999e-03
8.464189999999999908e-03
8.471559999999999507e-03
8.434830000000000799e-03
8.657410000000000799e-03
9.014519999999999825e-03
9.069129999999999900e-03
8.328369999999999870e-03
8.840060000000000279e-03
9.170670000000000557e-03
9.112759999999999264e-03
8.877249999999999724e-03
8.895010000000000069e-03
8.658330000000000540e-03
8.953279999999999225e-03
8.599429999999999921e-03
8.726819999999999716e-03
9.412439999999999349e-03
9.677299999999999791e-03
1.085098999999999959e-02
1.315422999999999940e-02
1.345088000000000013e-02
7.356350000000000215e-03
