7.442189999999999570e-03
8.372239999999999543e-03
8.234240000000000309e-03
8.560470000000000579e-03
8.539750000000000466e-03
8.502449999999999938e-03
8.415570000000000689e-03
8.264550000000000715e-03
8.234000000000000000e-03
8.525800000000000045e-03
8.758020000000000041e-03
8.688420000000000518e-03
8.699880000000000113e-03
8.542400000000000340e-03
8.482860000000000053e-03
8.499899999999999470e-03
8.520899999999999655e-03
8.282760000000000122e-03
8.680649999999999825e-03
8.730329999999999688e-03
8.689610000000000389e-03
9.049120000000000774e-03
9.223099999999999701e-03
8.543959999999999749e-03
8.506100000000000813e-03
8.740579999999999530e-03
8.492380000000000762e-03
8.410499999999999574e-03
8.486940000000000109e-03
8.706979999999999581e-03
8.200280000000000763e-03
8.334819999999999729e-03
8.661739999999999370e-03
8.448390000000000066e-03
8.266719999999999971e-03
8.640570000000000195e-03
8.814580000000000679e-03
8.935129999999999462e-03
8.987099999999999603e-03
8.694419999999999579e-03
8.407090000000000743e-03
8.396779999999999522e-03
8.377159999999999815e-03
8.508049999999999641e-03
8.947560000000000235e-03
9.483590000000000075e-03
9.435690000000000049e-03
9.112479999999999192e-03
8.551939999999999195e-03
9.528029999999999833e-03
9.518799999999999137e-03
9.639019999999999880e-03
8.760000000000000425e-03
8.873129999999999906e-03
9.040180000000000091e-03
9.576930000000000859e-03
1.076733000000000030e-02
1.324729000000000011e-02
1.437538000000000010e-02
1.541006999999999967e-02
1.689264000000000043e-02
1.825457999999999942e-02
1.490320000000000013e-02
7.589549999999999595e-03
