7.428569999999999791e-03
8.773929999999999230e-03
9.455579999999999888e-03
8.655819999999999834e-03
8.804799999999999779e-03
9.522420000000000190e-03
9.673019999999999188e-03
1.041098000000000023e-02
1.066542000000000011e-02
1.091997999999999927e-02
9.599969999999999337e-03
8.779739999999999420e-03
8.292199999999999571e-03
8.296450000000000352e-03
1.022566999999999920e-02
1.036662000000000000e-02
1.147438999999999924e-02
9.332780000000000589e-03
9.907710000000000128e-03
1.238853000000000003e-02
1.388114000000000015e-02
1.151817999999999939e-02
9.731190000000000673e-03
8.551390000000000727e-03
1.002490999999999972e-02
1.438853000000000007e-02
2.251687000000000133e-02
3.199289000000000299e-02
3.780627000000000293e-02
3.202010000000000273e-02
2.769094999999999890e-02
2.487661999999999859e-02
1.993908999999999959e-02
1.342527999999999951e-02
9.662630000000000177e-03
8.514139999999999903e-03
9.317660000000000178e-03
1.037167999999999944e-02
1.090214999999999934e-02
1.198272000000000052e-02
1.369224999999999956e-02
1.296435999999999943e-02
1.287119999999999931e-02
1.055438000000000036e-02
9.742280000000000731e-03
8.930920000000000178e-03
8.906209999999999474e-03
9.107350000000000168e-03
8.724839999999999332e-03
9.463400000000000284e-03
9.754679999999999948e-03
9.513390000000000041e-03
9.247889999999999930e-03
9.609529999999999808e-03
8.631909999999999583e-03
8.405509999999999718e-03
8.451880000000000157e-03
8.510759999999999159e-03
8.658519999999999411e-03
8.809799999999999576e-03
8.953559999999999297e-03
8.585779999999999454e-03
8.154520000000000171e-03
7.602639999999999919e-03
