7.285279999999999881e-03
8.219350000000000267e-03
8.378750000000000780e-03
8.388039999999999385e-03
8.483910000000000756e-03
8.461849999999999927e-03
8.371059999999999612e-03
8.252189999999999526e-03
8.337129999999999888e-03
8.420359999999999998e-03
8.564739999999999506e-03
8.216849999999999501e-03
8.377179999999999696e-03
8.445680000000000548e-03
8.641420000000000351e-03
8.588079999999999672e-03
9.003650000000000195e-03
8.795680000000000165e-03
8.319290000000000018e-03
8.363560000000000785e-03
8.256599999999999356e-03
8.226199999999999485e-03
8.611380000000000076e-03
8.191969999999999807e-03
8.427370000000000000e-03
8.502730000000000010e-03
8.720620000000000108e-03
8.923369999999999913e-03
8.807449999999999654e-03
8.374339999999999215e-03
8.314429999999999391e-03
8.433239999999999834e-03
8.689890000000000461e-03
8.572510000000000199e-03
8.335669999999999885e-03
8.196870000000000198e-03
8.280620000000000688e-03
8.476789999999999672e-03
8.545260000000000702e-03
8.319989999999999331e-03
8.337749999999999675e-03
8.516179999999999931e-03
8.840890000000000554e-03
9.197369999999999851e-03
8.953449999999999950e-03
8.826340000000000227e-03
8.602330000000000046e-03
8.633049999999999752e-03
8.689550000000000746e-03
9.108230000000000146e-03
9.185810000000000849e-03
8.959979999999999334e-03
8.902669999999999681e-03
9.393999999999999573e-03
9.559039999999999551e-03
9.647130000000000288e-03
8.869919999999999888e-03
8.771660000000000568e-03
8.539879999999999693e-03
8.612949999999999426e-03
9.396770000000000470e-03
1.082320999999999978e-02
1.124772999999999919e-02
7.357469999999999635e-03
