7.773300000000000348e-03
8.388629999999999351e-03
8.297280000000000627e-03
8.366059999999999816e-03
8.312160000000000729e-03
8.630030000000000340e-03
8.206049999999999456e-03
8.528549999999999326e-03
8.595830000000000484e-03
8.921049999999999813e-03
8.615829999999999669e-03
8.388130000000000586e-03
8.374249999999999750e-03
8.294539999999999552e-03
8.544680000000000678e-03
9.002100000000000726e-03
8.622120000000000478e-03
8.289319999999999328e-03
8.265919999999999518e-03
8.229850000000000360e-03
8.333099999999999535e-03
9.017080000000000234e-03
9.363730000000000664e-03
8.464759999999999993e-03
8.330819999999999198e-03
8.627650000000000596e-03
8.784079999999999666e-03
8.786069999999999991e-03
8.663229999999999195e-03
8.365249999999999422e-03
8.195259999999999351e-03
8.624750000000000472e-03
8.803319999999999895e-03
8.711999999999999258e-03
8.543240000000000556e-03
8.715389999999999943e-03
8.727010000000000323e-03
9.692259999999999417e-03
9.230030000000000179e-03
8.448260000000000838e-03
8.016900000000000415e-03
8.491109999999999630e-03
9.210710000000000425e-03
9.569950000000000678e-03
9.671209999999999529e-03
9.426999999999999616e-03
9.439859999999999571e-03
1.052111000000000018e-02
9.819130000000000566e-03
9.263510000000000841e-03
8.852900000000000352e-03
8.842630000000000629e-03
8.846649999999999306e-03
1.033010999999999999e-02
1.372732999999999939e-02
1.499212999999999935e-02
1.610630999999999868e-02
1.814537000000000094e-02
1.912977999999999901e-02
1.888108000000000147e-02
1.653355999999999923e-02
1.564273000000000052e-02
1.304077000000000014e-02
7.492719999999999589e-03
