9.509069999999999676e-03
1.279480000000000027e-02
1.202140999999999973e-02
1.101519999999999930e-02
9.689700000000000743e-03
9.705800000000000538e-03
8.888190000000000673e-03
8.610160000000000383e-03
8.358749999999999861e-03
8.646509999999999613e-03
8.596360000000000806e-03
8.628659999999999802e-03
9.371469999999999800e-03
9.921239999999999573e-03
1.142021000000000008e-02
1.043330999999999946e-02
9.522499999999999715e-03
9.015570000000000528e-03
8.625680000000000153e-03
8.575660000000000574e-03
8.644060000000000285e-03
8.814189999999999525e-03
8.418999999999999401e-03
8.360680000000000542e-03
8.384880000000000805e-03
8.605800000000000255e-03
8.455010000000000650e-03
8.377360000000000362e-03
8.416230000000000239e-03
8.213269999999999946e-03
8.439210000000000808e-03
8.165810000000000776e-03
8.355299999999999533e-03
8.488149999999999862e-03
8.490660000000000568e-03
8.603629999999999264e-03
8.411919999999999814e-03
8.525029999999999414e-03
8.479459999999999428e-03
8.333339999999999845e-03
8.270710000000000561e-03
8.393909999999999219e-03
8.593049999999999647e-03
8.502469999999999820e-03
8.342030000000000278e-03
8.616479999999999279e-03
8.749929999999999514e-03
8.546530000000000099e-03
8.404840000000000227e-03
8.476600000000000801e-03
8.275360000000000701e-03
8.375640000000000168e-03
8.671669999999999379e-03
8.754269999999999760e-03
8.646799999999999625e-03
8.460759999999999462e-03
8.380590000000000261e-03
8.593510000000000384e-03
8.481300000000000644e-03
8.459879999999999484e-03
8.519330000000000305e-03
8.422940000000000288e-03
8.283459999999999435e-03
7.264910000000000291e-03
