7.994499999999999870e-03
8.636960000000000817e-03
8.492339999999999264e-03
8.553379999999999317e-03
8.597020000000000356e-03
8.466069999999999152e-03
8.190199999999999911e-03
8.270730000000000443e-03
8.407509999999999983e-03
8.665980000000000211e-03
8.725999999999999382e-03
8.970109999999999889e-03
8.718729999999999189e-03
8.814030000000000475e-03
8.637610000000000426e-03
8.711840000000000209e-03
8.694280000000000411e-03
8.651169999999999694e-03
8.513669999999999224e-03
8.647139999999999341e-03
8.639080000000000370e-03
9.240919999999999690e-03
9.327230000000000590e-03
8.748139999999999736e-03
8.625960000000000225e-03
8.663989999999999886e-03
8.775019999999999695e-03
8.757879999999999138e-03
8.881589999999999971e-03
8.800070000000000114e-03
8.505489999999999232e-03
8.524989999999999651e-03
8.703249999999999181e-03
8.751099999999999504e-03
8.581699999999999398e-03
8.834720000000000767e-03
9.008560000000000526e-03
9.540710000000000857e-03
9.611160000000000536e-03
9.128670000000000187e-03
8.708290000000000475e-03
8.384670000000000317e-03
8.693309999999999232e-03
8.981730000000000269e-03
9.468759999999999677e-03
9.970510000000000136e-03
9.888340000000000671e-03
9.846699999999999897e-03
8.961600000000000121e-03
1.007851000000000059e-02
1.017267999999999992e-02
1.005820999999999972e-02
8.893089999999999329e-03
9.271180000000000393e-03
9.768199999999999453e-03
1.141402000000000042e-02
1.394828000000000040e-02
1.631004999999999955e-02
1.838858999999999980e-02
1.911552000000000043e-02
2.018377999999999839e-02
2.081913000000000166e-02
1.663519999999999929e-02
7.648199999999999964e-03
