8.488189999999999624e-03
9.142249999999999335e-03
8.634370000000000586e-03
8.675079999999999944e-03
8.415209999999999357e-03
8.702190000000000272e-03
9.097299999999999137e-03
8.956860000000000516e-03
8.638230000000000214e-03
8.623369999999999994e-03
8.642230000000000745e-03
9.993230000000000515e-03
1.091296999999999927e-02
1.175867000000000058e-02
1.135984999999999946e-02
9.455279999999999935e-03
8.642949999999999938e-03
8.643559999999999785e-03
9.822050000000000572e-03
9.931560000000000735e-03
9.548430000000000112e-03
1.053337000000000023e-02
1.244217000000000066e-02
1.375178999999999985e-02
1.309736000000000060e-02
1.238355000000000011e-02
1.001733999999999958e-02
1.011775000000000001e-02
1.609034000000000159e-02
2.521647999999999945e-02
3.305294999999999761e-02
3.736198000000000297e-02
4.243374999999999925e-02
4.560921999999999893e-02
3.115408000000000066e-02
2.514343999999999954e-02
1.776685999999999890e-02
1.124371000000000051e-02
9.400610000000000216e-03
9.127420000000000672e-03
9.789950000000000388e-03
1.075786999999999924e-02
1.438353000000000027e-02
1.484588000000000053e-02
1.512705999999999947e-02
1.422970999999999958e-02
1.326981999999999988e-02
1.372226000000000001e-02
1.153844000000000050e-02
8.642580000000000401e-03
9.182950000000000487e-03
9.364640000000000464e-03
9.614269999999999414e-03
9.315439999999999485e-03
1.020124000000000031e-02
1.073608000000000028e-02
1.119261000000000041e-02
1.053816999999999948e-02
1.012316000000000084e-02
9.626340000000000591e-03
9.362010000000000470e-03
9.087210000000000079e-03
9.202830000000000385e-03
7.874330000000000565e-03
