7.495820000000000261e-03
9.134180000000000424e-03
8.903130000000000419e-03
1.095627000000000059e-02
1.625773000000000149e-02
1.923091000000000036e-02
2.618672999999999834e-02
2.809599999999999945e-02
2.886027000000000037e-02
3.047779000000000113e-02
3.164465000000000333e-02
2.180992000000000000e-02
1.826515999999999904e-02
1.419461999999999981e-02
1.002181000000000079e-02
9.020480000000000859e-03
8.796029999999999821e-03
8.676130000000000647e-03
8.955080000000000678e-03
9.884129999999999652e-03
1.120237999999999963e-02
1.196082000000000048e-02
1.141722000000000049e-02
1.054673000000000069e-02
1.085168000000000070e-02
1.016297000000000034e-02
9.853950000000000209e-03
9.052730000000000152e-03
9.295789999999999956e-03
9.227590000000000792e-03
8.793940000000000090e-03
9.076249999999999249e-03
8.923330000000000151e-03
8.874049999999999647e-03
8.857510000000000730e-03
8.577390000000000708e-03
8.892940000000000220e-03
9.359120000000000286e-03
9.126050000000000134e-03
8.379340000000000746e-03
8.317190000000000347e-03
8.876880000000000187e-03
9.755180000000000448e-03
9.226979999999999210e-03
8.871209999999999166e-03
8.478779999999999997e-03
8.680439999999999337e-03
8.686610000000000859e-03
9.248879999999999255e-03
9.749759999999999677e-03
9.164610000000000117e-03
8.684300000000000699e-03
8.516420000000000240e-03
8.740660000000000790e-03
9.609289999999999499e-03
9.804149999999999324e-03
9.257829999999999879e-03
8.362279999999999713e-03
8.568360000000000559e-03
8.651610000000000550e-03
8.891700000000000645e-03
9.039500000000000660e-03
9.748279999999999793e-03
7.569180000000000005e-03
