7.421139999999999681e-03
8.359300000000000064e-03
8.314320000000000044e-03
8.544090000000000712e-03
8.376740000000000574e-03
8.373629999999999962e-03
8.123039999999999775e-03
8.386650000000000701e-03
8.402690000000000853e-03
8.588580000000000172e-03
8.667769999999999989e-03
8.725560000000000260e-03
8.693350000000000730e-03
8.462729999999999905e-03
8.381629999999999289e-03
8.723899999999999710e-03
8.773440000000000405e-03
8.308380000000000626e-03
8.297519999999999202e-03
8.372809999999999628e-03
8.526789999999999370e-03
9.320600000000000065e-03
9.363240000000000104e-03
8.483950000000000519e-03
8.409180000000000474e-03
8.582219999999999779e-03
8.553329999999999614e-03
8.771489999999999843e-03
8.654759999999999190e-03
8.340379999999999669e-03
8.126960000000000781e-03
8.261839999999999462e-03
8.599880000000000718e-03
8.729330000000000422e-03
8.225470000000000351e-03
8.349779999999999355e-03
8.634009999999999255e-03
9.385030000000000802e-03
9.146659999999999166e-03
8.694570000000000423e-03
8.486010000000000428e-03
8.350849999999999940e-03
8.557169999999999360e-03
8.943190000000000167e-03
9.185250000000000706e-03
8.945099999999999232e-03
9.165559999999999680e-03
9.832969999999999905e-03
9.430890000000000800e-03
9.634030000000000024e-03
9.373470000000000066e-03
9.132629999999999221e-03
8.567160000000000747e-03
9.219230000000000133e-03
9.999140000000000111e-03
1.134560000000000082e-02
1.336682999999999968e-02
1.533213999999999931e-02
1.663076999999999958e-02
1.746243000000000101e-02
1.763438000000000158e-02
1.776675000000000129e-02
1.408942000000000007e-02
7.517219999999999805e-03
