7.465920000000000022e-03
9.159820000000000809e-03
8.858619999999999342e-03
8.835410000000000139e-03
8.712690000000000365e-03
8.539400000000000809e-03
8.142140000000000835e-03
8.299269999999999217e-03
8.450150000000000022e-03
8.995059999999999167e-03
8.969710000000000530e-03
8.830189999999999914e-03
8.530249999999999638e-03
8.766599999999999393e-03
9.066909999999999206e-03
8.739749999999999255e-03
9.112560000000000451e-03
8.656920000000000240e-03
8.554700000000000151e-03
8.102740000000000636e-03
8.388259999999999814e-03
8.847259999999999153e-03
8.726650000000000726e-03
8.233809999999999393e-03
8.366870000000000210e-03
8.394399999999999779e-03
8.713010000000000199e-03
9.140320000000000389e-03
9.057569999999999164e-03
8.739510000000000681e-03
9.538659999999999153e-03
8.972300000000000761e-03
9.119949999999999932e-03
8.914689999999999420e-03
8.560510000000000341e-03
8.386750000000000108e-03
9.214860000000000065e-03
9.457159999999999178e-03
9.248509999999999717e-03
8.712740000000000068e-03
9.193720000000000711e-03
1.004058000000000034e-02
1.001424000000000064e-02
9.714129999999999640e-03
9.331590000000000718e-03
8.799730000000000399e-03
9.880810000000000287e-03
1.076647000000000021e-02
1.496475000000000062e-02
1.856682000000000124e-02
1.993761999999999965e-02
2.049631000000000022e-02
1.942400000000000029e-02
1.956884000000000054e-02
1.621954999999999925e-02
1.268637000000000063e-02
1.036917000000000047e-02
9.400810000000000763e-03
8.720550000000000523e-03
8.336859999999999757e-03
8.274129999999999333e-03
8.613370000000000401e-03
8.660680000000000461e-03
7.367290000000000297e-03
