7.681509999999999901e-03
9.137579999999999314e-03
9.058429999999999260e-03
8.613610000000000710e-03
9.165710000000000524e-03
9.498059999999999142e-03
8.933280000000000040e-03
8.867039999999999644e-03
9.434170000000000403e-03
1.042440000000000033e-02
9.869660000000000585e-03
1.119041999999999953e-02
1.086624999999999917e-02
1.074518999999999995e-02
1.027324999999999940e-02
9.624080000000000135e-03
1.039604000000000049e-02
9.746390000000000609e-03
9.861250000000000224e-03
1.011158000000000022e-02
1.127605999999999921e-02
1.354327999999999955e-02
1.424548999999999954e-02
1.309506000000000038e-02
1.130924999999999986e-02
9.191819999999999852e-03
9.959759999999999794e-03
1.777192000000000008e-02
2.793189000000000088e-02
3.511534999999999657e-02
4.027900000000000230e-02
4.329299999999999815e-02
4.157638000000000306e-02
3.291958999999999858e-02
2.218470000000000164e-02
1.520591999999999951e-02
1.146244000000000082e-02
9.016669999999999199e-03
9.401700000000000682e-03
1.124812000000000034e-02
1.238194999999999921e-02
1.342492999999999985e-02
1.564453000000000024e-02
1.569061999999999887e-02
1.617721999999999910e-02
1.255285000000000081e-02
1.043926000000000055e-02
9.459089999999999859e-03
9.966159999999999949e-03
9.627020000000000022e-03
1.116652999999999916e-02
1.016481999999999976e-02
9.553370000000000264e-03
1.000380000000000019e-02
9.485479999999999259e-03
1.026120999999999978e-02
9.927560000000000204e-03
9.111199999999999855e-03
8.783529999999999463e-03
9.550400000000000555e-03
1.030957000000000054e-02
9.249850000000000433e-03
8.555840000000000320e-03
7.709709999999999827e-03
