7.542890000000000011e-03
9.438359999999999805e-03
1.100507000000000048e-02
1.115698000000000037e-02
1.096852000000000070e-02
1.214132000000000058e-02
1.194113999999999939e-02
1.348635999999999932e-02
1.470021000000000001e-02
1.441402999999999955e-02
1.336046999999999929e-02
9.667999999999999511e-03
9.482789999999999622e-03
1.295053000000000003e-02
1.998700999999999950e-02
3.065831999999999932e-02
3.525252000000000246e-02
3.486948000000000131e-02
3.396736000000000200e-02
3.181698000000000165e-02
2.769399999999999987e-02
1.821764000000000022e-02
1.372923000000000025e-02
1.081168000000000060e-02
8.717199999999999602e-03
8.987010000000000137e-03
9.559959999999999292e-03
1.022890000000000084e-02
1.179596999999999937e-02
1.471965000000000079e-02
1.643094000000000152e-02
1.297148000000000051e-02
1.238941000000000001e-02
1.024393000000000005e-02
1.020351000000000070e-02
9.830379999999999674e-03
9.349929999999999353e-03
9.359660000000000549e-03
9.371130000000000085e-03
9.854299999999999865e-03
9.397390000000000257e-03
9.148389999999999300e-03
8.560379999999999379e-03
8.631089999999999249e-03
8.206470000000000431e-03
8.996179999999999455e-03
9.157830000000000484e-03
8.987010000000000137e-03
8.442369999999999389e-03
9.296399999999999803e-03
1.058111999999999941e-02
1.005473999999999951e-02
9.543539999999999662e-03
8.785100000000000547e-03
8.470129999999999326e-03
8.427129999999999690e-03
9.179800000000000113e-03
9.667709999999999498e-03
9.843879999999999297e-03
9.098749999999999200e-03
8.322200000000000084e-03
8.571870000000000531e-03
8.339769999999999822e-03
7.865219999999999156e-03
