7.600649999999999594e-03
8.495489999999999639e-03
8.352889999999999968e-03
8.288369999999999765e-03
8.410630000000000536e-03
8.625219999999999415e-03
8.288850000000000384e-03
8.189059999999999742e-03
8.211420000000000524e-03
8.453369999999999981e-03
8.569459999999999231e-03
8.442969999999999295e-03
8.589259999999999604e-03
8.920459999999999848e-03
8.534180000000000585e-03
8.619770000000000557e-03
8.435170000000000515e-03
8.342429999999999637e-03
8.463220000000000465e-03
8.926540000000000169e-03
8.633290000000000061e-03
8.644400000000000001e-03
8.558760000000000326e-03
8.283530000000000754e-03
8.629150000000000362e-03
8.996860000000000621e-03
8.640290000000000123e-03
8.628790000000000765e-03
8.552300000000000527e-03
8.654129999999999462e-03
8.341740000000000266e-03
8.462769999999999668e-03
8.566370000000000234e-03
8.465010000000000243e-03
8.435140000000000693e-03
8.688859999999999639e-03
8.602159999999999321e-03
8.547050000000000480e-03
8.595679999999999640e-03
8.757199999999999707e-03
8.621840000000000406e-03
8.660219999999999724e-03
8.388919999999999363e-03
8.513830000000000009e-03
8.661200000000000843e-03
8.951689999999999994e-03
9.201600000000000751e-03
9.462949999999999487e-03
8.668699999999999670e-03
9.242870000000000252e-03
9.349659999999999221e-03
9.504860000000000392e-03
9.266430000000000847e-03
9.134740000000000568e-03
8.756379999999999372e-03
8.757030000000000716e-03
9.201290000000000857e-03
9.853590000000000612e-03
1.090516000000000055e-02
1.170959000000000062e-02
1.320657000000000081e-02
1.452213999999999935e-02
1.372673999999999943e-02
7.355620000000000214e-03
