8.274530000000000426e-03
1.293011999999999981e-02
1.125762999999999937e-02
1.071544999999999963e-02
9.759169999999999304e-03
9.282910000000000120e-03
8.599429999999999921e-03
8.488179999999999684e-03
8.287060000000000606e-03
8.408509999999999249e-03
8.573890000000000677e-03
8.731879999999999156e-03
9.103440000000000837e-03
9.667850000000000402e-03
1.083780999999999980e-02
1.008964000000000041e-02
9.437539999999999471e-03
9.074709999999999721e-03
8.690130000000000771e-03
8.519910000000000330e-03
8.675620000000000206e-03
8.509859999999999300e-03
8.562459999999999169e-03
8.205560000000000631e-03
8.273449999999999901e-03
8.493979999999999933e-03
8.414609999999999451e-03
8.523440000000000183e-03
8.523400000000000420e-03
8.310849999999999835e-03
8.384469999999999770e-03
8.375169999999999490e-03
8.380439999999999418e-03
8.355249999999999830e-03
8.446079999999999907e-03
8.694719999999999532e-03
8.459899999999999365e-03
8.392669999999999644e-03
8.464609999999999149e-03
8.310839999999999894e-03
8.533249999999999169e-03
8.350689999999999155e-03
8.540360000000000312e-03
8.347639999999999921e-03
8.631250000000000033e-03
8.560220000000000329e-03
8.744599999999999942e-03
8.769020000000000634e-03
8.224340000000000123e-03
8.352019999999999930e-03
8.385139999999999261e-03
8.411419999999999314e-03
8.554179999999999770e-03
8.635310000000000208e-03
8.477480000000000779e-03
8.454510000000000150e-03
8.580459999999999823e-03
8.526340000000000308e-03
8.423089999999999397e-03
8.418649999999999745e-03
8.098030000000000853e-03
8.347530000000000575e-03
8.066030000000000075e-03
7.259569999999999912e-03
