7.929979999999999668e-03
1.194861000000000013e-02
1.048519000000000014e-02
9.652050000000000560e-03
8.947820000000000426e-03
8.443130000000000079e-03
8.227170000000000663e-03
8.364889999999999826e-03
8.438249999999999570e-03
8.401199999999999293e-03
8.741749999999999521e-03
8.648029999999999259e-03
9.023659999999999320e-03
9.418120000000000311e-03
1.050058000000000068e-02
9.116090000000000304e-03
9.064900000000000735e-03
8.258319999999999550e-03
8.406689999999999649e-03
8.374950000000000797e-03
8.489470000000000696e-03
8.571499999999999259e-03
8.494659999999999364e-03
8.358179999999999776e-03
8.222220000000000570e-03
8.460389999999999924e-03
8.400120000000000503e-03
8.581109999999999433e-03
8.429139999999999897e-03
8.490940000000000640e-03
8.311839999999999160e-03
8.184699999999999614e-03
8.296190000000000161e-03
8.676059999999999328e-03
8.538099999999999856e-03
8.569689999999999599e-03
8.293659999999999574e-03
8.470520000000000480e-03
8.481670000000000181e-03
8.392359999999999751e-03
8.308350000000000804e-03
8.270889999999999492e-03
8.382940000000000183e-03
8.350639999999999452e-03
8.536490000000000744e-03
8.829220000000000471e-03
8.735230000000000078e-03
8.571260000000000684e-03
8.354270000000000446e-03
8.358130000000000073e-03
8.320950000000000568e-03
8.375979999999999884e-03
8.366900000000000032e-03
8.425749999999999212e-03
8.502759999999999832e-03
8.330640000000000267e-03
8.423170000000000657e-03
8.340810000000000585e-03
8.455060000000000353e-03
8.130739999999999149e-03
8.398579999999999240e-03
8.425290000000000210e-03
7.956329999999999306e-03
7.136380000000000327e-03
