7.426030000000000131e-03
8.885020000000000417e-03
9.146120000000000638e-03
8.632779999999999621e-03
8.574999999999999289e-03
9.537840000000000554e-03
8.971589999999999773e-03
9.849530000000000438e-03
1.023057999999999954e-02
1.062713000000000026e-02
9.624650000000000219e-03
9.198970000000000757e-03
8.395899999999999544e-03
8.593490000000000503e-03
9.662969999999999893e-03
1.050916999999999997e-02
1.092511999999999997e-02
9.371890000000000776e-03
1.008563999999999988e-02
1.171145999999999993e-02
1.354176999999999985e-02
1.153730000000000033e-02
9.725549999999999473e-03
8.531920000000000129e-03
8.950450000000000420e-03
1.341642000000000008e-02
2.116182000000000132e-02
2.826036000000000173e-02
3.217739000000000016e-02
2.664127000000000162e-02
2.439851999999999993e-02
2.234854999999999828e-02
1.864553000000000044e-02
1.228758999999999928e-02
9.423789999999999598e-03
8.692369999999999611e-03
9.251280000000000614e-03
9.844419999999999560e-03
1.052802000000000078e-02
1.133656000000000073e-02
1.332151999999999989e-02
1.314812999999999919e-02
1.321333000000000056e-02
1.113980999999999999e-02
1.025359999999999987e-02
8.865190000000000223e-03
8.812779999999999225e-03
8.878399999999999834e-03
9.007019999999999263e-03
9.593710000000000085e-03
9.588060000000000679e-03
9.276529999999999845e-03
9.070450000000000734e-03
9.468169999999999711e-03
8.621679999999999622e-03
8.576540000000000552e-03
8.710129999999999956e-03
8.333029999999999951e-03
8.710680000000000159e-03
8.938190000000000371e-03
9.145099999999999757e-03
8.730419999999999153e-03
8.137220000000000564e-03
7.355440000000000415e-03
