7.870000000000000259e-03
8.565500000000000197e-03
8.567309999999999856e-03
9.011099999999999319e-03
9.051949999999999580e-03
9.574920000000000653e-03
8.679060000000000594e-03
8.417559999999999279e-03
8.552099999999999980e-03
8.687719999999999471e-03
9.261399999999999494e-03
9.402560000000000778e-03
1.012660999999999943e-02
9.834999999999999992e-03
9.085789999999999839e-03
9.247019999999999892e-03
9.484730000000000244e-03
8.537990000000000509e-03
8.789270000000000069e-03
8.903110000000000537e-03
8.489669999999999508e-03
8.981360000000000732e-03
9.497939999999999855e-03
9.271679999999999158e-03
1.026259000000000025e-02
1.059284999999999914e-02
1.051393999999999940e-02
1.102757000000000043e-02
1.042028000000000051e-02
1.087802000000000040e-02
9.289709999999999634e-03
8.913350000000000439e-03
9.985870000000000857e-03
9.929000000000000326e-03
1.047465000000000028e-02
1.105844999999999918e-02
1.062521999999999946e-02
1.223176999999999945e-02
1.339644000000000078e-02
1.274226000000000004e-02
1.125924000000000022e-02
9.397499999999999604e-03
1.067020999999999942e-02
1.472373000000000084e-02
2.087769999999999904e-02
2.792315000000000075e-02
3.230498999999999871e-02
3.146961999999999676e-02
3.041898000000000171e-02
2.270776000000000044e-02
2.103914999999999952e-02
1.825244000000000172e-02
1.298955000000000075e-02
1.136251999999999922e-02
8.352540000000000311e-03
8.652969999999999412e-03
9.200639999999999513e-03
9.509119999999999379e-03
9.989420000000000591e-03
1.206301000000000075e-02
1.313124000000000062e-02
1.266895000000000000e-02
1.088220999999999980e-02
7.883950000000000680e-03
