8.371870000000000006e-03
1.005498999999999976e-02
9.169939999999999689e-03
9.695669999999999983e-03
8.587700000000000194e-03
8.785350000000000797e-03
8.940709999999999283e-03
8.996699999999999836e-03
8.781600000000000517e-03
8.729280000000000719e-03
1.019161000000000025e-02
9.172420000000000573e-03
1.116338000000000052e-02
1.264089000000000011e-02
1.366071999999999946e-02
1.293712999999999981e-02
9.185219999999999149e-03
8.832390000000000727e-03
9.950360000000000107e-03
1.083467999999999931e-02
1.021510999999999947e-02
1.065844999999999987e-02
1.269377999999999999e-02
1.312491999999999999e-02
1.387785000000000060e-02
1.423409999999999953e-02
1.306793000000000017e-02
1.130491999999999955e-02
9.946770000000000611e-03
1.505268000000000057e-02
2.293264999999999887e-02
3.404576000000000130e-02
4.470356000000000329e-02
5.321022999999999725e-02
4.060723000000000110e-02
3.876488000000000156e-02
3.164622999999999742e-02
1.898414000000000004e-02
1.176153999999999915e-02
9.261629999999999863e-03
8.961419999999999456e-03
1.020696999999999924e-02
1.206201999999999969e-02
1.301876000000000075e-02
1.446635999999999929e-02
1.612763000000000044e-02
1.725631000000000040e-02
1.841038999999999870e-02
1.331432999999999922e-02
9.752820000000000586e-03
8.805749999999999342e-03
9.026360000000000633e-03
9.463769999999999821e-03
9.395580000000000598e-03
1.132736999999999980e-02
1.110055000000000069e-02
1.157762000000000027e-02
1.183903000000000039e-02
1.216918999999999987e-02
9.929679999999999757e-03
8.849279999999999299e-03
9.137980000000000408e-03
8.645440000000000763e-03
8.028020000000000295e-03
