7.959479999999999680e-03
9.521119999999999237e-03
8.655299999999999452e-03
1.080152000000000022e-02
1.538530999999999926e-02
1.913091999999999918e-02
2.761852000000000057e-02
3.038389000000000020e-02
3.127901999999999766e-02
3.322028999999999954e-02
3.231587999999999822e-02
2.551325999999999941e-02
2.078632999999999870e-02
1.567966999999999972e-02
1.070002999999999926e-02
9.513989999999999947e-03
9.240250000000000200e-03
8.532949999999999216e-03
9.037770000000000525e-03
9.957109999999999919e-03
1.115761000000000010e-02
1.230796999999999967e-02
1.239746000000000077e-02
1.058297000000000057e-02
1.133354999999999953e-02
1.072403000000000071e-02
9.913140000000000840e-03
9.093290000000000400e-03
9.659169999999999909e-03
9.137609999999999136e-03
8.682290000000000493e-03
8.790519999999999584e-03
8.961159999999999265e-03
8.505250000000000657e-03
8.903819999999999790e-03
8.666419999999999332e-03
8.967889999999999195e-03
9.445030000000000092e-03
9.047100000000000627e-03
8.295949999999999852e-03
8.361310000000000270e-03
8.856869999999999327e-03
9.598910000000000428e-03
9.015270000000000575e-03
8.570980000000000612e-03
8.625189999999999593e-03
8.483740000000000031e-03
8.769870000000000790e-03
8.936499999999999999e-03
9.798670000000000643e-03
9.218979999999999883e-03
8.863630000000000814e-03
8.490910000000000818e-03
8.945089999999999292e-03
9.528329999999999786e-03
9.887359999999999552e-03
9.238100000000000825e-03
8.377660000000000315e-03
8.364860000000000004e-03
8.597830000000000750e-03
8.758339999999999875e-03
8.714819999999999858e-03
9.922149999999999373e-03
7.597549999999999790e-03
