7.794709999999999833e-03
9.151450000000000209e-03
8.597149999999999584e-03
8.864790000000000864e-03
8.855699999999999336e-03
8.480609999999999538e-03
8.324120000000000824e-03
8.215919999999999820e-03
8.432099999999999665e-03
8.996620000000000311e-03
9.077299999999999952e-03
8.618630000000000388e-03
8.453360000000000041e-03
8.608199999999999880e-03
8.864429999999999532e-03
8.660189999999999902e-03
9.101279999999999787e-03
8.634259999999999505e-03
8.633210000000000536e-03
8.262699999999999559e-03
8.480180000000000357e-03
9.074159999999999518e-03
8.730720000000000841e-03
8.408809999999999202e-03
8.346289999999999265e-03
8.336190000000000266e-03
8.652740000000000778e-03
9.090149999999999966e-03
9.340370000000000617e-03
8.668489999999999182e-03
9.269060000000000840e-03
8.851929999999999174e-03
9.250460000000000280e-03
8.907099999999999393e-03
8.612079999999999388e-03
8.415270000000000736e-03
9.158100000000000615e-03
9.365780000000000632e-03
9.187489999999999546e-03
8.785480000000000025e-03
8.994929999999999939e-03
1.010953000000000025e-02
1.020282999999999954e-02
9.808739999999999820e-03
9.761320000000000413e-03
8.783970000000000319e-03
9.190709999999999505e-03
1.063507999999999988e-02
1.395758000000000068e-02
1.726093000000000072e-02
1.957742999999999983e-02
1.952776999999999985e-02
1.878422999999999898e-02
1.807100000000000026e-02
1.482384999999999953e-02
1.207006000000000051e-02
1.010856000000000081e-02
9.338259999999999270e-03
8.799760000000000221e-03
8.334269999999999526e-03
8.400249999999999731e-03
8.394640000000000088e-03
8.898539999999999922e-03
7.424799999999999629e-03
