7.575189999999999875e-03
8.467270000000000699e-03
8.509479999999999822e-03
8.666029999999999914e-03
8.643359999999999238e-03
8.683220000000000174e-03
8.456250000000000225e-03
8.386370000000000630e-03
8.568640000000000631e-03
8.461180000000000437e-03
8.623950000000000018e-03
8.441979999999999970e-03
8.431169999999999984e-03
8.612140000000000767e-03
8.627750000000000002e-03
8.945679999999999257e-03
9.106059999999999155e-03
8.786489999999999231e-03
8.291690000000000865e-03
8.442049999999999554e-03
8.405809999999999671e-03
8.530229999999999757e-03
8.766370000000000759e-03
8.591410000000000713e-03
8.593709999999999197e-03
8.625900000000000581e-03
8.545989999999999837e-03
9.173650000000000207e-03
8.963099999999999887e-03
8.464130000000000265e-03
8.578030000000000377e-03
8.509080000000000463e-03
8.649330000000000213e-03
8.835819999999999438e-03
8.719469999999999998e-03
8.654109999999999581e-03
8.428379999999999206e-03
8.629509999999999958e-03
8.469640000000000502e-03
8.222619999999999929e-03
8.338959999999999428e-03
8.438859999999999417e-03
8.468180000000000499e-03
9.119699999999999682e-03
8.986410000000000231e-03
8.650919999999999443e-03
8.562629999999999894e-03
8.537619999999999237e-03
8.483209999999999709e-03
8.791659999999999753e-03
8.981319999999999235e-03
8.658630000000000493e-03
8.465840000000000518e-03
8.728210000000000135e-03
9.193569999999999867e-03
9.342309999999999504e-03
9.290569999999999731e-03
8.858939999999999176e-03
8.743380000000000249e-03
8.856019999999999170e-03
8.459549999999999709e-03
8.775039999999999576e-03
8.854269999999999155e-03
7.206370000000000137e-03
