7.974780000000000757e-03
8.779240000000000654e-03
8.527450000000000654e-03
8.651590000000000669e-03
8.895709999999999382e-03
9.107489999999999336e-03
9.251050000000000245e-03
9.304559999999999914e-03
8.736620000000000497e-03
8.796190000000000606e-03
9.260960000000000372e-03
8.484550000000000425e-03
8.761130000000000653e-03
9.311899999999999691e-03
9.406039999999999193e-03
9.449489999999999626e-03
1.059264000000000039e-02
1.109098000000000028e-02
1.047572000000000086e-02
9.866639999999999439e-03
9.340239999999999654e-03
8.856479999999999908e-03
1.000953000000000086e-02
1.036190000000000028e-02
1.034421999999999946e-02
1.040454000000000032e-02
1.226243999999999945e-02
1.550108000000000041e-02
1.434180999999999997e-02
1.344517999999999928e-02
1.021231000000000048e-02
8.966369999999999549e-03
1.239121999999999967e-02
1.818811999999999859e-02
2.231423000000000087e-02
3.143333999999999712e-02
3.943901999999999824e-02
4.228881999999999780e-02
4.245847999999999983e-02
2.827479000000000103e-02
1.760625999999999858e-02
1.208796999999999996e-02
1.036776000000000017e-02
9.588960000000000539e-03
9.329920000000000227e-03
1.003751999999999943e-02
1.202447000000000064e-02
1.375468999999999997e-02
1.214340000000000037e-02
1.632594999999999880e-02
1.678587999999999955e-02
1.586229999999999932e-02
1.213007999999999968e-02
1.193439999999999952e-02
1.012091000000000032e-02
1.010687000000000044e-02
1.064684999999999937e-02
1.175069999999999934e-02
1.037614000000000071e-02
9.567189999999999722e-03
1.119436000000000042e-02
1.160204999999999917e-02
1.205592999999999942e-02
7.837159999999999266e-03
