7.688249999999999772e-03
9.335500000000000048e-03
8.858700000000000602e-03
8.876959999999999712e-03
8.575650000000000633e-03
8.952560000000000032e-03
8.930979999999999822e-03
9.436619999999999731e-03
8.991439999999999849e-03
8.487530000000000074e-03
8.538669999999999941e-03
8.496999999999999345e-03
8.736239999999999284e-03
9.528649999999999620e-03
9.305920000000000511e-03
8.624690000000000828e-03
9.085779999999999898e-03
1.004024000000000062e-02
1.054330000000000024e-02
1.089684999999999959e-02
1.065378999999999979e-02
9.670329999999999551e-03
9.091790000000000635e-03
9.256890000000000257e-03
1.025515999999999928e-02
1.033883000000000024e-02
1.056454000000000074e-02
1.258077999999999974e-02
1.276988000000000081e-02
1.345722000000000064e-02
1.369121000000000053e-02
1.120606000000000033e-02
1.084093000000000036e-02
1.209187999999999930e-02
1.666749000000000008e-02
2.559611999999999998e-02
3.475978999999999874e-02
4.522778999999999688e-02
4.557914999999999883e-02
3.490758000000000055e-02
2.571870000000000059e-02
1.855323999999999862e-02
1.422875000000000008e-02
1.203468000000000072e-02
8.701000000000000401e-03
9.002970000000000764e-03
1.042609000000000070e-02
1.098871000000000049e-02
1.241384000000000064e-02
1.606209000000000109e-02
1.823599000000000053e-02
1.997399000000000049e-02
1.500699999999999951e-02
1.343006000000000061e-02
1.065779000000000032e-02
9.780469999999999442e-03
1.002029999999999935e-02
9.714250000000000662e-03
9.158929999999999155e-03
9.481480000000000463e-03
1.052007999999999936e-02
1.099662000000000035e-02
1.375519000000000047e-02
7.862330000000000707e-03
