7.443380000000000309e-03
8.454110000000000791e-03
8.301180000000000017e-03
8.260049999999999684e-03
8.071260000000000240e-03
8.636960000000000817e-03
8.811599999999999294e-03
9.095829999999999194e-03
9.000319999999999154e-03
8.776910000000000614e-03
8.403169999999999737e-03
8.267949999999999605e-03
8.508299999999999891e-03
8.924690000000000747e-03
8.792889999999999387e-03
8.947490000000000651e-03
8.569260000000000418e-03
8.399540000000000478e-03
8.657879999999999743e-03
9.235280000000000225e-03
8.937209999999999252e-03
8.872410000000000713e-03
8.787569999999999756e-03
8.701669999999999891e-03
8.588300000000000101e-03
9.367099999999999732e-03
8.900009999999999866e-03
8.466440000000000424e-03
8.437639999999999724e-03
8.383470000000000505e-03
8.336819999999999994e-03
8.454629999999999437e-03
8.522689999999999433e-03
8.809920000000000598e-03
9.101859999999999812e-03
9.152169999999999403e-03
8.655160000000000284e-03
8.726180000000000048e-03
8.887690000000000173e-03
8.555339999999999820e-03
8.597729999999999609e-03
8.751149999999999207e-03
9.167649999999999411e-03
9.908649999999999750e-03
1.000535999999999960e-02
9.757729999999999182e-03
1.017069999999999953e-02
1.133131000000000069e-02
9.603409999999999724e-03
9.041320000000000259e-03
8.797100000000000405e-03
1.024523999999999921e-02
1.232732999999999919e-02
1.448647999999999950e-02
2.059394000000000155e-02
2.063237000000000057e-02
2.167053000000000035e-02
2.126735999999999904e-02
2.022267999999999982e-02
1.689596999999999974e-02
1.349402000000000067e-02
1.104227999999999980e-02
8.653889999999999152e-03
7.406180000000000055e-03
