7.013779999999999841e-03
8.497599999999999251e-03
8.525770000000000223e-03
8.212250000000000799e-03
8.434900000000000383e-03
8.419140000000000304e-03
8.522290000000000074e-03
8.492790000000000061e-03
8.367329999999999213e-03
8.368119999999999725e-03
8.697679999999999301e-03
8.518700000000000577e-03
8.803870000000000098e-03
8.666250000000000342e-03
8.715179999999999455e-03
8.496679999999999511e-03
8.444460000000000854e-03
8.420479999999999285e-03
8.584460000000000354e-03
9.008379999999999860e-03
9.015530000000000765e-03
8.686479999999999896e-03
8.802809999999999455e-03
8.339549999999999394e-03
8.616610000000000241e-03
9.219510000000000205e-03
8.774999999999999814e-03
8.698859999999999232e-03
8.634779999999999886e-03
8.685599999999999918e-03
8.492519999999999930e-03
8.383399999999999186e-03
8.718719999999999248e-03
8.514370000000000271e-03
8.390220000000000317e-03
8.687989999999999602e-03
8.679350000000000606e-03
8.579490000000000380e-03
8.826739999999999586e-03
8.959309999999999843e-03
8.879929999999999421e-03
8.695019999999999485e-03
8.365839999999999388e-03
8.458610000000000087e-03
8.848440000000000819e-03
8.978760000000000560e-03
9.562309999999999213e-03
9.922530000000000586e-03
8.596569999999999559e-03
9.606550000000000158e-03
9.697100000000000164e-03
9.984770000000000451e-03
9.711430000000000062e-03
9.309229999999999935e-03
8.901900000000000784e-03
8.851430000000000409e-03
9.914030000000000759e-03
1.114493000000000081e-02
1.309107999999999973e-02
1.409342000000000060e-02
1.579099999999999948e-02
1.885008999999999990e-02
2.042677999999999855e-02
7.538839999999999777e-03
