7.450309999999999919e-03
8.990899999999999587e-03
1.044483000000000043e-02
1.078019000000000026e-02
1.141205999999999991e-02
1.157942999999999993e-02
1.133755000000000006e-02
1.274703999999999941e-02
1.440779000000000018e-02
1.515792000000000007e-02
1.525533999999999918e-02
1.110628999999999957e-02
8.804750000000000076e-03
1.021847000000000033e-02
1.639004000000000155e-02
2.745070000000000149e-02
3.340728999999999921e-02
3.424601000000000034e-02
3.713625000000000259e-02
3.619779000000000052e-02
3.225986000000000131e-02
1.997929999999999845e-02
1.433063000000000045e-02
1.108337000000000037e-02
9.078150000000000108e-03
9.079900000000000124e-03
9.901619999999999866e-03
9.969810000000000824e-03
1.111819999999999996e-02
1.591586000000000042e-02
1.761576999999999935e-02
1.470504000000000082e-02
1.667820999999999887e-02
1.159314000000000004e-02
1.084855000000000021e-02
1.038705000000000010e-02
9.498710000000000486e-03
9.782990000000000089e-03
9.375849999999999809e-03
1.044629000000000044e-02
9.561770000000000685e-03
9.278359999999999386e-03
8.806579999999999617e-03
8.776690000000000186e-03
8.804289999999999339e-03
9.329280000000000558e-03
9.197129999999999542e-03
9.445719999999999464e-03
8.503949999999999704e-03
9.266140000000000834e-03
1.022738999999999940e-02
1.081638000000000044e-02
1.026768999999999946e-02
9.662169999999999440e-03
8.773279999999999620e-03
8.718170000000000780e-03
9.115069999999999423e-03
9.685789999999999678e-03
1.063904000000000065e-02
9.693639999999999896e-03
8.719960000000000558e-03
9.158100000000000615e-03
8.503049999999999845e-03
8.002870000000000469e-03
