7.101389999999999959e-03
9.284789999999999363e-03
8.356680000000000011e-03
8.762110000000000037e-03
8.228440000000000060e-03
8.481020000000000572e-03
8.804330000000000836e-03
8.640480000000000729e-03
8.617909999999999460e-03
8.429249999999999243e-03
8.748119999999999855e-03
9.515710000000000141e-03
1.010864000000000033e-02
1.080938000000000038e-02
1.164043000000000022e-02
1.006446000000000077e-02
8.583739999999999426e-03
8.853440000000000615e-03
9.718070000000000527e-03
9.692559999999999371e-03
9.428409999999999916e-03
9.220809999999999423e-03
1.102090000000000014e-02
1.122860000000000004e-02
1.160552999999999932e-02
1.129047000000000037e-02
9.687930000000000846e-03
9.912320000000000506e-03
1.188291999999999994e-02
1.684806000000000151e-02
2.202138999999999833e-02
2.757365000000000163e-02
2.896299999999999916e-02
3.199766999999999889e-02
2.392794999999999991e-02
2.205334000000000114e-02
1.699250999999999887e-02
1.142233999999999958e-02
9.253149999999999917e-03
8.525720000000000520e-03
9.184609999999999302e-03
9.779869999999999536e-03
1.158497999999999993e-02
1.252085000000000004e-02
1.299238999999999949e-02
1.283023999999999970e-02
1.235260999999999998e-02
1.193323999999999947e-02
9.801519999999999330e-03
8.759519999999999806e-03
8.769259999999999208e-03
8.845769999999999328e-03
8.909669999999999743e-03
9.103389999999999399e-03
9.852400000000000740e-03
9.682470000000000313e-03
1.010714000000000057e-02
9.718140000000000112e-03
9.685890000000000818e-03
9.269879999999999440e-03
8.748560000000000711e-03
8.995549999999999727e-03
8.571399999999999852e-03
7.773809999999999922e-03
