7.151910000000000038e-03
8.721460000000000323e-03
9.661519999999999830e-03
9.155740000000000753e-03
8.878280000000000546e-03
9.689400000000000790e-03
9.349279999999999743e-03
1.006230999999999966e-02
1.046591000000000014e-02
1.080649000000000019e-02
1.026466000000000010e-02
9.221029999999999852e-03
8.569910000000000028e-03
8.609840000000000548e-03
1.003690999999999958e-02
1.053253000000000002e-02
1.092764000000000062e-02
9.339439999999999201e-03
9.805460000000000217e-03
1.170713999999999956e-02
1.382625000000000000e-02
1.232143999999999948e-02
1.035170000000000014e-02
8.640460000000000848e-03
9.974890000000000145e-03
1.352597000000000001e-02
2.047095999999999985e-02
2.933004000000000167e-02
3.559613999999999834e-02
3.177433999999999814e-02
2.847496999999999875e-02
2.579659000000000119e-02
2.288219999999999837e-02
1.413551000000000044e-02
1.028910000000000068e-02
8.743990000000000096e-03
8.934910000000000768e-03
9.504409999999999595e-03
1.054197999999999941e-02
1.189616999999999931e-02
1.347096000000000057e-02
1.418698000000000008e-02
1.353114000000000053e-02
1.125853999999999917e-02
9.869460000000000038e-03
8.942870000000000333e-03
8.916059999999999958e-03
9.040209999999999912e-03
8.660160000000000080e-03
9.413190000000000099e-03
1.015737000000000063e-02
9.559140000000000692e-03
9.883370000000000696e-03
9.981300000000000242e-03
8.694810000000000733e-03
8.365279999999999244e-03
8.613479999999999748e-03
8.423109999999999278e-03
8.786369999999999944e-03
8.929710000000000425e-03
9.202109999999999457e-03
8.651469999999999647e-03
8.062619999999999509e-03
7.586100000000000135e-03
