7.763390000000000221e-03
9.340879999999999322e-03
9.127599999999999603e-03
8.838749999999999385e-03
8.377849999999999187e-03
8.455129999999999937e-03
8.579319999999999655e-03
8.520780000000000368e-03
8.531290000000000401e-03
8.776559999999999223e-03
8.729539999999999175e-03
8.168319999999999748e-03
8.259469999999999659e-03
8.581240000000000395e-03
9.169460000000000804e-03
9.161269999999999136e-03
8.492849999999999705e-03
8.323380000000000015e-03
8.353750000000000064e-03
8.532140000000000557e-03
8.934459999999999971e-03
8.313980000000000328e-03
8.666129999999999320e-03
9.177720000000000322e-03
9.183169999999999181e-03
9.754789999999999295e-03
9.995320000000000246e-03
8.574109999999999371e-03
8.536820000000000519e-03
8.369349999999999359e-03
8.645409999999999207e-03
9.137309999999999183e-03
1.008071999999999961e-02
9.997910000000000477e-03
1.074048000000000017e-02
1.119441000000000012e-02
1.083140999999999965e-02
1.103712999999999916e-02
9.051889999999999936e-03
8.964990000000000805e-03
1.059677000000000015e-02
1.507454000000000086e-02
1.961490000000000108e-02
2.175184999999999966e-02
2.252714000000000105e-02
2.157718000000000136e-02
1.932344000000000075e-02
1.701994999999999897e-02
1.353004000000000012e-02
9.704320000000000654e-03
8.567860000000000059e-03
8.505540000000000669e-03
8.402949999999999309e-03
9.025490000000000596e-03
1.096446000000000053e-02
1.284088000000000070e-02
1.227104000000000042e-02
1.225755000000000074e-02
1.144430999999999921e-02
1.286350999999999987e-02
1.166350000000000026e-02
9.826140000000000568e-03
8.472459999999999367e-03
7.448429999999999808e-03
