7.997789999999999414e-03
1.517811999999999981e-02
1.887801000000000062e-02
2.046156999999999837e-02
2.061373999999999845e-02
2.026491999999999877e-02
1.782734999999999875e-02
1.469803000000000082e-02
1.176139999999999998e-02
1.087223000000000009e-02
1.082388999999999921e-02
8.923759999999999332e-03
8.833030000000000395e-03
8.922189999999999982e-03
9.149449999999999944e-03
9.501420000000000005e-03
9.972389999999999380e-03
1.115644000000000011e-02
1.085026000000000046e-02
9.654150000000000231e-03
9.703109999999999166e-03
9.388449999999999573e-03
8.705970000000000375e-03
8.641299999999999329e-03
8.397760000000000641e-03
8.634680000000000480e-03
8.531729999999999522e-03
8.514509999999999440e-03
8.562359999999999763e-03
8.848349999999999618e-03
8.460389999999999924e-03
8.382129999999999789e-03
8.407380000000000755e-03
8.199579999999999716e-03
8.255900000000000044e-03
8.302729999999999486e-03
8.366679999999999603e-03
8.458949999999999803e-03
8.571020000000000374e-03
8.595030000000000031e-03
8.103149999999999936e-03
8.668870000000000395e-03
8.613620000000000651e-03
8.737790000000000487e-03
8.790340000000000653e-03
8.539309999999999609e-03
8.440859999999999683e-03
8.268529999999999630e-03
8.295689999999999661e-03
8.248399999999999482e-03
8.552870000000000611e-03
8.564399999999999791e-03
8.327479999999999952e-03
8.291619999999999546e-03
8.443519999999999498e-03
8.686730000000000146e-03
8.705449999999999994e-03
8.708050000000000165e-03
8.540010000000000656e-03
8.534860000000000016e-03
8.205749999999999503e-03
8.589269999999999544e-03
8.008760000000000184e-03
7.311940000000000280e-03
