7.127040000000000285e-03
8.325630000000000530e-03
8.433760000000000215e-03
8.113999999999999685e-03
8.395309999999999578e-03
8.441159999999999636e-03
8.224850000000000563e-03
8.282859999999999528e-03
8.117100000000000357e-03
8.542519999999999628e-03
8.478199999999999972e-03
8.354010000000000255e-03
8.460280000000000578e-03
8.413479999999999223e-03
8.505060000000000051e-03
8.524199999999999139e-03
8.406520000000000659e-03
8.319280000000000078e-03
8.674229999999999788e-03
8.817550000000000388e-03
8.548599999999999949e-03
8.355019999999999461e-03
8.336549999999999863e-03
8.319909999999999806e-03
8.442170000000000576e-03
8.829299999999999995e-03
8.678230000000000319e-03
8.423949999999999494e-03
8.647320000000000007e-03
8.328030000000000155e-03
8.480690000000000797e-03
8.411480000000000692e-03
8.652339999999999684e-03
8.279629999999999629e-03
8.422370000000000204e-03
8.423430000000000847e-03
8.583699999999999664e-03
8.566620000000000484e-03
8.630689999999999890e-03
8.403129999999999974e-03
8.661000000000000296e-03
8.447569999999999732e-03
8.517399999999999624e-03
8.444290000000000129e-03
8.600480000000000624e-03
8.731410000000000213e-03
8.982089999999999866e-03
9.221560000000000173e-03
8.545350000000000168e-03
8.844980000000000550e-03
9.144579999999999376e-03
9.326310000000000849e-03
9.080889999999999448e-03
9.072389999999999621e-03
8.799849999999999686e-03
8.760030000000000247e-03
9.199499999999999345e-03
9.597150000000000472e-03
1.087193000000000014e-02
1.189688000000000030e-02
1.270312000000000004e-02
1.460365999999999921e-02
1.322602999999999973e-02
7.354809999999999820e-03
