7.428770000000000338e-03
8.252199999999999466e-03
8.396630000000000413e-03
8.104500000000000592e-03
8.198530000000000748e-03
8.460199999999999318e-03
8.005560000000000107e-03
8.223199999999999954e-03
8.169269999999999310e-03
8.283999999999999697e-03
8.412370000000000611e-03
8.209620000000000806e-03
8.286379999999999441e-03
8.332829999999999404e-03
8.405630000000000740e-03
8.299670000000000311e-03
8.245139999999999761e-03
8.336609999999999507e-03
8.194760000000000585e-03
8.401290000000000494e-03
8.352429999999999230e-03
8.201740000000000766e-03
8.266149999999999887e-03
8.078409999999999411e-03
8.283810000000000826e-03
8.627229999999999621e-03
8.573080000000000284e-03
8.400889999999999400e-03
8.328459999999999336e-03
8.284120000000000719e-03
8.156800000000000508e-03
8.296710000000000543e-03
8.457650000000000584e-03
8.253069999999999504e-03
8.211559999999999693e-03
8.402069999999999331e-03
8.346630000000000715e-03
8.468649999999999442e-03
8.398489999999999775e-03
8.371319999999999803e-03
8.532369999999999191e-03
8.541069999999999565e-03
8.319160000000000790e-03
8.498840000000000561e-03
8.372330000000000744e-03
8.791280000000000275e-03
8.875350000000000600e-03
9.200329999999999619e-03
8.546309999999999671e-03
9.106370000000000783e-03
9.116630000000000567e-03
8.817000000000000184e-03
8.714339999999999239e-03
8.787959999999999175e-03
8.565599999999999603e-03
8.584100000000000757e-03
8.538240000000000759e-03
8.693239999999999648e-03
9.301800000000000693e-03
9.964070000000000218e-03
1.128614000000000006e-02
1.299896000000000038e-02
1.170622999999999976e-02
7.331879999999999821e-03
