7.434699999999999816e-03
8.374190000000000106e-03
8.238860000000000627e-03
8.579450000000000617e-03
8.315140000000000378e-03
8.496590000000000045e-03
8.312709999999999197e-03
8.198099999999999832e-03
8.357899999999999704e-03
8.712469999999999937e-03
8.666599999999999998e-03
8.827800000000000230e-03
8.537440000000000306e-03
8.553190000000000445e-03
8.473390000000000782e-03
8.700569999999999485e-03
8.743880000000000749e-03
8.333000000000000129e-03
8.199049999999999394e-03
8.257010000000000391e-03
8.681869999999999518e-03
9.391570000000000126e-03
9.115639999999999507e-03
8.381800000000000014e-03
8.307669999999999638e-03
8.441960000000000089e-03
8.637489999999999404e-03
8.760459999999999428e-03
9.083290000000000808e-03
8.454520000000000091e-03
8.399770000000000847e-03
8.447450000000000445e-03
8.687639999999999946e-03
8.614029999999999951e-03
8.307669999999999638e-03
8.460070000000000090e-03
8.555550000000000307e-03
9.021209999999999993e-03
8.934050000000000671e-03
8.773710000000000536e-03
8.049819999999999198e-03
8.281459999999999169e-03
8.621010000000000131e-03
8.692699999999999386e-03
8.900150000000000769e-03
9.093169999999999378e-03
9.019809999999999633e-03
9.633380000000000415e-03
9.268689999999999568e-03
9.483409999999999410e-03
9.389450000000000573e-03
9.124029999999999987e-03
8.495809999999999473e-03
8.628520000000000634e-03
9.296530000000000765e-03
1.025390999999999976e-02
1.201826999999999930e-02
1.262560000000000071e-02
1.413102999999999929e-02
1.488682000000000026e-02
1.562061999999999999e-02
1.604101999999999958e-02
1.270973000000000068e-02
7.346150000000000076e-03
