7.448409999999999927e-03
8.412849999999999495e-03
8.183700000000000349e-03
8.511849999999999625e-03
8.444899999999999976e-03
8.461720000000000699e-03
8.197080000000000685e-03
8.289849999999999650e-03
8.166730000000000517e-03
8.326029999999999889e-03
8.566280000000000769e-03
8.484429999999999403e-03
8.579949999999999383e-03
8.616759999999999350e-03
8.475170000000000620e-03
8.528439999999999979e-03
8.383389999999999245e-03
8.329490000000000158e-03
8.461120000000000793e-03
8.583320000000000186e-03
8.648049999999999141e-03
8.865700000000000663e-03
8.769690000000000124e-03
8.440519999999999967e-03
8.665430000000000008e-03
8.606980000000000186e-03
8.438130000000000283e-03
8.513599999999999640e-03
8.804120000000000348e-03
8.611960000000000101e-03
8.472540000000000626e-03
8.209799999999999737e-03
8.604119999999999824e-03
8.450440000000000035e-03
8.489770000000000649e-03
8.579720000000000749e-03
8.459349999999999162e-03
8.699349999999999791e-03
9.096049999999999622e-03
8.684219999999999440e-03
8.302719999999999545e-03
8.291780000000000331e-03
8.338480000000000544e-03
8.514340000000000450e-03
8.663970000000000005e-03
8.890109999999999679e-03
8.759299999999999378e-03
9.105959999999999749e-03
8.856620000000000811e-03
9.207369999999999444e-03
9.557609999999999370e-03
9.512120000000000644e-03
8.950460000000000360e-03
8.646829999999999447e-03
8.773440000000000405e-03
9.348169999999999397e-03
1.038884999999999982e-02
1.115828999999999953e-02
1.279231999999999939e-02
1.322807999999999970e-02
1.449480000000000039e-02
1.581741999999999870e-02
1.555143999999999971e-02
7.200999999999999936e-03
