7.587090000000000327e-03
8.656969999999999943e-03
8.396149999999999794e-03
8.583320000000000186e-03
8.729350000000000304e-03
8.526970000000000036e-03
8.268960000000000546e-03
8.650740000000000512e-03
8.932320000000000537e-03
9.272439999999999849e-03
9.171510000000000773e-03
9.160790000000000252e-03
8.849970000000000406e-03
8.350299999999999737e-03
8.617750000000000410e-03
9.279110000000000136e-03
9.181830000000000200e-03
8.424199999999999744e-03
8.326989999999999392e-03
8.181229999999999405e-03
8.788870000000000710e-03
9.990469999999999559e-03
1.021262000000000038e-02
8.850250000000000478e-03
8.390059999999999532e-03
8.637759999999999536e-03
9.102650000000000324e-03
9.053129999999999511e-03
9.168229999999999436e-03
8.663729999999999695e-03
8.472079999999999889e-03
8.792029999999999290e-03
9.158509999999999915e-03
9.302519999999999886e-03
8.728829999999999922e-03
8.674950000000000716e-03
9.026869999999999339e-03
1.009537999999999928e-02
9.579020000000000590e-03
8.811289999999999401e-03
8.318729999999999875e-03
8.413280000000000411e-03
8.899950000000000222e-03
9.727720000000000464e-03
1.008214999999999979e-02
1.007190999999999989e-02
1.065212999999999924e-02
1.110354000000000028e-02
1.068825999999999977e-02
1.064004999999999986e-02
9.880859999999999990e-03
9.496009999999999174e-03
9.191790000000000030e-03
1.092552999999999927e-02
1.349687999999999929e-02
1.600336999999999940e-02
1.892937000000000092e-02
2.130837000000000009e-02
2.335003999999999899e-02
2.369780000000000150e-02
2.183875999999999873e-02
2.104521000000000169e-02
1.733426999999999885e-02
7.662069999999999992e-03
