7.587739999999999936e-03
8.491699999999999596e-03
8.529890000000000042e-03
9.184960000000000693e-03
9.372089999999999588e-03
9.044369999999999493e-03
8.786209999999999160e-03
8.510069999999999787e-03
8.192319999999999464e-03
8.947319999999999926e-03
9.967119999999999452e-03
8.796659999999999549e-03
8.841569999999999985e-03
9.587299999999999989e-03
9.744179999999999855e-03
1.035610999999999997e-02
1.025650999999999993e-02
1.128389999999999949e-02
9.390950000000000339e-03
8.695500000000000104e-03
8.546780000000000349e-03
9.580180000000000640e-03
1.105400999999999953e-02
1.078250000000000042e-02
1.011745000000000005e-02
1.031605000000000022e-02
1.283615999999999924e-02
1.501984999999999952e-02
1.301734000000000051e-02
1.032993999999999926e-02
8.902109999999999537e-03
9.690280000000000768e-03
1.337645999999999974e-02
2.261327000000000129e-02
2.446699999999999917e-02
3.003911000000000081e-02
3.310280000000000167e-02
3.026724999999999902e-02
2.611391999999999880e-02
1.700619999999999910e-02
1.098077000000000081e-02
8.848170000000000687e-03
8.430530000000000315e-03
8.649769999999999334e-03
9.421999999999999820e-03
1.073424000000000079e-02
1.236016000000000024e-02
1.405092999999999967e-02
1.184786999999999993e-02
1.359318999999999979e-02
1.228405999999999942e-02
1.283058999999999936e-02
9.281430000000000236e-03
9.344190000000000482e-03
9.780759999999999454e-03
1.011660999999999984e-02
9.972200000000000508e-03
1.136577000000000073e-02
1.084698000000000086e-02
9.296189999999999315e-03
9.919080000000000258e-03
1.013544000000000077e-02
9.387990000000000571e-03
7.803509999999999613e-03
