8.344120000000000009e-03
1.065179999999999946e-02
1.219887000000000055e-02
1.180217000000000072e-02
1.259747999999999944e-02
1.275366000000000000e-02
1.020545999999999953e-02
8.476590000000000860e-03
9.008979999999999766e-03
1.145355999999999978e-02
1.362651999999999961e-02
1.919554999999999872e-02
2.527118999999999893e-02
3.065456999999999904e-02
2.917917999999999901e-02
2.917169999999999833e-02
2.872685999999999990e-02
1.980577000000000032e-02
1.391153000000000008e-02
9.960089999999999569e-03
8.955839999999999634e-03
9.163390000000000424e-03
9.001699999999999632e-03
9.839330000000000298e-03
1.125505000000000082e-02
1.202915000000000061e-02
1.315701000000000023e-02
1.397210999999999939e-02
1.261264999999999956e-02
1.073835000000000067e-02
9.977299999999999711e-03
9.260730000000000003e-03
9.772239999999999746e-03
1.047528000000000001e-02
9.569180000000000047e-03
1.005825999999999942e-02
9.690050000000000399e-03
8.786389999999999825e-03
9.125799999999999884e-03
9.140550000000000758e-03
9.123779999999999737e-03
8.802020000000000677e-03
8.675189999999999291e-03
8.784560000000000285e-03
8.730160000000000697e-03
8.681950000000000778e-03
9.080519999999999911e-03
9.654100000000000528e-03
9.494100000000000109e-03
9.116169999999999829e-03
8.797249999999999515e-03
8.660869999999999333e-03
9.010199999999999459e-03
9.434289999999999690e-03
9.880019999999999775e-03
9.159999999999999740e-03
8.866989999999999941e-03
8.396580000000000710e-03
8.527710000000000845e-03
9.000920000000000795e-03
9.716380000000000156e-03
9.415009999999999699e-03
8.699520000000000516e-03
7.708360000000000038e-03
