7.503440000000000110e-03
1.605815999999999841e-02
1.387160999999999950e-02
1.221086000000000046e-02
1.047801999999999935e-02
9.907590000000000841e-03
9.361909999999999329e-03
8.657259999999999955e-03
8.288530000000000550e-03
8.467830000000000842e-03
8.739900000000000099e-03
8.793260000000000659e-03
9.390920000000000517e-03
1.088871999999999930e-02
1.242904000000000057e-02
1.105041000000000009e-02
1.018890000000000073e-02
9.356520000000000115e-03
8.734070000000000028e-03
8.620030000000000747e-03
8.725220000000000545e-03
8.595320000000000044e-03
8.475760000000000585e-03
8.138980000000000520e-03
8.406699999999999590e-03
8.608849999999999489e-03
8.558009999999999576e-03
8.611769999999999495e-03
8.529590000000000088e-03
8.326300000000000021e-03
8.464460000000000039e-03
8.515850000000000156e-03
8.310130000000000641e-03
8.539369999999999253e-03
8.510200000000000750e-03
8.725669999999999607e-03
8.453230000000000813e-03
8.499339999999999326e-03
8.538920000000000191e-03
8.291279999999999831e-03
8.426680000000000628e-03
8.367480000000000057e-03
8.487089999999999218e-03
8.504080000000000666e-03
8.558140000000000538e-03
8.740780000000000077e-03
8.888939999999999689e-03
9.007350000000000773e-03
8.176450000000000037e-03
8.462779999999999608e-03
8.179769999999999402e-03
8.324289999999999815e-03
8.581369999999999623e-03
8.526999999999999857e-03
8.277369999999999173e-03
8.362780000000000213e-03
8.319089999999999471e-03
8.594199999999999756e-03
8.489599999999999924e-03
8.379740000000000105e-03
8.467999999999999833e-03
8.253649999999999529e-03
8.198360000000000022e-03
7.235730000000000113e-03
