9.192729999999999652e-03
1.629830999999999988e-02
1.823893999999999863e-02
1.832272000000000067e-02
1.702998000000000012e-02
1.572789000000000131e-02
1.468767999999999983e-02
1.160676000000000069e-02
9.790159999999999141e-03
9.429440000000000738e-03
9.338539999999999341e-03
8.730510000000000354e-03
9.011790000000000425e-03
9.270840000000000677e-03
9.586090000000000236e-03
1.000874000000000034e-02
1.064909999999999989e-02
1.147801000000000030e-02
1.047868000000000063e-02
9.535820000000000407e-03
9.042289999999999703e-03
8.669929999999999304e-03
8.597070000000000059e-03
8.432959999999999762e-03
8.561340000000000616e-03
8.844789999999999944e-03
8.424189999999999803e-03
8.605279999999999874e-03
8.696169999999999595e-03
8.486509999999999193e-03
8.501440000000000732e-03
8.352490000000000608e-03
8.472419999999999604e-03
8.397109999999999297e-03
8.224669999999999898e-03
8.497670000000000570e-03
8.187689999999999205e-03
8.728859999999999744e-03
8.678850000000000106e-03
8.373449999999999296e-03
8.263249999999999762e-03
8.480100000000000832e-03
8.843029999999999988e-03
9.059219999999999773e-03
8.944040000000000323e-03
8.541349999999999637e-03
8.331440000000000720e-03
8.371019999999999850e-03
8.503739999999999216e-03
8.540110000000000062e-03
8.443300000000000805e-03
8.369810000000000097e-03
8.272790000000000352e-03
8.268539999999999571e-03
8.489780000000000590e-03
8.728800000000000101e-03
8.563899999999999291e-03
8.581840000000000301e-03
8.344640000000000390e-03
8.387250000000000608e-03
8.472779999999999201e-03
8.661210000000000783e-03
8.501599999999999782e-03
7.477450000000000069e-03
