7.559810000000000141e-03
9.332349999999999673e-03
8.180689999999999143e-03
8.128949999999999371e-03
8.417010000000000811e-03
8.713719999999999452e-03
8.464460000000000039e-03
8.728029999999999469e-03
8.781499999999999376e-03
8.546919999999999518e-03
8.370360000000000300e-03
8.685510000000000452e-03
9.861919999999999714e-03
1.026035999999999962e-02
9.504550000000000498e-03
8.476660000000000444e-03
8.320640000000000674e-03
8.162390000000000270e-03
8.908070000000000571e-03
9.282779999999999157e-03
8.343180000000000388e-03
8.717749999999999805e-03
9.050209999999999505e-03
9.313810000000000491e-03
1.029665999999999915e-02
9.537399999999999697e-03
8.974019999999999220e-03
9.626980000000000259e-03
1.063683999999999984e-02
1.166915999999999960e-02
9.563930000000000001e-03
8.336249999999999910e-03
8.344960000000000225e-03
8.761969999999999134e-03
9.585830000000000045e-03
9.756310000000000676e-03
1.018368000000000051e-02
1.065912999999999930e-02
1.123731000000000035e-02
1.200913999999999975e-02
1.239244999999999930e-02
1.060936999999999991e-02
9.432779999999999984e-03
9.566049999999999554e-03
1.220851000000000054e-02
1.959386999999999934e-02
2.361094999999999861e-02
2.644356999999999958e-02
2.893801999999999833e-02
2.546264999999999987e-02
2.627478999999999926e-02
2.601422000000000109e-02
1.815682000000000060e-02
1.621012000000000147e-02
1.051760000000000021e-02
9.454100000000000004e-03
8.853579999999999783e-03
8.793959999999999971e-03
9.161320000000000574e-03
1.012995000000000041e-02
1.079834999999999996e-02
1.112357999999999923e-02
9.866319999999999604e-03
7.832220000000000848e-03
