7.282499999999999911e-03
8.619520000000000307e-03
9.529750000000000026e-03
1.243273999999999942e-02
1.692238000000000075e-02
2.026249999999999926e-02
2.454802000000000026e-02
2.605885000000000146e-02
2.637344000000000147e-02
2.601354999999999987e-02
2.589181999999999942e-02
1.866127999999999884e-02
1.517904999999999949e-02
1.184184999999999925e-02
9.786370000000000832e-03
8.695589999999999570e-03
8.670519999999999269e-03
8.847670000000000187e-03
9.428060000000000260e-03
9.633489999999999762e-03
1.126604999999999968e-02
1.262073000000000014e-02
1.167490000000000021e-02
1.026512000000000084e-02
1.037651000000000025e-02
9.733769999999999228e-03
9.724150000000000849e-03
8.949779999999999194e-03
9.575629999999999906e-03
9.161930000000000421e-03
8.727169999999999372e-03
8.682199999999999293e-03
8.707490000000000022e-03
8.446139999999999551e-03
8.507300000000000625e-03
8.543969999999999690e-03
8.540789999999999493e-03
9.172680000000000763e-03
8.958999999999999950e-03
8.588250000000000398e-03
8.396920000000000425e-03
8.752219999999999792e-03
9.242780000000000787e-03
9.025000000000000036e-03
8.478889999999999344e-03
8.676420000000000660e-03
8.728440000000000504e-03
8.841130000000000863e-03
8.967239999999999586e-03
9.074340000000000184e-03
8.715469999999999468e-03
8.541150000000000825e-03
8.777460000000000817e-03
9.245359999999999343e-03
9.539719999999999797e-03
9.244119999999999768e-03
9.309150000000000411e-03
8.417859999999999232e-03
8.475989999999999219e-03
8.511569999999999553e-03
8.820190000000000322e-03
8.470629999999999826e-03
9.536670000000000563e-03
7.384650000000000415e-03
