1.033473000000000031e-02
1.887830999999999884e-02
1.833111000000000115e-02
1.650068999999999841e-02
1.423744000000000051e-02
1.326950999999999999e-02
1.156882000000000049e-02
9.596030000000000185e-03
8.967970000000000455e-03
8.867969999999999325e-03
8.953140000000000057e-03
8.821270000000000847e-03
9.615540000000000545e-03
1.105116000000000084e-02
1.154975999999999919e-02
1.124620999999999954e-02
1.088655999999999999e-02
1.138303000000000058e-02
9.960619999999999891e-03
9.171669999999999823e-03
8.770669999999999508e-03
8.715270000000000655e-03
8.690059999999999452e-03
8.501530000000000198e-03
8.652520000000000350e-03
9.316430000000000544e-03
8.929039999999999200e-03
8.886730000000000670e-03
8.563470000000000110e-03
8.719620000000000842e-03
8.565510000000000138e-03
8.756730000000000763e-03
8.680359999999999812e-03
8.458330000000000015e-03
8.522230000000000430e-03
8.725550000000000320e-03
8.800820000000000864e-03
8.840709999999999888e-03
8.613729999999999998e-03
8.463530000000000358e-03
8.253210000000000407e-03
8.335800000000000848e-03
9.214240000000000277e-03
8.985790000000000444e-03
8.962839999999999696e-03
8.417479999999999754e-03
8.764940000000000578e-03
9.051979999999999402e-03
8.576929999999999971e-03
8.640609999999999957e-03
8.611540000000000861e-03
8.609040000000000095e-03
8.312570000000000028e-03
8.880159999999999790e-03
8.684370000000000284e-03
8.967899999999999136e-03
8.750279999999999170e-03
8.565019999999999578e-03
8.672819999999999488e-03
8.612140000000000767e-03
8.701020000000000282e-03
8.625370000000000259e-03
8.420119999999999688e-03
7.516649999999999721e-03
