8.617019999999999541e-03
9.232699999999999935e-03
8.614210000000000617e-03
8.673470000000000832e-03
8.365779999999999744e-03
8.624190000000000328e-03
8.489939999999999640e-03
8.692550000000000276e-03
9.085249999999999576e-03
8.822619999999999768e-03
8.708890000000000381e-03
8.655130000000000462e-03
9.142489999999999645e-03
9.495969999999999411e-03
9.341139999999999513e-03
8.560150000000000745e-03
8.415749999999999620e-03
8.396640000000000353e-03
8.726269999999999513e-03
8.998940000000000411e-03
8.590069999999999997e-03
8.784830000000000416e-03
8.592469999999999622e-03
8.704889999999999850e-03
9.663539999999999977e-03
9.567569999999999200e-03
8.762080000000000216e-03
8.950019999999999504e-03
9.026720000000000230e-03
1.079712000000000033e-02
1.063817000000000061e-02
8.641170000000000101e-03
9.090849999999999279e-03
8.679650000000000559e-03
8.855500000000000524e-03
9.549190000000000803e-03
1.003414000000000042e-02
9.794129999999999850e-03
1.023585999999999940e-02
1.131920999999999969e-02
1.185007000000000074e-02
1.151790999999999926e-02
9.590780000000000138e-03
9.165039999999999298e-03
9.577020000000000324e-03
1.337157999999999923e-02
1.959757000000000166e-02
2.173500999999999905e-02
2.538460000000000022e-02
2.369856000000000046e-02
2.511882000000000004e-02
2.630050000000000096e-02
1.776785999999999990e-02
1.559368000000000039e-02
1.185130000000000038e-02
9.945300000000000668e-03
8.721809999999999979e-03
8.585320000000000451e-03
8.692750000000000823e-03
9.036070000000000213e-03
9.195029999999999870e-03
9.474649999999999392e-03
9.226669999999999316e-03
7.511330000000000090e-03
