7.620720000000000098e-03
8.735990000000000769e-03
8.617079999999999185e-03
8.585509999999999323e-03
8.232810000000000128e-03
8.701129999999999629e-03
8.914399999999999408e-03
9.210029999999999259e-03
9.413609999999999339e-03
9.200879999999999823e-03
8.757749999999999910e-03
8.739759999999999196e-03
8.535579999999999209e-03
8.567609999999999809e-03
9.026309999999999195e-03
9.440590000000000440e-03
8.747680000000000733e-03
8.440579999999999611e-03
8.386509999999999798e-03
8.516549999999999468e-03
8.726170000000000107e-03
9.471530000000000574e-03
9.389130000000000739e-03
8.540020000000000597e-03
8.782150000000000720e-03
9.212240000000000012e-03
9.445890000000000189e-03
9.061629999999999338e-03
8.720270000000000452e-03
8.471450000000000161e-03
8.548450000000000840e-03
8.912679999999999214e-03
9.063319999999999710e-03
9.004659999999999401e-03
9.178749999999999409e-03
9.261989999999999459e-03
8.829740000000000852e-03
9.689500000000000196e-03
9.214899999999999827e-03
8.715060000000000168e-03
8.349580000000000543e-03
8.707440000000000319e-03
9.086169999999999317e-03
9.758849999999999469e-03
1.007667999999999932e-02
1.014233999999999969e-02
1.080526000000000056e-02
1.245666999999999955e-02
1.093853000000000013e-02
9.515340000000000603e-03
8.816879999999999162e-03
9.326839999999999437e-03
1.095610999999999981e-02
1.480252999999999951e-02
1.887298000000000101e-02
2.079036999999999899e-02
2.352894000000000166e-02
2.426104000000000108e-02
2.514115999999999920e-02
2.330627999999999866e-02
1.970030000000000045e-02
1.571194000000000063e-02
1.295783000000000004e-02
7.748569999999999763e-03
