7.834070000000000270e-03
9.412359999999999824e-03
9.827930000000000346e-03
9.415710000000000746e-03
9.258439999999999725e-03
1.066578999999999965e-02
1.157679000000000000e-02
1.172961999999999963e-02
1.224787999999999918e-02
1.079324000000000082e-02
9.610189999999999358e-03
8.716559999999999933e-03
8.682520000000000862e-03
9.976209999999999245e-03
1.149353000000000007e-02
1.200027000000000038e-02
1.240472999999999923e-02
1.013269999999999969e-02
1.233315999999999926e-02
1.578879000000000046e-02
1.549649999999999986e-02
1.040993999999999947e-02
9.138920000000000030e-03
1.007442000000000060e-02
1.619262000000000132e-02
2.304770999999999903e-02
3.410436000000000023e-02
4.255776000000000003e-02
4.337147999999999698e-02
3.318461000000000327e-02
2.645561000000000093e-02
2.132834000000000119e-02
1.543609999999999947e-02
1.052856999999999925e-02
9.009980000000000766e-03
9.236130000000000381e-03
1.055094999999999991e-02
1.288103999999999985e-02
1.368623000000000062e-02
1.351675999999999919e-02
1.433790000000000064e-02
1.332494000000000040e-02
1.091674999999999937e-02
9.261149999999999244e-03
8.523400000000000420e-03
8.796319999999999834e-03
9.245959999999999249e-03
9.662250000000000699e-03
8.707279999999999534e-03
9.532149999999999651e-03
9.693979999999999611e-03
9.281680000000000486e-03
9.485779999999999212e-03
9.440820000000000808e-03
8.989600000000000368e-03
8.757779999999999732e-03
8.593669999999999434e-03
8.593319999999999778e-03
8.356300000000000533e-03
8.627440000000000109e-03
8.673629999999999882e-03
9.126979999999999815e-03
9.041820000000000759e-03
7.721770000000000196e-03
