7.133969999999999895e-03
8.482419999999999197e-03
8.430619999999999781e-03
8.499150000000000454e-03
8.301460000000000089e-03
8.587360000000000479e-03
8.301710000000000339e-03
8.795539999999999262e-03
8.674019999999999300e-03
8.900860000000000022e-03
8.906469999999999665e-03
8.549670000000000533e-03
8.438579999999999345e-03
8.372769999999999865e-03
8.545940000000000134e-03
9.052249999999999533e-03
8.834160000000000623e-03
8.265319999999999612e-03
8.184790000000000815e-03
8.148620000000000516e-03
8.627249999999999502e-03
9.530179999999999207e-03
9.187320000000000556e-03
8.525370000000000864e-03
8.293049999999999727e-03
8.738960000000000478e-03
8.881599999999999911e-03
8.681060000000000859e-03
8.594589999999999175e-03
8.242569999999999411e-03
8.354739999999999389e-03
8.442140000000000755e-03
8.658300000000000718e-03
8.784429999999999322e-03
8.654230000000000603e-03
8.797279999999999336e-03
9.023730000000000639e-03
9.320880000000000137e-03
8.955849999999999575e-03
8.452589999999999409e-03
8.330650000000000208e-03
8.594660000000000494e-03
9.305380000000000248e-03
9.624999999999999875e-03
9.626739999999999950e-03
9.684820000000000234e-03
9.925269999999999926e-03
1.058744000000000005e-02
9.863359999999999836e-03
9.455460000000000600e-03
8.816809999999999578e-03
9.002889999999999504e-03
9.317030000000000450e-03
1.025384000000000018e-02
1.410755999999999989e-02
1.638794999999999835e-02
1.904136000000000023e-02
2.019036000000000095e-02
2.095761999999999972e-02
2.024950999999999834e-02
1.730017999999999834e-02
1.510970000000000021e-02
1.206226999999999994e-02
7.411029999999999875e-03
