8.353120000000000336e-03
1.022269999999999950e-02
9.201169999999999835e-03
8.891289999999999610e-03
8.592980000000000063e-03
8.979670000000000360e-03
8.630840000000000733e-03
8.761049999999999394e-03
9.399650000000000713e-03
9.779490000000000058e-03
9.688419999999999671e-03
9.995540000000000674e-03
1.054313999999999946e-02
1.040227999999999986e-02
9.557130000000000486e-03
8.500169999999999601e-03
8.466460000000000305e-03
9.955399999999999666e-03
1.331731000000000061e-02
1.919264000000000039e-02
2.298872999999999889e-02
2.428322000000000119e-02
2.220646999999999899e-02
1.706076000000000120e-02
1.430692000000000075e-02
1.229369999999999942e-02
1.035191000000000063e-02
9.196940000000000670e-03
8.816660000000000469e-03
8.654049999999999937e-03
8.698749999999999885e-03
9.536209999999999826e-03
1.062125000000000048e-02
1.157032000000000026e-02
1.156229999999999931e-02
9.794300000000000575e-03
9.567140000000000019e-03
9.168729999999999936e-03
8.995569999999999608e-03
8.369980000000000822e-03
8.867599999999999788e-03
8.765409999999999521e-03
9.160019999999999621e-03
8.632600000000000690e-03
8.067059999999999162e-03
8.359530000000000433e-03
8.513019999999999615e-03
8.278449999999999698e-03
8.238260000000000721e-03
8.464700000000000349e-03
8.456899999999999834e-03
8.774540000000000811e-03
8.200489999999999516e-03
8.386219999999999786e-03
8.603160000000000321e-03
8.738380000000000453e-03
8.572009999999999699e-03
8.366520000000000554e-03
8.672120000000000176e-03
8.705179999999999862e-03
8.534730000000000788e-03
8.672100000000000294e-03
8.816809999999999578e-03
7.262379999999999704e-03
