7.528670000000000327e-03
8.375290000000000512e-03
8.280120000000000188e-03
8.236149999999999374e-03
8.540390000000000134e-03
8.398759999999999906e-03
8.097399999999999390e-03
8.416710000000000858e-03
8.651360000000000300e-03
9.217450000000000296e-03
8.673029999999999975e-03
8.763510000000000397e-03
8.479570000000000510e-03
8.438140000000000224e-03
8.622599999999999362e-03
9.020349999999999896e-03
8.707529999999999784e-03
8.374720000000000428e-03
8.221920000000000617e-03
8.162670000000000342e-03
8.315670000000000700e-03
9.479629999999999307e-03
9.663510000000000155e-03
8.488670000000000243e-03
8.223319999999999241e-03
8.554479999999999723e-03
8.901559999999999334e-03
8.816789999999999697e-03
8.962070000000000800e-03
8.439159999999999370e-03
8.387570000000000442e-03
8.660579999999999321e-03
8.794440000000000590e-03
8.875479999999999828e-03
8.456170000000000700e-03
8.660239999999999605e-03
8.589589999999999378e-03
9.814530000000000129e-03
9.328349999999999143e-03
8.790400000000000297e-03
8.221449999999999939e-03
8.278809999999999295e-03
8.847070000000000281e-03
9.408089999999999162e-03
9.585250000000000020e-03
9.384210000000000468e-03
1.016438000000000064e-02
1.103223000000000051e-02
1.018639999999999997e-02
9.923780000000000101e-03
9.106360000000000843e-03
8.804690000000000433e-03
8.647109999999999519e-03
1.103459000000000037e-02
1.351289999999999956e-02
1.526300000000000053e-02
1.798135999999999832e-02
1.945461999999999886e-02
2.009506000000000139e-02
2.010862000000000066e-02
1.880149000000000056e-02
1.664217999999999947e-02
1.219041000000000048e-02
7.556669999999999707e-03
