7.691599999999999826e-03
8.472089999999999829e-03
8.258319999999999550e-03
8.336569999999999744e-03
8.308380000000000626e-03
8.516259999999999455e-03
8.179370000000000043e-03
8.103259999999999283e-03
8.159990000000000646e-03
8.458000000000000240e-03
8.648380000000000650e-03
8.431980000000000378e-03
8.656219999999999193e-03
8.622740000000000266e-03
8.527150000000000701e-03
8.547149999999999886e-03
8.484349999999999878e-03
8.204819999999999822e-03
8.353859999999999411e-03
8.698529999999999457e-03
8.921490000000000670e-03
8.649189999999999309e-03
8.713969999999999702e-03
8.560339999999999616e-03
8.611960000000000101e-03
8.749269999999999964e-03
8.599849999999999162e-03
8.436809999999999449e-03
8.591470000000000357e-03
8.610750000000000348e-03
8.308750000000000163e-03
8.411429999999999255e-03
8.498580000000000370e-03
8.395200000000000232e-03
8.268740000000000118e-03
8.485899999999999346e-03
8.385739999999999167e-03
8.629680000000000684e-03
8.968669999999999767e-03
8.788610000000000519e-03
8.543369999999999784e-03
8.355420000000000555e-03
8.052780000000000701e-03
8.580189999999999692e-03
8.900969999999999369e-03
9.379439999999999306e-03
9.642639999999999198e-03
9.244429999999999661e-03
9.077879999999999977e-03
9.702989999999999879e-03
9.756660000000000332e-03
9.887959999999999458e-03
9.149469999999999825e-03
9.138620000000000076e-03
8.747450000000000364e-03
9.120120000000000657e-03
9.886709999999999943e-03
1.115670000000000030e-02
1.256150999999999969e-02
1.386377999999999916e-02
1.484502000000000044e-02
1.669133000000000075e-02
1.591804999999999956e-02
7.457919999999999827e-03
