9.435930000000000359e-03
1.255347000000000060e-02
1.114788000000000064e-02
1.035714000000000079e-02
9.220529999999999352e-03
9.001469999999999264e-03
8.593029999999999766e-03
8.411790000000000586e-03
8.358549999999999314e-03
8.472920000000000104e-03
8.384700000000000139e-03
8.515800000000000453e-03
9.289669999999999872e-03
9.982780000000000126e-03
1.067959999999999916e-02
9.761109999999999925e-03
9.297589999999999674e-03
8.778549999999999548e-03
8.667809999999999751e-03
8.372209999999999722e-03
8.426190000000000069e-03
8.725359999999999713e-03
8.748650000000000176e-03
8.292050000000000462e-03
8.125149999999999387e-03
8.576830000000000565e-03
8.552300000000000527e-03
8.460469999999999449e-03
8.551460000000000311e-03
8.337249999999999175e-03
8.361719999999999570e-03
8.206949999999999315e-03
8.211960000000000787e-03
8.545129999999999740e-03
8.511740000000000278e-03
8.501639999999999545e-03
8.359290000000000123e-03
8.438609999999999167e-03
8.391499999999999654e-03
8.395130000000000647e-03
8.430059999999999637e-03
8.184240000000000612e-03
8.375409999999999799e-03
8.269870000000000346e-03
8.475490000000000454e-03
8.382499999999999327e-03
8.702730000000000535e-03
8.420930000000000082e-03
8.266120000000000065e-03
8.318090000000000206e-03
8.449679999999999344e-03
8.455199999999999522e-03
8.459680000000000671e-03
8.546259999999999968e-03
8.299720000000000014e-03
8.478080000000000685e-03
8.323729999999999671e-03
8.362180000000000307e-03
8.410390000000000227e-03
8.221400000000000236e-03
8.317839999999999956e-03
8.328800000000000786e-03
8.118449999999999278e-03
7.253289999999999911e-03
