7.005720000000000003e-03
8.851619999999999280e-03
8.553840000000000054e-03
8.592429999999999859e-03
8.872790000000000191e-03
9.365059999999999704e-03
8.756609999999999741e-03
8.389719999999999817e-03
8.849070000000000547e-03
8.685669999999999502e-03
9.028559999999999711e-03
9.028740000000000376e-03
9.547369999999999468e-03
9.767939999999999262e-03
9.061949999999999172e-03
9.323599999999999596e-03
8.837690000000000476e-03
8.635129999999999542e-03
8.483090000000000422e-03
9.048779999999999324e-03
8.449530000000000235e-03
8.497350000000000736e-03
9.493200000000000249e-03
9.288299999999999335e-03
1.010315999999999992e-02
1.033206000000000055e-02
9.663200000000000262e-03
1.041394999999999994e-02
9.649059999999999235e-03
1.097464000000000078e-02
9.198370000000000851e-03
8.506220000000000100e-03
9.074679999999999899e-03
9.395340000000000288e-03
9.430809999999999541e-03
9.523880000000000193e-03
9.888259999999999411e-03
1.060392999999999926e-02
1.116798999999999917e-02
1.095313000000000016e-02
1.046413000000000031e-02
9.339550000000000282e-03
1.033314999999999928e-02
1.141544000000000066e-02
1.480907000000000057e-02
2.047571000000000113e-02
2.544839999999999949e-02
2.691560999999999954e-02
2.656947999999999949e-02
2.029492999999999922e-02
1.945343999999999893e-02
1.684551000000000104e-02
1.248089999999999963e-02
1.092632999999999972e-02
8.811859999999999485e-03
8.560349999999999557e-03
9.217629999999999227e-03
9.327600000000000127e-03
1.000236000000000007e-02
1.188616999999999972e-02
1.259125000000000001e-02
1.226481999999999919e-02
1.072122000000000006e-02
7.742839999999999966e-03
