7.477570000000000223e-03
8.648710000000000425e-03
8.724459999999999854e-03
9.376350000000000309e-03
9.380720000000000378e-03
9.087220000000000020e-03
8.427630000000000191e-03
8.319939999999999627e-03
8.642649999999999985e-03
9.849369999999999653e-03
9.922600000000000170e-03
8.460729999999999640e-03
8.616949999999999957e-03
9.696049999999999461e-03
1.044264999999999950e-02
1.134712000000000047e-02
1.024663999999999957e-02
9.956859999999999669e-03
8.505060000000000051e-03
8.488499999999999518e-03
8.973339999999999789e-03
9.500889999999999683e-03
1.081585000000000012e-02
1.084209000000000041e-02
1.090560999999999961e-02
1.231836000000000042e-02
1.556729999999999919e-02
1.488220999999999988e-02
1.071149000000000059e-02
9.191690000000000624e-03
1.229729000000000065e-02
1.557469000000000041e-02
2.198121999999999923e-02
3.192906000000000216e-02
3.063085999999999934e-02
3.429971999999999882e-02
3.361886000000000041e-02
2.770082000000000100e-02
1.987695999999999907e-02
1.202892000000000024e-02
8.454240000000000019e-03
8.561900000000000760e-03
9.048950000000000049e-03
9.012060000000000556e-03
1.018888000000000085e-02
1.189528999999999934e-02
1.546173999999999986e-02
1.654730999999999910e-02
1.221412000000000019e-02
1.181814999999999949e-02
1.015369999999999988e-02
1.014806000000000041e-02
8.340969999999999634e-03
9.341320000000000179e-03
1.019568000000000037e-02
1.044001999999999951e-02
1.038449999999999963e-02
1.102081000000000068e-02
1.134604999999999989e-02
9.873190000000000438e-03
9.277799999999999242e-03
9.829849999999999352e-03
8.522439999999999183e-03
7.717149999999999878e-03
