7.830550000000000357e-03
8.983770000000000297e-03
8.445539999999999645e-03
8.646900000000000766e-03
8.583729999999999485e-03
8.710060000000000371e-03
9.108200000000000324e-03
9.187910000000000521e-03
9.220429999999999945e-03
8.543820000000000581e-03
8.693859999999999436e-03
8.581850000000000242e-03
8.730659999999999463e-03
9.432650000000000756e-03
9.477569999999999398e-03
8.822560000000000124e-03
9.083090000000000261e-03
1.011560000000000063e-02
1.008553000000000054e-02
1.067106999999999951e-02
1.030947999999999934e-02
9.073299999999999421e-03
9.148180000000000547e-03
9.678859999999999200e-03
9.874600000000000738e-03
1.011827000000000039e-02
9.669530000000000833e-03
1.195810999999999923e-02
1.263393999999999975e-02
1.402177999999999931e-02
1.224253999999999967e-02
1.000817000000000026e-02
1.073347000000000016e-02
1.238624999999999969e-02
1.710702999999999877e-02
2.525010999999999922e-02
3.448136999999999730e-02
3.968748999999999888e-02
4.079322999999999977e-02
2.999053999999999956e-02
2.252880000000000160e-02
1.527213000000000008e-02
1.195126000000000001e-02
1.034260000000000040e-02
8.643990000000000701e-03
9.231839999999999838e-03
1.021563999999999979e-02
1.092431999999999952e-02
1.068786000000000042e-02
1.489239000000000014e-02
1.566346999999999878e-02
1.760748999999999995e-02
1.359479000000000069e-02
1.211617000000000076e-02
9.950489999999999335e-03
9.402060000000000278e-03
1.030346000000000040e-02
1.072229000000000064e-02
9.413710000000000480e-03
9.390529999999999364e-03
1.036321999999999938e-02
1.080160999999999968e-02
1.198143999999999945e-02
7.649190000000000156e-03
