7.202590000000000034e-03
8.577420000000000530e-03
8.219409999999999911e-03
8.760409999999999725e-03
8.865960000000000854e-03
8.912319999999999617e-03
8.591980000000000797e-03
8.192339999999999345e-03
8.216869999999999383e-03
8.692200000000000620e-03
8.990800000000000181e-03
8.954890000000000072e-03
8.442579999999999876e-03
8.439079999999999845e-03
8.591980000000000797e-03
8.711049999999999696e-03
9.193530000000000105e-03
8.826550000000000715e-03
8.566839999999999178e-03
8.280759999999999857e-03
8.491179999999999214e-03
8.925940000000000263e-03
9.107399999999999871e-03
8.453310000000000338e-03
8.399469999999999159e-03
8.283459999999999435e-03
8.867589999999999847e-03
9.174409999999999163e-03
9.550239999999999771e-03
8.600379999999999484e-03
8.881490000000000565e-03
8.758000000000000160e-03
9.225940000000000182e-03
9.185650000000000065e-03
8.701830000000000676e-03
8.547570000000000862e-03
9.313870000000000135e-03
9.834499999999999492e-03
9.592659999999999382e-03
8.522840000000000277e-03
8.823269999999999377e-03
9.348759999999999362e-03
9.856329999999999952e-03
1.026604000000000058e-02
1.011726999999999939e-02
8.746349999999999958e-03
8.958060000000000328e-03
1.036274000000000049e-02
1.358391999999999933e-02
1.805131000000000097e-02
2.049530999999999922e-02
2.001854000000000133e-02
2.022209999999999980e-02
2.082436000000000009e-02
1.983392000000000141e-02
1.560662999999999981e-02
1.195143000000000073e-02
1.068337999999999927e-02
9.585700000000000817e-03
8.673989999999999478e-03
8.364210000000000395e-03
8.615670000000000620e-03
8.348120000000000540e-03
7.573279999999999942e-03
