7.805809999999999832e-03
8.456349999999999631e-03
8.606960000000000305e-03
8.256209999999999938e-03
8.819650000000000059e-03
9.574960000000000415e-03
9.908820000000000475e-03
9.495139999999999136e-03
9.778880000000000211e-03
8.625110000000000068e-03
8.539720000000000644e-03
8.604090000000000002e-03
9.250950000000000839e-03
9.228180000000000757e-03
8.963969999999999924e-03
8.825410000000000546e-03
8.847199999999999509e-03
9.060969999999999788e-03
9.367169999999999316e-03
9.363339999999999511e-03
9.235079999999999678e-03
8.737019999999999856e-03
9.063470000000000554e-03
9.084750000000000811e-03
9.298300000000000662e-03
9.416229999999999392e-03
8.943420000000000536e-03
8.942630000000000023e-03
8.829959999999999545e-03
8.548429999999999224e-03
8.657869999999999802e-03
8.755850000000000785e-03
8.967239999999999586e-03
9.421910000000000354e-03
1.010227000000000000e-02
9.687990000000000490e-03
8.727399999999999741e-03
8.853889999999999677e-03
9.374590000000000353e-03
9.430070000000000466e-03
9.243219999999999908e-03
8.955930000000000835e-03
9.684150000000000744e-03
1.077551000000000030e-02
1.154162000000000070e-02
1.069011999999999914e-02
1.116116999999999977e-02
1.067297000000000037e-02
9.310989999999999892e-03
1.011761000000000084e-02
1.224434999999999933e-02
1.290790999999999987e-02
1.817399999999999918e-02
2.241276999999999853e-02
2.712915999999999939e-02
2.585685999999999887e-02
2.571852000000000166e-02
2.386218999999999840e-02
2.140631999999999951e-02
1.879172999999999955e-02
1.424050999999999963e-02
1.145991000000000024e-02
8.883020000000000152e-03
7.749699999999999991e-03
