7.647619999999999939e-03
8.460280000000000578e-03
8.311769999999999575e-03
8.460570000000000590e-03
8.497029999999999167e-03
8.305079999999999407e-03
8.225400000000000766e-03
8.353569999999999399e-03
8.660390000000000449e-03
8.625310000000000615e-03
8.624369999999999259e-03
8.607349999999999723e-03
8.515939999999999621e-03
8.500399999999999970e-03
8.628709999999999505e-03
8.815339999999999634e-03
8.485700000000000534e-03
8.450340000000000629e-03
8.339579999999999216e-03
8.246440000000000714e-03
8.623020000000000337e-03
9.296850000000000599e-03
8.996109999999999871e-03
8.602620000000000058e-03
8.354449999999999377e-03
8.394230000000000788e-03
8.737889999999999893e-03
8.702810000000000060e-03
8.812570000000000472e-03
8.457430000000000156e-03
8.261599999999999153e-03
8.446230000000000751e-03
8.711730000000000862e-03
8.716899999999999649e-03
8.656830000000000774e-03
8.543200000000000793e-03
8.893909999999999663e-03
9.553970000000000171e-03
9.276009999999999464e-03
8.590719999999999607e-03
8.042759999999999493e-03
8.545250000000000762e-03
8.844229999999999800e-03
9.228750000000000842e-03
9.557140000000000427e-03
9.418170000000000014e-03
9.747719999999999649e-03
9.865779999999999342e-03
9.566130000000000813e-03
9.451599999999999238e-03
9.276740000000000333e-03
9.466179999999999387e-03
8.500280000000000682e-03
8.999709999999999308e-03
1.117002999999999920e-02
1.241808999999999968e-02
1.360980000000000002e-02
1.500221000000000020e-02
1.615963000000000122e-02
1.615035999999999902e-02
1.462454000000000011e-02
1.495556999999999963e-02
1.162276999999999928e-02
7.551190000000000159e-03
