7.732600000000000064e-03
8.636529999999999901e-03
8.240700000000000108e-03
8.407380000000000755e-03
8.429580000000000753e-03
8.866600000000000523e-03
8.815039999999999681e-03
8.951670000000000113e-03
9.128519999999999343e-03
8.806899999999999451e-03
8.593140000000000847e-03
8.567770000000000594e-03
8.558879999999999613e-03
8.748699999999999879e-03
8.675300000000000372e-03
9.310250000000000817e-03
8.731809999999999572e-03
8.431869999999999296e-03
8.680749999999999231e-03
8.857010000000000230e-03
8.589559999999999557e-03
8.992669999999999483e-03
9.102380000000000193e-03
8.713830000000000534e-03
8.561690000000000272e-03
8.992999999999999258e-03
9.101490000000000274e-03
8.949890000000000276e-03
8.556630000000000832e-03
8.504420000000000382e-03
8.569049999999999931e-03
8.587430000000000063e-03
8.789780000000000509e-03
8.909850000000000408e-03
9.276410000000000558e-03
9.283619999999999373e-03
8.963590000000000446e-03
9.051969999999999461e-03
8.900639999999999594e-03
8.729010000000000588e-03
8.677199999999999497e-03
9.015149999999999553e-03
9.609470000000000164e-03
1.002532000000000076e-02
1.047791000000000000e-02
1.033164999999999951e-02
1.148250999999999959e-02
1.140507999999999973e-02
1.018492000000000008e-02
9.450250000000000317e-03
9.031529999999999420e-03
9.254909999999999873e-03
1.103773000000000080e-02
1.283728999999999947e-02
1.825904999999999889e-02
1.830557999999999838e-02
1.973971000000000059e-02
2.011662999999999993e-02
2.063863999999999976e-02
1.831009000000000109e-02
1.540369999999999934e-02
1.322197999999999950e-02
1.012767000000000008e-02
7.487490000000000291e-03
