7.411619999999999840e-03
8.669750000000000373e-03
9.713760000000000103e-03
1.329644999999999959e-02
1.820454999999999990e-02
2.067607000000000125e-02
2.476004999999999873e-02
2.579617999999999842e-02
2.522469999999999921e-02
2.517101000000000061e-02
2.302525000000000058e-02
1.824073000000000014e-02
1.423723999999999996e-02
1.130891000000000014e-02
9.297390000000000862e-03
8.911129999999999746e-03
8.861259999999999276e-03
8.823309999999999140e-03
9.465080000000000715e-03
1.006589999999999915e-02
1.115441999999999996e-02
1.197359999999999917e-02
1.152809999999999946e-02
9.670830000000000051e-03
9.864849999999999661e-03
9.236130000000000381e-03
9.669979999999999895e-03
8.913459999999999786e-03
9.278009999999999730e-03
8.948779999999999929e-03
8.520549999999999999e-03
8.526239999999999167e-03
8.647280000000000244e-03
8.546979999999999161e-03
8.405299999999999230e-03
8.564300000000000385e-03
8.784260000000000332e-03
8.987270000000000328e-03
8.788600000000000578e-03
8.519189999999999402e-03
8.515540000000000262e-03
8.640750000000000861e-03
9.344140000000000779e-03
8.989600000000000368e-03
8.462839999999999252e-03
8.786270000000000538e-03
9.082579999999999820e-03
8.959850000000000106e-03
8.518170000000000255e-03
8.865619999999999404e-03
8.617200000000000207e-03
8.422769999999999563e-03
8.593450000000000741e-03
9.140060000000000198e-03
9.314619999999999150e-03
9.014940000000000800e-03
8.867550000000000085e-03
8.502519999999999523e-03
8.562689999999999538e-03
8.762690000000000062e-03
8.525440000000000448e-03
8.551619999999999361e-03
8.296249999999999805e-03
7.431280000000000177e-03
