7.457540000000000349e-03
8.647860000000000269e-03
8.380810000000000690e-03
8.705549999999999400e-03
8.406840000000000493e-03
8.477619999999999947e-03
8.360509999999999817e-03
8.465810000000000696e-03
8.617210000000000147e-03
8.823849999999999402e-03
8.737550000000000178e-03
8.820259999999999906e-03
8.524330000000000102e-03
8.620749999999999941e-03
8.675590000000000385e-03
8.830040000000000805e-03
8.854149999999999868e-03
8.416359999999999467e-03
8.299459999999999824e-03
8.369240000000000013e-03
8.733209999999999931e-03
9.507800000000000279e-03
9.384289999999999993e-03
8.488600000000000659e-03
8.158540000000000583e-03
8.501530000000000198e-03
8.886659999999999351e-03
8.608330000000000842e-03
8.896619999999999182e-03
8.416240000000000179e-03
8.475899999999999754e-03
8.559390000000000054e-03
8.907520000000000368e-03
8.923729999999999510e-03
8.356660000000000130e-03
8.679559999999999359e-03
9.059660000000000629e-03
9.521959999999999452e-03
9.102930000000000396e-03
8.673530000000000476e-03
8.338959999999999428e-03
8.540890000000000634e-03
8.861010000000000761e-03
9.415830000000000033e-03
9.615179999999999214e-03
9.610000000000000486e-03
1.037379000000000079e-02
1.051508999999999951e-02
1.011530000000000068e-02
9.674540000000000570e-03
9.416640000000000427e-03
9.393790000000000820e-03
8.554249999999999354e-03
1.035871000000000014e-02
1.273064999999999961e-02
1.462576999999999974e-02
1.648627000000000078e-02
1.884382000000000071e-02
2.102365000000000136e-02
1.977283999999999986e-02
1.845279999999999837e-02
1.842047000000000129e-02
1.255133999999999937e-02
7.756019999999999755e-03
