7.509659999999999599e-03
8.366719999999999366e-03
8.173639999999999378e-03
8.357019999999999726e-03
8.484780000000000794e-03
8.421589999999999632e-03
8.314910000000000009e-03
8.047999999999999599e-03
8.418000000000000135e-03
8.829729999999999177e-03
8.720159999999999370e-03
8.673629999999999882e-03
8.447800000000000101e-03
8.185229999999999936e-03
8.785529999999999728e-03
8.872669999999999169e-03
8.782949999999999438e-03
8.218690000000000717e-03
8.225299999999999626e-03
8.188449999999999895e-03
8.470170000000000823e-03
9.628960000000000644e-03
9.916960000000000705e-03
8.520099999999999202e-03
8.387540000000000620e-03
8.598909999999999540e-03
8.947599999999999998e-03
8.686509999999999718e-03
8.996010000000000464e-03
8.594479999999999828e-03
8.264350000000000168e-03
8.678899999999999809e-03
8.886649999999999411e-03
9.006349999999999772e-03
8.554809999999999498e-03
8.593730000000000813e-03
8.669939999999999244e-03
9.542860000000000231e-03
8.970070000000000127e-03
8.360730000000000245e-03
8.263390000000000665e-03
8.659599999999999936e-03
8.819610000000000297e-03
9.162770000000000636e-03
9.524950000000000777e-03
9.339689999999999451e-03
9.389619999999999564e-03
1.033242000000000015e-02
9.710260000000000072e-03
9.836450000000000055e-03
9.137899999999999148e-03
9.056289999999999826e-03
8.545870000000000549e-03
9.338990000000000138e-03
1.106732000000000028e-02
1.249861000000000028e-02
1.434544999999999917e-02
1.526223999999999983e-02
1.674054999999999988e-02
1.745733000000000007e-02
1.657269999999999924e-02
1.674925000000000025e-02
1.386175000000000081e-02
7.451540000000000420e-03
