7.134009999999999657e-03
8.351930000000000465e-03
8.502239999999999451e-03
8.171789999999999957e-03
8.216060000000000724e-03
8.618429999999999841e-03
8.943750000000000311e-03
9.091470000000000801e-03
8.753560000000000507e-03
8.467040000000000330e-03
8.322829999999999812e-03
8.201800000000000410e-03
8.113099999999999826e-03
8.692520000000000455e-03
8.460489999999999330e-03
8.855460000000000761e-03
8.533719999999999847e-03
8.416260000000000061e-03
8.451169999999999169e-03
8.772020000000000164e-03
8.648519999999999819e-03
8.702899999999999525e-03
8.537380000000000663e-03
8.585640000000000285e-03
8.707269999999999593e-03
9.070510000000000378e-03
8.817030000000000006e-03
8.604580000000000561e-03
8.376810000000000159e-03
8.278600000000000542e-03
8.608910000000000867e-03
8.309020000000000294e-03
8.283520000000000813e-03
9.006959999999999619e-03
9.723209999999999492e-03
9.471850000000000408e-03
8.768269999999999884e-03
8.782170000000000601e-03
8.944189999999999433e-03
9.078759999999999955e-03
8.773539999999999811e-03
9.183679999999999621e-03
9.652859999999999219e-03
1.017960000000000045e-02
1.016532000000000026e-02
9.860900000000000568e-03
1.049541000000000016e-02
1.089240000000000000e-02
9.270290000000000474e-03
8.914429999999999230e-03
9.915749999999999217e-03
1.100629000000000017e-02
1.305004000000000060e-02
1.721518000000000007e-02
1.963501999999999956e-02
2.044450000000000087e-02
2.100377000000000147e-02
2.018305999999999920e-02
1.945660999999999918e-02
1.711139999999999883e-02
1.427369000000000034e-02
1.157524000000000053e-02
9.200899999999999704e-03
7.485939999999999955e-03
