7.771870000000000167e-03
9.358480000000000618e-03
8.861449999999999882e-03
9.364370000000000333e-03
8.860989999999999145e-03
9.114479999999999457e-03
8.960589999999999181e-03
9.632049999999999640e-03
9.535270000000000204e-03
8.493920000000000289e-03
8.721120000000000608e-03
8.374509999999999940e-03
8.900550000000000128e-03
9.118869999999999407e-03
9.506139999999999729e-03
8.707770000000000093e-03
8.729709999999999900e-03
9.826259999999999856e-03
1.041584000000000086e-02
1.152928999999999933e-02
1.227432000000000002e-02
1.040038000000000074e-02
9.445399999999999630e-03
9.232989999999999947e-03
1.000083000000000048e-02
1.120467999999999985e-02
1.091169999999999987e-02
1.227023999999999997e-02
1.227897000000000016e-02
1.416749999999999954e-02
1.389723999999999994e-02
1.220981999999999970e-02
1.110736000000000015e-02
1.069501999999999953e-02
1.577579000000000134e-02
2.421736000000000028e-02
3.061430999999999875e-02
3.814805999999999753e-02
4.505643000000000148e-02
3.672514000000000334e-02
2.798944999999999905e-02
2.114923999999999971e-02
1.609371000000000065e-02
1.315478999999999954e-02
8.894920000000000604e-03
8.696580000000000629e-03
9.200559999999999988e-03
1.003488999999999944e-02
1.067474000000000027e-02
1.403452999999999992e-02
1.529809000000000030e-02
1.760215999999999864e-02
1.552773000000000000e-02
1.364317999999999954e-02
1.080760000000000054e-02
9.992529999999999468e-03
9.977029999999999579e-03
9.971040000000000458e-03
8.903700000000000503e-03
9.429279999999999953e-03
9.912459999999999674e-03
1.000147000000000015e-02
1.209573000000000072e-02
7.904329999999999343e-03
