7.247929999999999651e-03
8.444220000000000545e-03
9.117409999999999404e-03
1.013500999999999985e-02
1.110056000000000063e-02
1.046643000000000052e-02
8.749859999999999929e-03
8.704069999999999516e-03
8.918439999999999701e-03
8.710040000000000490e-03
9.231299999999999575e-03
9.379429999999999365e-03
8.681710000000000468e-03
8.591480000000000297e-03
8.748380000000000045e-03
9.468469999999999664e-03
9.157570000000000293e-03
8.699999999999999400e-03
9.384129999999999208e-03
1.077030999999999995e-02
1.277795999999999967e-02
1.213735999999999982e-02
1.116726000000000003e-02
8.998469999999999733e-03
8.773269999999999680e-03
9.340660000000000629e-03
1.068516000000000084e-02
1.144025000000000077e-02
9.790909999999999891e-03
1.059687999999999949e-02
1.220042000000000001e-02
1.432002999999999922e-02
1.487164000000000021e-02
9.874859999999999194e-03
8.809169999999999848e-03
9.714880000000000390e-03
1.536354000000000018e-02
2.695907999999999985e-02
3.805009000000000169e-02
3.727749000000000340e-02
3.389322000000000168e-02
3.015589999999999937e-02
2.549836000000000116e-02
1.855274000000000159e-02
1.225113000000000070e-02
1.070399999999999997e-02
8.693330000000000848e-03
8.705589999999999162e-03
8.551529999999999895e-03
8.967370000000000549e-03
1.043254000000000056e-02
1.281101999999999935e-02
1.491977000000000060e-02
1.566214999999999968e-02
1.501532000000000040e-02
1.457576000000000011e-02
1.408541999999999954e-02
9.532370000000000079e-03
9.325619999999999743e-03
9.055389999999999967e-03
8.689080000000000067e-03
9.540270000000000000e-03
1.012049999999999929e-02
7.742029999999999572e-03
