7.667890000000000122e-03
8.549170000000000033e-03
8.518269999999999662e-03
8.164480000000000001e-03
8.338009999999999866e-03
8.798459999999999268e-03
9.207409999999999206e-03
9.305090000000000236e-03
9.286849999999999272e-03
8.807050000000000295e-03
8.408660000000000093e-03
8.302069999999999936e-03
8.667249999999999607e-03
8.897749999999999410e-03
8.912359999999999380e-03
8.828040000000000539e-03
8.632439999999999905e-03
8.308299999999999366e-03
8.720189999999999192e-03
9.107779999999999349e-03
9.150510000000000588e-03
8.681990000000000540e-03
8.612470000000000542e-03
8.732059999999999822e-03
8.912269999999999914e-03
9.227839999999999307e-03
8.749830000000000108e-03
8.662790000000000074e-03
8.525110000000000673e-03
8.506029999999999494e-03
8.355579999999999605e-03
8.466130000000000530e-03
8.650790000000000216e-03
8.869949999999999710e-03
9.557229999999999892e-03
9.571690000000000753e-03
8.829139999999999211e-03
8.904840000000000672e-03
8.924079999999999166e-03
9.066799999999999859e-03
9.096639999999999587e-03
8.966379999999999489e-03
9.493879999999999680e-03
1.011656000000000014e-02
1.021475999999999981e-02
9.997209999999999430e-03
1.033855000000000017e-02
1.064274999999999943e-02
9.202959999999999613e-03
9.102590000000000681e-03
1.017161999999999927e-02
1.097369999999999943e-02
1.423663000000000012e-02
1.757504000000000011e-02
2.274040000000000089e-02
2.102758999999999878e-02
2.165109999999999951e-02
2.086939000000000155e-02
1.902637999999999899e-02
1.691778000000000032e-02
1.311885999999999955e-02
1.120531999999999952e-02
9.142509999999999526e-03
7.658270000000000008e-03
