6.916519999999999786e-03
1.539657999999999999e-02
1.564660999999999830e-02
1.540822000000000025e-02
1.315172000000000042e-02
1.302226000000000078e-02
1.189312000000000008e-02
1.023287999999999975e-02
8.657559999999999908e-03
8.391710000000000141e-03
8.726360000000000713e-03
8.571989999999999818e-03
8.819040000000000212e-03
9.307650000000000645e-03
1.020024999999999925e-02
1.094192000000000081e-02
1.010577999999999997e-02
1.120403000000000024e-02
9.977480000000000376e-03
9.060979999999999729e-03
8.582219999999999779e-03
8.400529999999999803e-03
8.319669999999999496e-03
8.044080000000000327e-03
8.366959999999999675e-03
8.991849999999999149e-03
8.471219999999999792e-03
8.486189999999999359e-03
8.445440000000000239e-03
8.378160000000000815e-03
8.376700000000000812e-03
8.426150000000000306e-03
8.546899999999999636e-03
8.291569999999999843e-03
8.250900000000000248e-03
8.343269999999999853e-03
8.429199999999999540e-03
8.369190000000000310e-03
8.389689999999999995e-03
8.451900000000000038e-03
8.122120000000000034e-03
8.180740000000000581e-03
8.797189999999999871e-03
8.704510000000000372e-03
8.649910000000000238e-03
8.244069999999999176e-03
8.479449999999999488e-03
8.573600000000000665e-03
8.702299999999999619e-03
8.386519999999999739e-03
8.211710000000000537e-03
8.166919999999999388e-03
8.270829999999999849e-03
8.459829999999999781e-03
8.623149999999999565e-03
8.506810000000000066e-03
8.330260000000000789e-03
8.552380000000000052e-03
8.450300000000000866e-03
8.320839999999999487e-03
8.284440000000000554e-03
8.647349999999999828e-03
7.972919999999999660e-03
7.336549999999999842e-03
