7.295300000000000222e-03
8.486209999999999240e-03
8.828040000000000539e-03
9.802770000000000580e-03
9.822169999999999859e-03
1.029704000000000036e-02
8.572619999999999546e-03
8.783040000000000638e-03
8.588860000000000244e-03
8.566640000000000366e-03
9.099339999999999165e-03
9.215120000000000255e-03
8.833769999999999470e-03
8.624180000000000387e-03
8.701499999999999166e-03
9.596379999999999841e-03
8.761339999999999406e-03
8.973449999999999135e-03
9.367489999999999151e-03
9.946909999999999780e-03
1.235944999999999926e-02
1.196667000000000043e-02
1.023442999999999922e-02
8.810590000000000088e-03
8.923989999999999700e-03
1.003191999999999973e-02
1.086369000000000050e-02
1.111671000000000013e-02
9.610519999999999133e-03
1.104849999999999929e-02
1.253332000000000057e-02
1.405757000000000013e-02
1.268181999999999990e-02
9.066150000000000250e-03
8.942409999999999595e-03
1.155259999999999967e-02
1.692242000000000052e-02
2.611729000000000134e-02
3.650644000000000111e-02
3.651805999999999802e-02
3.225552999999999754e-02
2.897796999999999873e-02
2.356868999999999978e-02
1.762178000000000008e-02
1.113356000000000068e-02
9.350900000000000531e-03
8.532800000000000107e-03
8.803349999999999717e-03
8.855419999999999264e-03
9.783160000000000814e-03
1.149043999999999933e-02
1.353691999999999916e-02
1.513803000000000024e-02
1.554546000000000053e-02
1.402709000000000074e-02
1.343069000000000034e-02
1.277258000000000039e-02
9.128910000000000496e-03
9.015580000000000468e-03
8.966889999999999930e-03
8.754810000000000023e-03
9.601560000000000303e-03
1.005237999999999965e-02
7.889079999999999704e-03
