1.118363999999999990e-02
1.724235000000000004e-02
1.571325000000000152e-02
1.410088999999999960e-02
1.175003999999999979e-02
1.148761000000000053e-02
9.937049999999999356e-03
9.057859999999999176e-03
8.383220000000000255e-03
8.481719999999999884e-03
8.722509999999999292e-03
8.829880000000000020e-03
9.838670000000000748e-03
1.133575000000000034e-02
1.243847000000000008e-02
1.140905000000000044e-02
1.068520000000000060e-02
9.889079999999999745e-03
9.306439999999999158e-03
8.886800000000000255e-03
9.010930000000000328e-03
8.602580000000000296e-03
8.767719999999999680e-03
8.406649999999999887e-03
8.422519999999999313e-03
8.962029999999999302e-03
8.741830000000000780e-03
8.634120000000000336e-03
8.597479999999999359e-03
8.442150000000000695e-03
8.385109999999999439e-03
8.598889999999999659e-03
8.593540000000000206e-03
8.625809999999999381e-03
8.637630000000000308e-03
8.618419999999999900e-03
8.734280000000000516e-03
8.787410000000000707e-03
8.536669999999999675e-03
8.355519999999999961e-03
8.724529999999999438e-03
8.569540000000000490e-03
8.926210000000000394e-03
8.627080000000000512e-03
8.888439999999999189e-03
8.810490000000000682e-03
9.107850000000000668e-03
8.981770000000000032e-03
8.630330000000000293e-03
8.454869999999999747e-03
8.239059999999999440e-03
8.650760000000000394e-03
8.706540000000000459e-03
8.691779999999999645e-03
8.781169999999999601e-03
8.648930000000000853e-03
8.541500000000000481e-03
8.716440000000000646e-03
8.545749999999999527e-03
8.713469999999999202e-03
8.780239999999999920e-03
8.562870000000000203e-03
8.175250000000000225e-03
7.453450000000000353e-03
