7.097339999999999725e-03
8.922779999999999948e-03
8.477280000000000232e-03
8.797859999999999361e-03
8.577219999999999983e-03
8.814260000000000844e-03
8.625370000000000259e-03
8.985359999999999528e-03
8.800280000000000602e-03
8.395970000000000863e-03
8.491810000000000677e-03
8.555200000000000651e-03
8.721869999999999623e-03
8.957869999999999722e-03
8.865500000000000116e-03
8.730069999999999497e-03
8.758359999999999757e-03
9.103790000000000493e-03
9.429119999999999169e-03
9.924040000000000292e-03
1.058354000000000066e-02
9.576329999999999218e-03
9.147850000000000772e-03
8.447690000000000754e-03
8.897069999999999979e-03
9.452139999999999501e-03
9.815890000000000726e-03
1.024149000000000066e-02
1.062663999999999970e-02
1.162667000000000041e-02
1.196141000000000044e-02
1.117639999999999953e-02
1.068979999999999930e-02
9.276009999999999464e-03
1.058766000000000047e-02
1.685301000000000160e-02
2.050727000000000105e-02
2.716464000000000031e-02
3.339542000000000205e-02
2.766922999999999952e-02
2.126627999999999852e-02
1.642563000000000009e-02
1.270304000000000051e-02
1.086418999999999926e-02
8.584819999999999951e-03
8.381019999999999442e-03
8.665610000000000673e-03
9.108319999999999611e-03
9.210839999999999653e-03
1.160679000000000051e-02
1.226385999999999969e-02
1.415312999999999988e-02
1.274648999999999921e-02
1.173457999999999966e-02
1.022695000000000028e-02
8.973470000000000751e-03
9.083199999999999608e-03
9.011830000000000188e-03
8.477139999999999329e-03
8.911999999999999783e-03
9.120639999999999303e-03
9.775809999999999361e-03
1.042106999999999929e-02
7.609209999999999932e-03
