8.449480000000000532e-03
1.011698999999999932e-02
9.082959999999999298e-03
8.760489999999999250e-03
8.730850000000000069e-03
8.626719999999999181e-03
8.492720000000000477e-03
8.545080000000000037e-03
8.758049999999999863e-03
8.909929999999999933e-03
9.239489999999999509e-03
9.512720000000000550e-03
9.811959999999999779e-03
1.040120999999999928e-02
1.045393000000000017e-02
9.083849999999999217e-03
8.777739999999999154e-03
8.483430000000000137e-03
8.610309999999999492e-03
8.320910000000000806e-03
8.499150000000000454e-03
8.548319999999999877e-03
8.521269999999999192e-03
8.392760000000000845e-03
8.492639999999999217e-03
8.665890000000000745e-03
8.695190000000000211e-03
8.648350000000000828e-03
8.431700000000000306e-03
8.398630000000000678e-03
8.596039999999999237e-03
8.566700000000000009e-03
8.644429999999999822e-03
8.516829999999999540e-03
8.260879999999999959e-03
8.492899999999999408e-03
8.402659999999999296e-03
8.637270000000000711e-03
8.808629999999999585e-03
8.591319999999999513e-03
8.403769999999999643e-03
8.415890000000000523e-03
8.612550000000000067e-03
8.712499999999999759e-03
8.657309999999999658e-03
8.789240000000000247e-03
8.483980000000000340e-03
8.537829999999999725e-03
8.623950000000000018e-03
8.707960000000000700e-03
8.589519999999999794e-03
8.673959999999999657e-03
8.458059999999999884e-03
8.610029999999999420e-03
8.639789999999999623e-03
8.710920000000000468e-03
8.714400000000000618e-03
8.549670000000000533e-03
8.610220000000000026e-03
8.621510000000000631e-03
8.375139999999999668e-03
8.891480000000000217e-03
8.427209999999999215e-03
7.461360000000000214e-03
