7.741790000000000130e-03
8.699540000000000398e-03
9.359229999999999633e-03
9.459079999999999919e-03
1.076686999999999957e-02
1.100958999999999965e-02
9.807530000000000067e-03
1.126420000000000025e-02
1.352661999999999962e-02
1.587515999999999927e-02
1.634520000000000070e-02
1.252656000000000082e-02
9.651800000000000310e-03
8.643980000000000760e-03
1.127470000000000035e-02
1.755815999999999974e-02
2.430126000000000161e-02
2.780111000000000041e-02
3.604480999999999657e-02
4.022810999999999748e-02
4.051207999999999892e-02
3.128936000000000217e-02
2.239118000000000011e-02
1.540744999999999962e-02
9.938429999999999834e-03
9.073049999999999171e-03
8.822029999999999803e-03
8.836729999999999238e-03
9.946570000000000064e-03
1.400766999999999984e-02
1.545109000000000066e-02
1.514280999999999960e-02
1.651872000000000063e-02
1.439201000000000022e-02
1.256067999999999941e-02
9.750309999999999880e-03
9.105369999999999783e-03
9.434019999999999559e-03
9.455009999999999803e-03
9.608089999999999686e-03
8.992810000000000387e-03
9.355779999999999305e-03
9.492030000000000259e-03
9.291630000000000375e-03
8.640449999999999173e-03
9.167909999999999601e-03
9.082059999999999439e-03
9.042170000000000415e-03
8.414090000000000805e-03
8.410269999999999205e-03
9.696599999999999664e-03
1.008975999999999970e-02
1.009528999999999982e-02
9.866039999999999532e-03
9.261409999999999434e-03
8.697009999999999810e-03
8.531250000000000638e-03
8.964800000000000199e-03
9.065349999999999797e-03
8.988700000000000509e-03
9.423279999999999157e-03
9.816039999999999835e-03
8.808840000000000073e-03
7.857559999999999545e-03
