7.241299999999999994e-03
8.495380000000000292e-03
8.224189999999999279e-03
8.403580000000000771e-03
8.469149999999999942e-03
8.290979999999999878e-03
8.197730000000000294e-03
8.378679999999999461e-03
8.171039999999999207e-03
8.363350000000000298e-03
8.547410000000000077e-03
8.494200000000000361e-03
8.462950000000000333e-03
8.754069999999999213e-03
8.576929999999999971e-03
8.592860000000000775e-03
8.401350000000000137e-03
8.562280000000000238e-03
8.672169999999999879e-03
8.956109999999999766e-03
9.061869999999999647e-03
8.543679999999999677e-03
8.541369999999999518e-03
8.516350000000000656e-03
8.615660000000000679e-03
9.157929999999999890e-03
8.716210000000000277e-03
8.493719999999999742e-03
8.607309999999999961e-03
8.782919999999999616e-03
8.451230000000000547e-03
8.330070000000000183e-03
8.765999999999999487e-03
8.361240000000000686e-03
8.523450000000000124e-03
8.707380000000000675e-03
8.559060000000000279e-03
8.754539999999999891e-03
8.732439999999999300e-03
8.866020000000000498e-03
8.987850000000000353e-03
8.729209999999999400e-03
8.689479999999999427e-03
8.539599999999999622e-03
8.908289999999999265e-03
9.364429999999999976e-03
9.736969999999999306e-03
9.598970000000000072e-03
8.909679999999999683e-03
9.549679999999999627e-03
9.749799999999999439e-03
1.002252999999999998e-02
9.549679999999999627e-03
9.237959999999999922e-03
8.740360000000000837e-03
8.978699999999999182e-03
9.276919999999999264e-03
1.134392000000000039e-02
1.227968999999999936e-02
1.327280999999999947e-02
1.587546000000000096e-02
1.872228999999999907e-02
1.701180999999999874e-02
7.530020000000000116e-03
