7.399730000000000196e-03
8.880010000000000681e-03
9.694009999999999433e-03
9.662109999999999796e-03
9.868929999999999716e-03
1.063775999999999958e-02
1.052789999999999976e-02
1.118124000000000028e-02
1.178790000000000046e-02
1.113224999999999978e-02
9.837850000000000414e-03
8.869939999999999769e-03
9.185739999999999530e-03
1.140647000000000015e-02
1.688059000000000087e-02
2.329277999999999904e-02
2.495456999999999884e-02
2.390132000000000020e-02
2.358013000000000123e-02
2.009352000000000013e-02
1.617373999999999895e-02
1.221366999999999939e-02
9.624999999999999875e-03
8.764930000000000637e-03
8.408139999999999711e-03
8.822830000000000256e-03
9.709300000000000569e-03
9.812609999999999388e-03
1.042705000000000021e-02
1.288953999999999968e-02
1.294502999999999973e-02
1.129041000000000072e-02
1.101487999999999946e-02
9.220390000000000183e-03
9.169840000000000282e-03
9.364960000000000298e-03
9.014490000000000003e-03
8.794249999999999984e-03
8.639769999999999742e-03
8.685319999999999846e-03
8.627549999999999455e-03
8.567510000000000403e-03
8.422459999999999669e-03
8.333729999999999263e-03
8.326230000000000436e-03
8.719150000000000164e-03
8.613120000000000151e-03
8.576719999999999483e-03
8.516539999999999527e-03
8.761669999999999181e-03
9.533490000000000367e-03
9.110629999999999770e-03
8.768279999999999824e-03
8.509229999999999572e-03
8.347250000000000503e-03
8.523660000000000611e-03
8.690349999999999464e-03
8.852169999999999483e-03
8.971359999999999404e-03
8.793830000000000743e-03
8.192859999999999726e-03
8.423419999999999172e-03
8.145629999999999191e-03
7.416459999999999719e-03
