7.868129999999999222e-03
1.197175999999999969e-02
1.481153999999999978e-02
1.655475000000000002e-02
1.705015000000000003e-02
1.846280000000000143e-02
1.662175999999999931e-02
1.354548000000000037e-02
1.139036000000000041e-02
1.094002999999999989e-02
9.847559999999999994e-03
8.807459999999999595e-03
8.687989999999999602e-03
8.542380000000000459e-03
8.561229999999999535e-03
8.711089999999999459e-03
9.340340000000000795e-03
9.993200000000000693e-03
9.818280000000000410e-03
9.385350000000000636e-03
9.116000000000000839e-03
9.002180000000000251e-03
8.684189999999999618e-03
8.326619999999999855e-03
8.163319999999999951e-03
8.352190000000000655e-03
8.175349999999999631e-03
8.393029999999999241e-03
8.419720000000000329e-03
8.577239999999999864e-03
8.413330000000000114e-03
8.167219999999999341e-03
8.320479999999999890e-03
8.364460000000000645e-03
8.172709999999999697e-03
8.228670000000000428e-03
8.357830000000000120e-03
8.366830000000000447e-03
8.615450000000000191e-03
8.679160000000000000e-03
8.069609999999999631e-03
8.508339999999999653e-03
8.410290000000000821e-03
8.539059999999999359e-03
8.597560000000000618e-03
8.801180000000000461e-03
8.501480000000000495e-03
8.483440000000000078e-03
8.203679999999999653e-03
8.149530000000000315e-03
8.225299999999999626e-03
8.448249999999999163e-03
8.324019999999999683e-03
8.449190000000000519e-03
8.251420000000000629e-03
8.402259999999999937e-03
8.547060000000000421e-03
8.591210000000000166e-03
8.759660000000000710e-03
8.314159999999999259e-03
8.186350000000000224e-03
8.201889999999999875e-03
7.917860000000000523e-03
7.320010000000000058e-03
