7.729950000000000189e-03
8.511049999999999172e-03
9.609549999999999689e-03
1.217591999999999980e-02
1.545329999999999968e-02
1.736379999999999868e-02
2.129634999999999861e-02
2.176260000000000000e-02
2.147877999999999940e-02
2.077657000000000115e-02
1.988064000000000150e-02
1.483497999999999935e-02
1.321268999999999916e-02
1.088392000000000005e-02
9.113790000000000086e-03
8.698120000000000157e-03
8.549759999999999999e-03
8.391579999999999179e-03
8.838910000000000169e-03
9.474899999999999642e-03
1.039043000000000085e-02
1.078830000000000067e-02
1.063827000000000002e-02
9.206149999999999750e-03
9.379790000000000696e-03
9.191460000000000255e-03
9.494829999999999243e-03
9.103760000000000671e-03
9.104209999999999733e-03
8.929879999999999415e-03
8.590699999999999725e-03
8.719430000000000236e-03
8.609979999999999717e-03
8.553550000000000042e-03
8.532019999999999535e-03
8.474610000000000476e-03
8.859449999999999617e-03
9.084409999999999361e-03
8.871530000000000735e-03
8.340220000000000619e-03
8.179060000000000150e-03
8.727330000000000157e-03
9.338519999999999460e-03
8.881039999999999768e-03
8.279289999999999913e-03
8.570670000000000718e-03
8.836909999999999904e-03
8.647959999999999675e-03
8.718170000000000780e-03
8.884080000000000796e-03
8.530090000000000588e-03
8.454369999999999247e-03
8.383410000000000861e-03
8.823269999999999377e-03
9.175980000000000247e-03
8.890079999999999857e-03
8.805449999999999389e-03
8.351050000000000487e-03
8.564109999999999778e-03
8.553589999999999804e-03
8.685929999999999693e-03
8.419529999999999723e-03
8.760920000000000166e-03
7.275440000000000206e-03
