7.643810000000000014e-03
8.732929999999999859e-03
9.327890000000000140e-03
9.350169999999999662e-03
9.060320000000000179e-03
8.710400000000000087e-03
8.219860000000000708e-03
8.099880000000000274e-03
8.396310000000000578e-03
9.299029999999999796e-03
9.663869999999999752e-03
8.447289999999999660e-03
8.806909999999999392e-03
1.011849000000000082e-02
1.153621999999999981e-02
1.091253000000000015e-02
9.670530000000000098e-03
9.023770000000000402e-03
8.500119999999999898e-03
8.915990000000000373e-03
9.262919999999999141e-03
9.531440000000000398e-03
1.094174000000000015e-02
1.032981999999999997e-02
1.047501999999999982e-02
1.188494000000000009e-02
1.351711000000000058e-02
1.265129000000000080e-02
9.439319999999999308e-03
1.027567000000000064e-02
1.453604000000000007e-02
1.924249999999999919e-02
2.635979000000000100e-02
3.313800000000000079e-02
3.011826000000000086e-02
3.107468000000000036e-02
2.977569999999999870e-02
2.078912999999999942e-02
1.418441999999999967e-02
9.710319999999999716e-03
8.345440000000000844e-03
8.574919999999999765e-03
8.955650000000000763e-03
8.978659999999999419e-03
9.933779999999999694e-03
1.211836999999999984e-02
1.427762999999999949e-02
1.561222999999999951e-02
1.130981999999999994e-02
9.994760000000000102e-03
9.052450000000000080e-03
9.090729999999999991e-03
8.437300000000000008e-03
8.653660000000000518e-03
1.003234000000000070e-02
9.499320000000000333e-03
9.884580000000000449e-03
1.101747999999999963e-02
1.077585999999999995e-02
9.125380000000000644e-03
9.170179999999999998e-03
9.253779999999999645e-03
8.347759999999999209e-03
7.505620000000000173e-03
