7.025459999999999865e-03
7.998049999999999604e-03
8.133120000000000627e-03
8.259219999999999409e-03
8.176479999999999859e-03
8.191260000000000555e-03
8.107939999999999245e-03
7.852929999999999286e-03
8.130550000000000277e-03
8.212459999999999552e-03
8.415979999999999989e-03
8.125149999999999387e-03
8.261799999999999700e-03
8.515319999999999834e-03
8.337729999999999794e-03
8.245199999999999405e-03
8.273130000000000067e-03
8.136169999999999861e-03
8.205030000000000309e-03
8.448590000000000613e-03
8.427640000000000131e-03
8.167769999999999544e-03
8.305260000000000073e-03
8.139930000000000082e-03
8.138470000000000079e-03
8.541129999999999209e-03
8.510129999999999431e-03
8.385550000000000295e-03
8.311110000000000025e-03
8.278529999999999223e-03
8.056610000000000507e-03
8.246140000000000761e-03
8.450080000000000438e-03
8.350800000000000237e-03
8.171760000000000135e-03
8.401920000000000222e-03
8.380290000000000308e-03
8.337439999999999782e-03
8.351149999999999893e-03
8.451770000000000810e-03
8.228040000000000700e-03
8.305899999999999742e-03
8.243540000000000589e-03
8.522500000000000561e-03
8.452009999999999385e-03
8.582849999999999507e-03
8.725129999999999345e-03
8.853180000000000424e-03
8.375159999999999549e-03
8.911699999999999830e-03
8.885979999999999920e-03
8.767729999999999621e-03
8.672259999999999344e-03
8.756309999999999788e-03
8.626599999999999893e-03
8.474690000000000001e-03
8.519040000000000293e-03
9.277370000000000061e-03
9.634919999999999943e-03
1.028775999999999996e-02
1.174485999999999933e-02
1.369649000000000040e-02
1.220579999999999929e-02
7.221990000000000180e-03
