7.191900000000000202e-03
9.748720000000000649e-03
8.462920000000000512e-03
1.014776000000000046e-02
1.294394999999999921e-02
1.712433999999999831e-02
2.308164999999999870e-02
2.603812000000000140e-02
2.829055000000000111e-02
2.852321999999999844e-02
3.017770999999999995e-02
2.400472000000000022e-02
1.932603000000000099e-02
1.520012999999999920e-02
1.014428000000000031e-02
9.328829999999999761e-03
9.108679999999999208e-03
8.497909999999999145e-03
8.423079999999999457e-03
9.196680000000000479e-03
1.023674999999999932e-02
1.140587000000000024e-02
1.136221999999999926e-02
1.093754000000000080e-02
1.109500000000000069e-02
1.043256000000000044e-02
9.542709999999999387e-03
8.848289999999999975e-03
9.222920000000000770e-03
9.037859999999999991e-03
8.971420000000000783e-03
8.887630000000000530e-03
8.959869999999999987e-03
8.881210000000000493e-03
8.868300000000000835e-03
8.643790000000000154e-03
8.762479999999999575e-03
9.354219999999999896e-03
9.074699999999999780e-03
8.416009999999999810e-03
8.146419999999999703e-03
8.766710000000000474e-03
9.552150000000000571e-03
9.369540000000000854e-03
8.821960000000000218e-03
8.669659999999999173e-03
8.407680000000000708e-03
8.548059999999999686e-03
8.761110000000000772e-03
9.618420000000000789e-03
9.283460000000000323e-03
8.797630000000000727e-03
8.442899999999999711e-03
8.797730000000000133e-03
9.428380000000000094e-03
9.688850000000000587e-03
9.310560000000000710e-03
8.496969999999999523e-03
8.460229999999999140e-03
8.534170000000000644e-03
8.769529999999999340e-03
8.792259999999999659e-03
9.955590000000000273e-03
7.467739999999999621e-03
