7.617220000000000067e-03
8.481529999999999278e-03
8.735089999999999175e-03
9.488530000000000228e-03
9.379250000000000434e-03
9.312749999999999848e-03
8.550429999999999489e-03
8.244339999999999308e-03
8.223909999999999207e-03
9.410319999999999796e-03
1.049053999999999959e-02
8.604779999999999374e-03
8.966609999999999858e-03
9.530449999999999339e-03
1.026371000000000054e-02
1.095437999999999967e-02
9.879930000000000309e-03
1.010609999999999981e-02
8.654629999999999962e-03
8.462429999999999952e-03
8.578229999999999189e-03
9.763229999999999478e-03
1.065009999999999915e-02
1.055190999999999941e-02
9.898719999999999741e-03
1.118128999999999998e-02
1.382508000000000001e-02
1.433017999999999965e-02
1.108542000000000034e-02
9.406869999999999468e-03
9.370720000000000785e-03
1.191991000000000057e-02
1.602831999999999868e-02
2.612609999999999932e-02
2.492079999999999990e-02
2.927358999999999864e-02
3.018204999999999846e-02
2.664367000000000124e-02
2.029825999999999853e-02
1.318349000000000083e-02
8.962760000000000171e-03
8.569689999999999599e-03
8.608229999999999701e-03
8.780180000000000276e-03
9.667449999999999308e-03
1.228129000000000026e-02
1.495716000000000059e-02
1.408996000000000033e-02
1.184243999999999922e-02
1.231890000000000068e-02
1.076713999999999970e-02
1.078819999999999953e-02
8.325870000000000840e-03
8.805590000000000292e-03
9.722510000000000180e-03
9.777589999999999198e-03
1.002051999999999977e-02
1.101665999999999930e-02
1.136033000000000008e-02
9.423870000000000857e-03
9.152499999999999178e-03
9.695519999999999139e-03
8.773150000000000392e-03
7.678570000000000013e-03
