7.827479999999999508e-03
1.098537999999999945e-02
1.161533000000000010e-02
1.170502000000000001e-02
1.027073000000000048e-02
8.787009999999999613e-03
8.175659999999999525e-03
8.348110000000000600e-03
8.709190000000000334e-03
9.930970000000000769e-03
8.992740000000000802e-03
8.963459999999999483e-03
1.049911000000000073e-02
1.169018999999999961e-02
1.337535999999999933e-02
1.201781000000000030e-02
1.069078000000000042e-02
9.299190000000000580e-03
9.107330000000000286e-03
1.124221000000000074e-02
1.568477000000000066e-02
2.495077000000000059e-02
2.746124999999999955e-02
2.523281999999999956e-02
2.457805999999999880e-02
2.359889999999999904e-02
1.817705000000000015e-02
1.317594000000000057e-02
1.035516000000000041e-02
8.387139999999999526e-03
8.388750000000000373e-03
9.254550000000000276e-03
9.591020000000000448e-03
1.030758000000000021e-02
1.296560000000000074e-02
1.273507999999999932e-02
1.264107000000000078e-02
1.341197000000000049e-02
1.165475000000000018e-02
9.278240000000000098e-03
9.104829999999999521e-03
9.230979999999999741e-03
9.249739999999999351e-03
8.813770000000000285e-03
8.874480000000000562e-03
9.287649999999999725e-03
8.924919999999999382e-03
8.521759999999999752e-03
8.562669999999999657e-03
8.670729999999999757e-03
8.996940000000000145e-03
9.187370000000000259e-03
8.415399999999999964e-03
8.338820000000000260e-03
8.410459999999999811e-03
8.594879999999999187e-03
8.823950000000000543e-03
9.025860000000000133e-03
1.067525000000000071e-02
1.024099000000000016e-02
8.723069999999999435e-03
8.287809999999999622e-03
8.142319999999999766e-03
7.452669999999999781e-03
