6.933090000000000259e-03
1.242032000000000032e-02
1.063467000000000058e-02
9.813310000000000435e-03
8.825289999999999524e-03
9.085839999999999542e-03
8.404649999999999621e-03
8.321349999999999927e-03
8.367770000000000069e-03
8.275519999999999751e-03
8.995790000000000036e-03
9.156910000000000743e-03
9.646619999999999848e-03
1.064405000000000039e-02
1.270371999999999994e-02
9.947430000000000161e-03
9.308250000000000551e-03
8.359409999999999411e-03
8.368310000000000332e-03
8.056409999999999960e-03
8.335560000000000538e-03
8.341180000000000122e-03
8.611809999999999257e-03
8.177669999999999731e-03
8.059830000000000466e-03
8.421039999999999429e-03
8.438930000000000736e-03
8.758000000000000160e-03
8.531679999999999819e-03
8.237629999999999258e-03
8.322960000000000774e-03
8.233590000000000700e-03
8.478430000000000341e-03
8.473359999999999226e-03
8.383760000000000517e-03
8.557030000000000192e-03
8.172050000000000147e-03
8.266910000000000577e-03
8.618739999999999735e-03
8.504970000000000585e-03
8.533489999999999479e-03
8.158949999999999883e-03
8.247010000000000798e-03
8.380989999999999621e-03
8.465429999999999483e-03
8.587739999999999957e-03
8.596899999999999334e-03
8.392729999999999288e-03
8.262049999999999950e-03
8.271119999999999861e-03
8.382290000000000574e-03
8.318110000000000087e-03
8.393849999999999575e-03
8.421339999999999382e-03
8.547060000000000421e-03
8.599219999999999434e-03
8.457400000000000334e-03
8.484639999999999890e-03
8.468939999999999454e-03
8.259350000000000372e-03
7.981939999999999868e-03
8.444639999999999785e-03
7.902060000000000681e-03
7.266090000000000222e-03
