7.275410000000000384e-03
8.591019999999999560e-03
8.377010000000000706e-03
8.267230000000000412e-03
8.368489999999999263e-03
8.913700000000000095e-03
9.530880000000000254e-03
9.658059999999999562e-03
9.627749999999999156e-03
8.875450000000000006e-03
8.277939999999999257e-03
8.211100000000000690e-03
8.444270000000000248e-03
9.109040000000000539e-03
9.057650000000000423e-03
9.103830000000000255e-03
8.697319999999999704e-03
8.529810000000000517e-03
8.847060000000000340e-03
9.435759999999999634e-03
9.233059999999999531e-03
8.950790000000000135e-03
9.250710000000000530e-03
9.114040000000000336e-03
9.496720000000000161e-03
1.033501000000000038e-02
9.155240000000000253e-03
8.987979999999999581e-03
8.458089999999999706e-03
8.613300000000000817e-03
8.728510000000000088e-03
8.627869999999999290e-03
8.751139999999999267e-03
9.084689999999999432e-03
9.903079999999999869e-03
9.601729999999999293e-03
8.822429999999999162e-03
8.872170000000000403e-03
8.771160000000000068e-03
9.315079999999999888e-03
8.932270000000000834e-03
8.943080000000000820e-03
9.951649999999999385e-03
1.107002999999999980e-02
1.148172000000000081e-02
1.124776000000000074e-02
1.307973999999999942e-02
1.228589000000000070e-02
9.919110000000000080e-03
9.504189999999999167e-03
1.014112000000000000e-02
1.130418000000000048e-02
1.540413000000000025e-02
2.028740999999999878e-02
2.640158000000000088e-02
2.623276000000000080e-02
2.686387000000000150e-02
2.600656000000000148e-02
2.590075000000000016e-02
2.129189000000000082e-02
1.722970000000000057e-02
1.262669999999999938e-02
1.051975999999999953e-02
7.856379999999999614e-03
