7.117840000000000278e-03
8.746810000000000695e-03
9.850950000000000678e-03
1.001587999999999958e-02
1.037362000000000006e-02
1.057183000000000081e-02
9.926259999999999251e-03
1.082158000000000078e-02
1.209868000000000055e-02
1.227750000000000022e-02
1.253412999999999923e-02
9.521810000000000343e-03
8.815240000000000228e-03
1.100905999999999933e-02
1.508820999999999947e-02
2.127582999999999905e-02
2.418665999999999872e-02
2.577501999999999918e-02
2.627846000000000001e-02
2.581858000000000070e-02
2.240523999999999988e-02
1.693505000000000010e-02
1.226080000000000052e-02
1.024692999999999958e-02
8.545340000000000227e-03
8.679370000000000487e-03
8.580040000000000583e-03
8.733110000000000525e-03
9.946619999999999767e-03
1.307405000000000025e-02
1.422113000000000023e-02
1.211171999999999943e-02
1.313490999999999964e-02
1.084289000000000086e-02
1.018026000000000000e-02
9.396730000000000707e-03
8.778859999999999442e-03
9.095930000000000334e-03
9.125559999999999575e-03
9.380219999999999878e-03
9.174579999999999888e-03
8.997170000000000514e-03
8.873529999999999265e-03
8.689679999999999974e-03
8.217330000000000120e-03
8.842720000000000094e-03
8.784800000000000594e-03
8.707929999999999143e-03
8.358650000000000455e-03
8.615110000000000476e-03
9.362219999999999223e-03
9.924070000000000114e-03
9.465849999999999612e-03
9.024839999999999252e-03
8.377650000000000374e-03
8.518529999999999852e-03
8.535390000000000338e-03
9.108939999999999398e-03
9.282399999999999679e-03
8.635679999999999745e-03
8.651050000000000406e-03
8.639310000000000739e-03
8.058539999999999454e-03
7.605429999999999829e-03
