7.166020000000000376e-03
9.672379999999999520e-03
1.195498000000000047e-02
1.144180000000000023e-02
1.241712000000000024e-02
1.404073999999999947e-02
1.189632000000000016e-02
9.621170000000000069e-03
9.093079999999999913e-03
9.023810000000000164e-03
1.040543000000000023e-02
1.700275000000000050e-02
2.268258999999999900e-02
2.784094999999999973e-02
3.103349999999999859e-02
3.309481999999999702e-02
3.274399000000000060e-02
2.483265999999999946e-02
1.703023999999999857e-02
1.229010999999999992e-02
1.012581000000000071e-02
9.207579999999999931e-03
8.801540000000000058e-03
8.830499999999999808e-03
9.707820000000000685e-03
1.054131999999999986e-02
1.272600999999999941e-02
1.420141999999999932e-02
1.295494999999999980e-02
1.296275000000000031e-02
1.195739999999999997e-02
9.858850000000000599e-03
1.006025999999999969e-02
1.053691999999999997e-02
9.806789999999999258e-03
1.067873000000000086e-02
9.770829999999999446e-03
8.636859999999999676e-03
8.966599999999999918e-03
8.979569999999999219e-03
9.055509999999999254e-03
8.457730000000000109e-03
8.720800000000000773e-03
8.958660000000000234e-03
8.566539999999999225e-03
8.441950000000000148e-03
8.777530000000000401e-03
9.955050000000000010e-03
9.832950000000000024e-03
9.918569999999999817e-03
9.240909999999999749e-03
8.413230000000000708e-03
8.611600000000000504e-03
9.382510000000000155e-03
9.644760000000000486e-03
9.450010000000000007e-03
9.444469999999999948e-03
8.821849999999999137e-03
8.419420000000000376e-03
9.001260000000000511e-03
9.469530000000000308e-03
9.501590000000000730e-03
9.635180000000000133e-03
7.804430000000000221e-03
