7.673509999999999706e-03
8.487130000000000715e-03
9.050620000000000540e-03
9.181919999999999665e-03
9.227149999999999935e-03
9.107560000000000655e-03
8.524050000000000030e-03
8.382729999999999695e-03
8.563990000000000491e-03
9.119399999999999729e-03
9.803479999999999833e-03
9.472170000000000242e-03
9.193250000000000033e-03
9.305469999999999714e-03
9.168310000000000695e-03
1.003370999999999950e-02
9.684369999999999437e-03
8.680590000000000181e-03
8.346620000000000775e-03
8.529280000000000195e-03
8.697530000000000192e-03
9.018719999999999168e-03
9.746239999999999765e-03
9.005169999999999841e-03
1.025896999999999920e-02
1.091108000000000008e-02
1.123164999999999927e-02
1.096964999999999919e-02
1.031367000000000048e-02
9.753889999999999436e-03
8.916830000000000589e-03
9.402509999999999341e-03
1.033840999999999927e-02
1.023840999999999987e-02
1.085206000000000018e-02
1.122467000000000083e-02
1.108962999999999963e-02
1.233725999999999920e-02
1.199945999999999999e-02
1.043815000000000021e-02
9.634049999999999905e-03
1.201651999999999929e-02
1.471736000000000051e-02
2.336239000000000024e-02
2.868329999999999838e-02
3.272057999999999911e-02
3.302105999999999791e-02
3.132444999999999674e-02
2.624759000000000120e-02
1.819027999999999964e-02
1.516476999999999929e-02
1.444538000000000072e-02
1.016431999999999926e-02
9.749970000000000164e-03
9.022099999999999911e-03
9.136149999999999133e-03
9.460569999999999743e-03
9.771439999999999293e-03
1.060561999999999963e-02
1.317380999999999934e-02
1.400728000000000043e-02
1.276117000000000050e-02
1.030666000000000047e-02
7.732440000000000146e-03
