7.391479999999999752e-03
8.433960000000000762e-03
9.005700000000000163e-03
9.419139999999999457e-03
9.510120000000000379e-03
9.107139999999999680e-03
8.419770000000000032e-03
8.332489999999999689e-03
8.210550000000000487e-03
9.340960000000000582e-03
1.024520999999999939e-02
8.577690000000000661e-03
8.549340000000000758e-03
9.572249999999999162e-03
1.067913000000000022e-02
1.118319000000000084e-02
9.942499999999999949e-03
9.711010000000000822e-03
8.430679999999999424e-03
8.468260000000000023e-03
8.546720000000000705e-03
9.583859999999999602e-03
1.033031000000000053e-02
1.001379999999999978e-02
1.027733999999999939e-02
1.139685999999999998e-02
1.411633999999999979e-02
1.588258999999999851e-02
1.090961000000000014e-02
9.524720000000000408e-03
1.061047000000000032e-02
1.434915999999999969e-02
2.371646999999999991e-02
3.021416000000000032e-02
2.992074999999999943e-02
3.340618000000000060e-02
3.350000999999999673e-02
2.558146000000000031e-02
1.882906000000000163e-02
1.251767999999999978e-02
8.806589999999999557e-03
8.497370000000000617e-03
8.753210000000000851e-03
8.833880000000000551e-03
9.769879999999999884e-03
1.193149999999999940e-02
1.423547000000000007e-02
1.587581000000000062e-02
1.178296000000000031e-02
1.139644000000000074e-02
1.016152000000000027e-02
1.035624999999999914e-02
8.416270000000000001e-03
8.745499999999999802e-03
9.895750000000000032e-03
1.023889000000000049e-02
1.030809000000000066e-02
1.150429000000000035e-02
1.218572000000000058e-02
9.403309999999999794e-03
8.780629999999999338e-03
9.389470000000000455e-03
8.747410000000000602e-03
7.761699999999999849e-03
