7.200899999999999662e-03
8.336980000000000779e-03
7.948840000000000419e-03
8.071450000000000846e-03
8.204460000000000225e-03
8.338939999999999547e-03
8.204559999999999631e-03
8.040459999999999274e-03
8.119319999999999315e-03
8.260109999999999328e-03
8.370729999999999837e-03
8.183759999999999993e-03
8.143299999999999150e-03
8.484059999999999865e-03
8.390840000000000104e-03
8.373119999999999521e-03
8.227039999999999700e-03
8.052449999999999192e-03
8.425010000000000138e-03
8.323709999999999790e-03
8.357679999999999276e-03
8.179630000000000234e-03
8.105340000000000808e-03
8.052310000000000023e-03
8.322180000000000202e-03
8.545960000000000015e-03
8.330449999999999661e-03
8.429469999999999671e-03
8.273300000000000792e-03
8.292529999999999346e-03
8.327489999999999892e-03
8.158510000000000761e-03
8.466879999999999545e-03
8.207570000000000837e-03
8.302320000000000186e-03
8.625560000000000865e-03
8.403570000000000831e-03
8.203399999999999581e-03
8.455040000000000472e-03
8.304479999999999501e-03
8.686980000000000396e-03
8.512479999999999353e-03
8.469130000000000061e-03
8.397349999999999606e-03
8.440879999999999564e-03
8.697450000000000667e-03
9.321619999999999212e-03
9.248320000000000846e-03
8.814610000000000500e-03
9.163070000000000589e-03
9.176460000000000866e-03
9.228149999999999201e-03
8.911340000000000233e-03
9.167800000000000255e-03
8.642769999999999272e-03
8.684509999999999452e-03
8.677580000000000710e-03
9.410369999999999499e-03
9.950979999999999895e-03
1.085093999999999989e-02
1.234821000000000009e-02
1.444495999999999974e-02
1.361472000000000029e-02
7.186279999999999751e-03
