7.457410000000000254e-03
9.692740000000000036e-03
8.573469999999999702e-03
8.784840000000000357e-03
8.490199999999999830e-03
8.445650000000000726e-03
8.257149999999999559e-03
8.578129999999999783e-03
8.918260000000000770e-03
9.003749999999999601e-03
8.925699999999999953e-03
8.706830000000000472e-03
9.171129999999999560e-03
9.473509999999999223e-03
9.493480000000000321e-03
8.579790000000000333e-03
8.640600000000000017e-03
8.405209999999999765e-03
8.692129999999999301e-03
8.848909999999999762e-03
8.726950000000000679e-03
9.029900000000000426e-03
8.839170000000000360e-03
8.706909999999999997e-03
9.311260000000000023e-03
9.127750000000000447e-03
8.787200000000000219e-03
9.075389999999999152e-03
9.510070000000000676e-03
1.059244999999999978e-02
1.073527999999999982e-02
9.116920000000000579e-03
8.984390000000000084e-03
8.610480000000000217e-03
8.670330000000000398e-03
8.965400000000000105e-03
9.945849999999999136e-03
9.820680000000000034e-03
9.688949999999999993e-03
9.928589999999999291e-03
1.130512000000000010e-02
1.229311999999999939e-02
1.072084000000000058e-02
9.577959999999999946e-03
9.631980000000000056e-03
1.290800999999999928e-02
1.737112999999999852e-02
2.179170999999999886e-02
2.601577000000000056e-02
2.841675999999999924e-02
2.933927000000000063e-02
2.910023999999999944e-02
2.457940999999999945e-02
2.108085999999999988e-02
1.638776999999999942e-02
1.302008999999999979e-02
9.497000000000000233e-03
8.896410000000000429e-03
8.607069999999999652e-03
8.384149999999999936e-03
8.819749999999999465e-03
9.381729999999999584e-03
8.993630000000000721e-03
7.727969999999999805e-03
