7.543720000000000286e-03
8.714210000000000012e-03
8.707249999999999712e-03
8.930399999999999797e-03
8.984570000000000750e-03
9.156900000000000803e-03
8.792039999999999231e-03
8.631849999999999939e-03
8.404460000000000749e-03
8.808959999999999360e-03
9.081540000000000792e-03
8.925499999999999406e-03
8.556589999999999335e-03
8.702480000000000285e-03
8.624690000000000828e-03
8.862220000000000514e-03
9.431319999999999981e-03
8.986299999999999150e-03
8.823690000000000352e-03
8.369089999999999169e-03
8.885950000000000099e-03
8.809940000000000479e-03
9.015260000000000634e-03
8.588020000000000029e-03
8.378480000000000649e-03
8.451000000000000179e-03
9.060489999999999169e-03
9.588140000000000204e-03
9.214510000000000409e-03
8.572089999999999224e-03
8.768130000000000715e-03
8.899020000000000541e-03
9.383340000000000430e-03
9.281740000000000129e-03
8.998000000000000789e-03
8.590040000000000175e-03
8.960869999999999252e-03
9.464639999999999859e-03
9.790929999999999772e-03
8.937240000000000809e-03
8.738660000000000525e-03
9.315220000000000791e-03
9.922000000000000264e-03
1.079955999999999972e-02
1.079205999999999915e-02
9.230439999999999479e-03
8.781970000000000054e-03
9.722349999999999395e-03
1.295809000000000023e-02
1.753220000000000126e-02
2.237006000000000064e-02
2.357638000000000095e-02
2.385514000000000037e-02
2.489165999999999948e-02
2.327589999999999867e-02
1.784292999999999990e-02
1.396946999999999946e-02
1.234576000000000076e-02
1.028038000000000042e-02
9.193929999999999464e-03
8.642749999999999391e-03
8.502430000000000057e-03
8.318469999999999684e-03
7.594880000000000034e-03
