9.027119999999999589e-03
1.316898000000000027e-02
1.220674000000000065e-02
1.014064999999999932e-02
8.959009999999999890e-03
9.306520000000000417e-03
1.289899000000000080e-02
1.895033999999999955e-02
2.265957999999999861e-02
3.152048999999999823e-02
3.341452999999999784e-02
3.323016000000000164e-02
3.285644000000000065e-02
2.976768000000000122e-02
1.983265999999999848e-02
1.556139999999999954e-02
1.406681000000000077e-02
1.014108000000000023e-02
9.101339999999999431e-03
8.766539999999999749e-03
9.292409999999999212e-03
9.227600000000000732e-03
1.088294000000000067e-02
1.278979000000000053e-02
1.545643000000000017e-02
1.556490999999999951e-02
1.285359999999999975e-02
9.763499999999999610e-03
9.368090000000000792e-03
8.701290000000000413e-03
9.183590000000000156e-03
9.259699999999999181e-03
9.319539999999999422e-03
9.955290000000000319e-03
9.855519999999999559e-03
9.884050000000000127e-03
9.343119999999999897e-03
9.492659999999999987e-03
9.554929999999999674e-03
9.267869999999999234e-03
8.612750000000000614e-03
9.107989999999999836e-03
9.299619999999999762e-03
9.229909999999999157e-03
9.191349999999999174e-03
9.345600000000000782e-03
9.229799999999999810e-03
8.923459999999999379e-03
8.631800000000000236e-03
9.352320000000000771e-03
1.011768000000000042e-02
1.032825000000000062e-02
9.477340000000000764e-03
8.992580000000000018e-03
8.799790000000000043e-03
9.221500000000000530e-03
9.067520000000000788e-03
9.119260000000000560e-03
9.641590000000000230e-03
9.405900000000000025e-03
8.680030000000000037e-03
9.144559999999999494e-03
9.062169999999999601e-03
7.827819999999999223e-03
