7.574830000000000278e-03
8.729429999999999829e-03
8.912160000000000568e-03
8.747760000000000258e-03
9.137589999999999255e-03
9.069050000000000375e-03
8.788419999999999913e-03
8.734109999999999790e-03
9.556510000000000699e-03
1.067748999999999955e-02
9.837419999999999498e-03
1.056450999999999918e-02
9.582449999999999302e-03
9.709260000000000806e-03
9.787060000000000204e-03
9.231380000000000835e-03
1.000738999999999969e-02
9.749010000000000661e-03
9.665260000000000171e-03
9.789279999999999163e-03
1.114373999999999920e-02
1.241782999999999949e-02
1.257514000000000028e-02
1.120776000000000064e-02
9.497979999999999617e-03
8.821350000000000371e-03
1.076580000000000072e-02
1.658750999999999975e-02
2.627352000000000160e-02
2.983881000000000033e-02
3.234154000000000195e-02
3.261300999999999783e-02
3.020426000000000014e-02
2.648611999999999841e-02
1.676969999999999850e-02
1.255133999999999937e-02
1.006679000000000081e-02
8.618829999999999200e-03
8.834720000000000767e-03
9.710460000000000619e-03
1.137952000000000061e-02
1.144763000000000031e-02
1.369464999999999918e-02
1.324376000000000025e-02
1.324760999999999994e-02
1.123230000000000062e-02
9.473030000000000339e-03
8.786459999999999410e-03
9.503100000000000436e-03
9.673269999999999438e-03
1.017489000000000067e-02
9.614400000000000376e-03
9.122589999999999866e-03
9.557929999999999204e-03
8.946549999999999295e-03
9.570030000000000203e-03
9.328490000000000046e-03
8.661820000000000630e-03
8.591619999999999466e-03
9.212240000000000012e-03
9.838629999999999251e-03
8.839990000000000694e-03
8.774219999999999242e-03
7.529110000000000316e-03
