7.564979999999999795e-03
8.711989999999999318e-03
8.730609999999999760e-03
9.033859999999999460e-03
9.186520000000000102e-03
9.115869999999999876e-03
8.616230000000000763e-03
8.194150000000000739e-03
8.711049999999999696e-03
8.889609999999999179e-03
9.428169999999999606e-03
9.044480000000000575e-03
8.594690000000000316e-03
8.602810000000000665e-03
8.774040000000000311e-03
8.689350000000000199e-03
9.347219999999999834e-03
9.064040000000000638e-03
8.667450000000000154e-03
8.321310000000000165e-03
8.881939999999999627e-03
9.225570000000000645e-03
9.088799999999999310e-03
8.743640000000000440e-03
8.355549999999999783e-03
8.479419999999999666e-03
9.025009999999999977e-03
9.520000000000000684e-03
9.777950000000000530e-03
8.554100000000000245e-03
9.311130000000000795e-03
9.402070000000000219e-03
9.790079999999999616e-03
9.260539999999999397e-03
8.914709999999999301e-03
8.423009999999999872e-03
9.428149999999999725e-03
1.011295000000000076e-02
1.006121999999999919e-02
8.941750000000000045e-03
9.121580000000000660e-03
1.004617000000000010e-02
1.041699999999999918e-02
1.077812000000000041e-02
1.008119000000000029e-02
8.953229999999999522e-03
9.105629999999999974e-03
1.019492999999999962e-02
1.281373000000000061e-02
1.633242000000000027e-02
1.982855000000000034e-02
2.058035999999999893e-02
2.072302000000000172e-02
2.140581000000000081e-02
1.970384999999999845e-02
1.583810000000000079e-02
1.254076999999999970e-02
1.134607999999999971e-02
1.008649000000000004e-02
9.056250000000000064e-03
8.650740000000000512e-03
8.715320000000000358e-03
8.874349999999999600e-03
7.505770000000000150e-03
