8.611709999999999851e-03
1.709476999999999872e-02
2.166589999999999835e-02
2.411314000000000166e-02
2.440519000000000022e-02
2.552497000000000099e-02
2.123128000000000168e-02
1.721483000000000041e-02
1.435388999999999936e-02
1.233138999999999937e-02
1.176546000000000015e-02
9.477700000000000360e-03
9.040930000000000841e-03
8.986380000000000409e-03
9.561619999999999842e-03
1.027950000000000044e-02
1.125754999999999985e-02
1.268520000000000064e-02
1.259598999999999962e-02
1.053215000000000054e-02
1.044258999999999986e-02
9.898139999999999716e-03
9.142320000000000654e-03
8.662919999999999301e-03
8.902260000000000381e-03
8.877889999999999393e-03
8.533809999999999313e-03
8.657859999999999862e-03
8.838260000000000560e-03
9.034010000000000304e-03
8.407410000000000577e-03
8.470190000000000705e-03
8.646829999999999447e-03
8.411979999999999458e-03
8.392470000000000832e-03
8.412229999999999708e-03
8.326510000000000508e-03
8.554479999999999723e-03
9.173469999999999541e-03
8.633790000000000561e-03
8.323540000000000799e-03
8.626419999999999227e-03
8.809380000000000335e-03
9.038849999999999316e-03
9.443810000000000399e-03
8.986569999999999281e-03
8.495390000000000233e-03
8.486580000000000512e-03
8.499519999999999992e-03
8.535390000000000338e-03
8.670570000000000707e-03
8.573360000000000355e-03
8.602079999999999796e-03
8.574899999999999883e-03
8.902909999999999990e-03
8.821310000000000609e-03
9.043360000000000287e-03
9.036350000000000285e-03
8.940389999999999449e-03
8.438599999999999227e-03
8.510600000000000109e-03
8.754210000000000116e-03
8.307490000000000707e-03
7.609190000000000051e-03
