7.230470000000000126e-03
8.229759999999999159e-03
8.295230000000000659e-03
8.296760000000000246e-03
8.367029999999999260e-03
8.275040000000000867e-03
8.256070000000000769e-03
8.275640000000000773e-03
8.167539999999999176e-03
8.222959999999999645e-03
8.479560000000000569e-03
8.042930000000000218e-03
8.101149999999999671e-03
8.304620000000000404e-03
8.436559999999999199e-03
8.364989999999999232e-03
8.446060000000000026e-03
8.374710000000000487e-03
8.153169999999999515e-03
8.161689999999999223e-03
8.243419999999999567e-03
8.215480000000000699e-03
8.245370000000000130e-03
8.247529999999999445e-03
8.005830000000000238e-03
8.302189999999999223e-03
8.481890000000000610e-03
8.309860000000000510e-03
8.560130000000000863e-03
7.992569999999999189e-03
8.194609999999999742e-03
8.140700000000000713e-03
8.337380000000000138e-03
8.557230000000000739e-03
8.092880000000000212e-03
8.215099999999999486e-03
8.164539999999999645e-03
8.366610000000000019e-03
8.262379999999999725e-03
8.154899999999999649e-03
8.294529999999999612e-03
8.308779999999999985e-03
8.520840000000000011e-03
8.655529999999999821e-03
8.414069999999999189e-03
8.299559999999999230e-03
8.663479999999999445e-03
8.627950000000000549e-03
8.507799999999999391e-03
8.771219999999999711e-03
9.087039999999999354e-03
8.783209999999999629e-03
8.979880000000000848e-03
9.001149999999999429e-03
8.783179999999999807e-03
9.117530000000000426e-03
8.439199999999999133e-03
8.431489999999999818e-03
8.343170000000000447e-03
8.741850000000000662e-03
9.647859999999999422e-03
1.117935999999999930e-02
1.009030999999999990e-02
7.304709999999999849e-03
