7.338879999999999883e-03
8.280239999999999476e-03
8.301760000000000042e-03
8.118749999999999231e-03
8.373099999999999640e-03
8.407919999999999283e-03
8.413709999999999592e-03
8.253999999999999185e-03
8.271680000000000005e-03
8.255480000000000804e-03
8.471630000000000826e-03
8.505650000000000016e-03
8.559680000000000066e-03
8.539470000000000394e-03
8.552109999999999920e-03
8.356409999999999880e-03
8.217369999999999883e-03
8.372499999999999734e-03
8.451470000000000857e-03
8.659200000000000577e-03
8.384120000000000114e-03
8.337459999999999663e-03
8.508240000000000247e-03
8.241200000000000608e-03
8.458030000000000062e-03
8.897669999999999885e-03
8.611709999999999851e-03
8.422290000000000679e-03
8.357750000000000595e-03
8.420580000000000426e-03
8.394630000000000147e-03
8.175770000000000606e-03
8.379950000000000593e-03
8.215989999999999405e-03
8.378870000000000068e-03
8.595639999999999878e-03
8.499990000000000670e-03
8.610720000000000526e-03
8.575869999999999327e-03
8.591559999999999822e-03
8.539279999999999787e-03
8.565230000000000066e-03
8.401959999999999984e-03
8.519509999999999236e-03
8.564759999999999387e-03
9.109219999999999470e-03
9.437879999999999187e-03
9.389599999999999683e-03
8.686150000000000121e-03
9.013669999999999669e-03
9.153289999999999690e-03
9.375349999999999309e-03
8.986400000000000290e-03
8.941809999999999689e-03
8.669249999999999873e-03
8.746689999999999673e-03
9.340970000000000523e-03
1.046255999999999922e-02
1.142616999999999938e-02
1.211812999999999953e-02
1.381389000000000054e-02
1.600599000000000119e-02
1.378271000000000010e-02
7.500409999999999890e-03
