7.421190000000000252e-03
1.554823999999999963e-02
1.895985999999999852e-02
2.149335000000000134e-02
2.268322999999999867e-02
2.338265999999999956e-02
2.061067999999999928e-02
1.676947999999999980e-02
1.372372999999999996e-02
1.277751000000000060e-02
1.095462999999999992e-02
9.647630000000000788e-03
9.109300000000000730e-03
8.662730000000000430e-03
8.959419999999999190e-03
9.283160000000000370e-03
1.019798000000000059e-02
1.136208000000000010e-02
1.083443000000000080e-02
1.024563000000000036e-02
1.054705000000000052e-02
1.003417000000000024e-02
9.233599999999999794e-03
8.596130000000000437e-03
8.429610000000000575e-03
8.489709999999999271e-03
8.432600000000000165e-03
8.780889999999999529e-03
8.822669999999999471e-03
9.099559999999999593e-03
8.481920000000000431e-03
8.320940000000000628e-03
8.400019999999999362e-03
8.262709999999999499e-03
8.343400000000000816e-03
8.410789999999999586e-03
8.271419999999999814e-03
8.533509999999999360e-03
8.729560000000000791e-03
8.917440000000000436e-03
8.617239999999999969e-03
8.631599999999999689e-03
8.643049999999999344e-03
8.946739999999999901e-03
9.150770000000000778e-03
8.858440000000000411e-03
8.805500000000000826e-03
8.551299999999999527e-03
8.277980000000000754e-03
8.373749999999999249e-03
8.543200000000000793e-03
8.453950000000000006e-03
8.389300000000000576e-03
8.561539999999999428e-03
8.786179999999999338e-03
8.762380000000000169e-03
8.628659999999999802e-03
8.921419999999999351e-03
8.955599999999999325e-03
8.474300000000000582e-03
8.218430000000000527e-03
8.316900000000000334e-03
8.291549999999999962e-03
7.323439999999999638e-03
