7.957270000000000662e-03
9.279539999999999317e-03
9.080700000000000577e-03
9.249479999999999161e-03
9.939270000000000049e-03
1.141659000000000077e-02
9.407509999999999137e-03
8.788650000000000281e-03
8.475520000000000276e-03
8.412620000000000861e-03
8.895429999999999310e-03
9.478040000000000076e-03
9.428380000000000094e-03
8.934169999999999959e-03
8.770039999999999780e-03
8.840779999999999472e-03
9.334580000000000308e-03
8.900969999999999369e-03
9.354329999999999243e-03
8.965010000000000687e-03
1.061432999999999995e-02
1.135709000000000024e-02
1.117836000000000003e-02
1.222631000000000065e-02
9.885210000000000177e-03
9.204149999999999485e-03
8.823330000000000756e-03
1.063840999999999919e-02
9.894210000000000504e-03
9.943159999999999499e-03
1.063599999999999962e-02
1.145311000000000072e-02
1.400517000000000081e-02
1.134127000000000052e-02
1.113123000000000064e-02
9.840639999999999457e-03
8.865929999999999297e-03
1.066360000000000051e-02
2.111276000000000125e-02
2.796751999999999919e-02
3.144302000000000208e-02
4.093825000000000242e-02
3.919096999999999859e-02
3.337778000000000272e-02
2.364656000000000050e-02
1.979515999999999915e-02
1.366874000000000040e-02
1.168318999999999955e-02
8.885999999999999802e-03
8.633570000000000133e-03
9.045960000000000459e-03
1.007645000000000068e-02
1.140011999999999970e-02
1.458325000000000073e-02
1.640304000000000068e-02
2.153713999999999976e-02
1.824345000000000133e-02
1.336600999999999935e-02
1.188036999999999947e-02
1.031359999999999916e-02
9.754679999999999948e-03
8.815079999999999444e-03
8.971919999999999548e-03
7.898469999999999450e-03
