7.152119999999999658e-03
8.464460000000000039e-03
9.129049999999999665e-03
1.316491000000000015e-02
1.568647999999999917e-02
1.937482999999999914e-02
2.376152999999999946e-02
2.480047999999999975e-02
2.471734999999999904e-02
2.552965999999999916e-02
2.454740999999999868e-02
1.931162000000000156e-02
1.499714000000000082e-02
1.289004000000000018e-02
9.960689999999999475e-03
8.702909999999999466e-03
8.832180000000000239e-03
8.713689999999999630e-03
9.372600000000000028e-03
9.882800000000000612e-03
1.154599000000000077e-02
1.251759000000000031e-02
1.141332999999999931e-02
1.007162999999999982e-02
1.046778999999999939e-02
1.016219999999999971e-02
9.854440000000000768e-03
9.205009999999999581e-03
9.578579999999999733e-03
9.278369999999999326e-03
8.725719999999999310e-03
8.650069999999999287e-03
8.752609999999999210e-03
8.748149999999999676e-03
8.456329999999999750e-03
8.514559999999999143e-03
9.017509999999999415e-03
9.399110000000000451e-03
9.199070000000000163e-03
8.440480000000000205e-03
8.466190000000000174e-03
8.734910000000000244e-03
9.605610000000000537e-03
9.266879999999999909e-03
8.554600000000000745e-03
8.585670000000000107e-03
8.943249999999999811e-03
8.714909999999999324e-03
9.033630000000000826e-03
9.559629999999999517e-03
8.962049999999999184e-03
8.565259999999999888e-03
9.005179999999999782e-03
9.445639999999999939e-03
9.728960000000000038e-03
9.528639999999999680e-03
9.221589999999999995e-03
8.534850000000000075e-03
8.294100000000000431e-03
8.776229999999999448e-03
8.951880000000000601e-03
8.523960000000000564e-03
9.496219999999999661e-03
7.497400000000000418e-03
