7.107099999999999876e-03
8.434670000000000015e-03
8.563889999999999350e-03
8.878419999999999715e-03
8.977829999999999144e-03
9.317109999999999975e-03
8.550920000000000049e-03
8.299600000000000727e-03
8.581369999999999623e-03
8.779129999999999573e-03
9.074189999999999340e-03
9.274430000000000174e-03
9.540959999999999372e-03
9.500619999999999551e-03
9.121799999999999353e-03
9.412339999999999943e-03
9.415810000000000152e-03
8.714140000000000427e-03
8.608450000000000130e-03
8.949739999999999432e-03
8.417980000000000254e-03
8.829000000000000042e-03
9.266540000000000193e-03
9.400850000000000525e-03
9.911770000000000302e-03
9.981959999999999791e-03
1.029623999999999991e-02
1.047944999999999953e-02
1.014848999999999959e-02
1.020843999999999918e-02
8.993410000000000293e-03
8.905039999999999484e-03
9.242300000000000168e-03
9.801709999999999937e-03
1.011773000000000013e-02
1.029938000000000034e-02
9.927190000000000666e-03
1.063647000000000030e-02
1.177275000000000023e-02
1.136173000000000044e-02
1.051208999999999998e-02
8.874150000000000788e-03
1.123497000000000037e-02
1.360962999999999930e-02
1.848433999999999841e-02
2.525741999999999918e-02
2.827117999999999992e-02
2.882904999999999843e-02
2.646843999999999933e-02
1.986494999999999927e-02
1.846263999999999891e-02
1.591831999999999969e-02
1.181375999999999954e-02
1.129003999999999945e-02
8.512910000000000268e-03
8.678180000000000616e-03
9.131979999999999612e-03
9.329399999999999846e-03
9.648109999999999672e-03
1.101968000000000045e-02
1.172283000000000006e-02
1.133297999999999944e-02
1.032483000000000012e-02
7.739260000000000410e-03
