7.802350000000000431e-03
9.204389999999999794e-03
9.018649999999999584e-03
9.036690000000000000e-03
9.867499999999999535e-03
1.053357000000000078e-02
9.380410000000000484e-03
9.073710000000000456e-03
8.513659999999999284e-03
8.245250000000000842e-03
8.616290000000000407e-03
9.005000000000000851e-03
9.207500000000000406e-03
9.021329999999999280e-03
8.706610000000000044e-03
8.558150000000000479e-03
8.832410000000000608e-03
9.320870000000000197e-03
9.942559999999999593e-03
9.321400000000000519e-03
1.044264999999999950e-02
1.035392000000000083e-02
1.082455000000000049e-02
1.281088000000000018e-02
9.866700000000000817e-03
9.531059999999999185e-03
8.981680000000000566e-03
1.001998999999999945e-02
9.323240000000000000e-03
9.464020000000000071e-03
9.859710000000000696e-03
1.090286000000000033e-02
1.411245000000000034e-02
1.322416000000000043e-02
1.302061000000000017e-02
1.212542999999999954e-02
9.780040000000000261e-03
1.052131000000000073e-02
1.741206000000000004e-02
2.477201000000000056e-02
3.194850999999999941e-02
3.948013999999999690e-02
4.026064000000000032e-02
3.611605999999999844e-02
3.088739000000000068e-02
2.399425000000000169e-02
1.564524999999999944e-02
1.338224000000000011e-02
9.759630000000000041e-03
8.669480000000000242e-03
9.293539999999999440e-03
1.015768000000000053e-02
1.243374000000000042e-02
1.471251999999999976e-02
1.752833000000000169e-02
2.285248999999999961e-02
1.950775999999999899e-02
1.403881000000000052e-02
1.253306000000000038e-02
1.094850999999999984e-02
9.550599999999999368e-03
8.723420000000000826e-03
9.362429999999999711e-03
7.688989999999999714e-03
