7.026479999999999879e-03
8.177109999999999587e-03
8.400190000000000087e-03
8.420030000000000223e-03
8.413109999999999686e-03
8.408540000000000805e-03
8.398310000000000844e-03
8.275390000000000523e-03
8.227309999999999832e-03
8.406220000000000706e-03
8.592769999999999575e-03
8.224389999999999826e-03
8.160769999999999483e-03
8.520569999999999880e-03
8.715149999999999633e-03
8.675310000000000313e-03
8.948819999999999691e-03
8.689850000000000699e-03
8.474880000000000607e-03
8.582170000000000076e-03
8.598170000000000465e-03
8.388029999999999445e-03
8.284770000000000328e-03
8.115699999999999997e-03
8.400799999999999934e-03
8.994280000000000330e-03
8.806339999999999307e-03
9.107429999999999692e-03
8.449550000000000116e-03
8.341549999999999659e-03
8.369849999999999859e-03
8.613100000000000270e-03
8.826969999999999955e-03
8.564640000000000100e-03
8.348680000000000684e-03
8.339569999999999275e-03
8.441239999999999161e-03
8.445619999999999170e-03
8.339449999999999988e-03
8.420230000000000770e-03
8.783179999999999807e-03
8.788870000000000710e-03
9.027030000000000123e-03
8.976190000000000210e-03
8.752289999999999376e-03
8.656719999999999693e-03
9.189839999999999468e-03
1.001742000000000084e-02
9.270920000000000202e-03
9.555809999999999652e-03
9.655489999999999212e-03
9.431760000000000838e-03
9.443379999999999483e-03
9.531190000000000148e-03
9.307209999999999789e-03
9.277969999999999967e-03
8.739339999999999956e-03
8.723210000000000339e-03
9.179410000000000694e-03
9.559599999999999695e-03
1.276523000000000067e-02
1.497608999999999919e-02
1.648797000000000110e-02
7.439059999999999943e-03
