7.334489999999999933e-03
9.270509999999999168e-03
8.774920000000000289e-03
9.110599999999999948e-03
9.037319999999999728e-03
8.588929999999999829e-03
8.162169999999999842e-03
8.193449999999999692e-03
8.293530000000000346e-03
8.875509999999999650e-03
9.311160000000000617e-03
8.878449999999999537e-03
8.589060000000000791e-03
8.509980000000000322e-03
8.880739999999999815e-03
9.012509999999999619e-03
8.960239999999999524e-03
9.166240000000000845e-03
8.715709999999999777e-03
8.328379999999999811e-03
8.668590000000000323e-03
9.158859999999999571e-03
9.280969999999999498e-03
8.416889999999999789e-03
8.218889999999999529e-03
8.326959999999999570e-03
8.982209999999999153e-03
9.310999999999999832e-03
9.419010000000000229e-03
8.996360000000000121e-03
9.620220000000000507e-03
9.396170000000000563e-03
9.666360000000000577e-03
9.353639999999999871e-03
8.927430000000000088e-03
9.036429999999999810e-03
9.753589999999999482e-03
1.054539999999999991e-02
1.030189999999999925e-02
9.064590000000000841e-03
9.445500000000000770e-03
1.044588999999999934e-02
1.095496999999999964e-02
1.089870000000000075e-02
1.044011000000000071e-02
8.907520000000000368e-03
1.009241999999999952e-02
1.199067000000000015e-02
1.753976000000000146e-02
2.346652999999999933e-02
2.862868000000000010e-02
2.998659000000000047e-02
2.938415999999999945e-02
3.016220999999999833e-02
2.518236999999999906e-02
1.728046999999999916e-02
1.256354999999999972e-02
1.107824999999999956e-02
9.689170000000000421e-03
8.611970000000000042e-03
8.280710000000000154e-03
8.597479999999999359e-03
8.635169999999999305e-03
7.518470000000000188e-03
