7.191839999999999691e-03
8.420060000000000044e-03
8.364540000000000169e-03
8.422060000000000310e-03
8.371939999999999590e-03
8.580060000000000464e-03
8.149730000000000862e-03
8.186459999999999571e-03
8.380459999999999299e-03
8.442089999999999317e-03
8.607349999999999723e-03
8.670030000000000445e-03
8.579730000000000689e-03
8.509789999999999716e-03
8.427950000000000025e-03
8.386839999999999573e-03
8.587730000000000016e-03
8.509680000000000369e-03
8.461400000000000865e-03
8.629650000000000862e-03
8.892239999999999173e-03
9.053610000000000130e-03
8.831729999999999442e-03
8.427149999999999572e-03
8.350689999999999155e-03
8.659520000000000411e-03
8.601819999999999605e-03
8.730669999999999403e-03
8.873270000000000809e-03
8.606159999999999852e-03
8.207700000000000065e-03
8.436950000000000352e-03
8.529000000000000123e-03
8.520949999999999358e-03
8.425709999999999450e-03
8.382030000000000383e-03
8.513069999999999318e-03
9.169379999999999545e-03
9.102900000000000574e-03
8.827559999999999921e-03
8.492980000000000668e-03
8.563720000000000360e-03
8.477929999999999841e-03
8.702800000000000119e-03
9.258340000000000319e-03
9.386280000000000318e-03
9.357380000000000211e-03
9.854210000000000400e-03
9.034709999999999616e-03
9.593439999999999954e-03
9.603300000000000378e-03
9.750119999999999273e-03
8.870150000000000257e-03
8.805449999999999389e-03
9.130660000000000512e-03
9.837409999999999557e-03
1.178463000000000080e-02
1.358719000000000073e-02
1.545358999999999969e-02
1.628749000000000169e-02
1.733528999999999973e-02
1.806512000000000048e-02
1.543272000000000047e-02
7.583630000000000058e-03
