7.836169999999999941e-03
1.002164000000000006e-02
9.321390000000000578e-03
9.438379999999999687e-03
8.576939999999999911e-03
8.574740000000000834e-03
8.806599999999999498e-03
9.019599999999999146e-03
8.932469999999999646e-03
9.262760000000000091e-03
9.499850000000000655e-03
9.882689999999999531e-03
1.103147999999999976e-02
1.253580999999999966e-02
1.288004000000000059e-02
1.104952000000000017e-02
9.109000000000000777e-03
8.798669999999999755e-03
9.580339999999999689e-03
1.015141999999999954e-02
9.797540000000000415e-03
1.018856999999999922e-02
1.274228999999999987e-02
1.286476999999999933e-02
1.340063000000000018e-02
1.377401999999999967e-02
1.277188999999999929e-02
1.178305999999999971e-02
9.799399999999999777e-03
1.691362000000000074e-02
2.322702000000000100e-02
2.977292999999999953e-02
3.445828000000000085e-02
4.271848000000000312e-02
3.427203000000000194e-02
3.169525000000000120e-02
2.619039999999999910e-02
1.738055000000000155e-02
1.215962999999999940e-02
9.053250000000000533e-03
8.722930000000000267e-03
1.010370000000000018e-02
1.158961000000000019e-02
1.267060000000000061e-02
1.396181999999999979e-02
1.488355000000000060e-02
1.476884000000000009e-02
1.510702000000000052e-02
1.219934999999999943e-02
9.545569999999999750e-03
8.730289999999999925e-03
9.122599999999999806e-03
9.309480000000000186e-03
9.418380000000000501e-03
1.053837000000000003e-02
1.062782999999999957e-02
1.110299000000000008e-02
1.120476999999999931e-02
1.134006000000000076e-02
9.981179999999999219e-03
8.773190000000000155e-03
9.272300000000000680e-03
8.633599999999999955e-03
7.826450000000000420e-03
