7.295259999999999592e-03
8.228320000000000772e-03
8.524689999999999698e-03
8.545880000000000490e-03
8.763230000000000325e-03
8.701020000000000282e-03
8.496079999999999605e-03
8.240149999999999905e-03
8.325489999999999627e-03
8.939799999999999483e-03
9.459540000000000656e-03
8.337610000000000507e-03
8.484320000000000056e-03
8.789730000000000806e-03
9.103190000000000587e-03
9.919100000000000139e-03
9.927170000000000785e-03
9.779440000000000355e-03
8.783900000000000735e-03
8.361520000000000757e-03
8.370270000000000835e-03
8.695680000000000770e-03
1.008625999999999967e-02
9.850789999999999894e-03
9.046890000000000140e-03
9.733969999999999775e-03
1.216074999999999968e-02
1.354923000000000065e-02
1.223977000000000051e-02
9.665319999999999814e-03
8.905639999999999390e-03
9.328929999999999167e-03
1.423516000000000017e-02
1.993293000000000148e-02
2.210182999999999939e-02
2.687575999999999854e-02
2.926615999999999940e-02
2.758603999999999917e-02
2.227642000000000164e-02
1.591775999999999955e-02
9.839389999999999942e-03
8.725659999999999666e-03
8.440490000000000145e-03
8.489429999999999199e-03
9.178600000000000300e-03
1.038741999999999964e-02
1.177544999999999981e-02
1.237141999999999929e-02
1.106450999999999962e-02
1.237907000000000070e-02
1.203296000000000053e-02
1.195593999999999997e-02
9.052599999999999189e-03
9.320180000000000825e-03
9.644549999999999998e-03
9.679979999999999488e-03
1.034637000000000057e-02
1.103966999999999969e-02
1.054804999999999979e-02
9.204159999999999425e-03
9.755099999999999189e-03
1.012201000000000073e-02
9.347940000000000763e-03
7.712250000000000355e-03
