7.136870000000000019e-03
8.364019999999999788e-03
8.487039999999999515e-03
8.466879999999999545e-03
8.376820000000000099e-03
8.535569999999999269e-03
8.456220000000000403e-03
8.772099999999999689e-03
8.857560000000000433e-03
8.986960000000000434e-03
8.664989999999999151e-03
8.271850000000000730e-03
8.380749999999999311e-03
8.607349999999999723e-03
8.827190000000000383e-03
8.944099999999999967e-03
8.668300000000000310e-03
8.379640000000000699e-03
8.055629999999999388e-03
8.256539999999999713e-03
8.557679999999999801e-03
9.055399999999999908e-03
8.978879999999999847e-03
8.347409999999999553e-03
8.530839999999999604e-03
8.794659999999999284e-03
8.925769999999999538e-03
8.557870000000000407e-03
8.651390000000000122e-03
8.348219999999999946e-03
8.344370000000000259e-03
8.394350000000000075e-03
8.644129999999999869e-03
8.790740000000000012e-03
8.629970000000000696e-03
8.733829999999999719e-03
8.615329999999999169e-03
8.962370000000000753e-03
8.928749999999999187e-03
8.652740000000000778e-03
8.462729999999999905e-03
8.556789999999999882e-03
8.987880000000000175e-03
9.172170000000000323e-03
9.497429999999999414e-03
9.139090000000000755e-03
1.000166000000000076e-02
1.039203999999999996e-02
9.406909999999999231e-03
9.003570000000000670e-03
8.750769999999999729e-03
8.865579999999999641e-03
9.697159999999999808e-03
1.118221999999999966e-02
1.413930000000000048e-02
1.476777999999999945e-02
1.603508000000000017e-02
1.626207000000000000e-02
1.662686000000000025e-02
1.535434999999999925e-02
1.367506999999999924e-02
1.248982000000000044e-02
9.655489999999999212e-03
7.293130000000000099e-03
