7.761370000000000074e-03
8.846690000000000803e-03
9.435270000000000809e-03
1.205212999999999944e-02
1.671252000000000154e-02
1.900566000000000061e-02
2.620607999999999965e-02
3.028430000000000011e-02
3.027275999999999925e-02
3.121977999999999906e-02
3.098010000000000000e-02
2.256379999999999844e-02
1.877534999999999968e-02
1.390691999999999970e-02
1.002552999999999951e-02
9.089470000000000535e-03
9.161719999999999933e-03
8.836280000000000176e-03
8.960209999999999703e-03
1.010264999999999948e-02
1.108344999999999990e-02
1.235701999999999981e-02
1.180327999999999933e-02
1.026935999999999995e-02
1.074876999999999951e-02
1.040632000000000015e-02
9.959100000000000244e-03
9.267579999999999221e-03
9.495540000000000230e-03
8.975649999999999948e-03
8.856170000000000014e-03
9.009140000000000550e-03
8.966419999999999252e-03
8.752160000000000148e-03
8.791220000000000631e-03
8.491409999999999583e-03
8.905319999999999556e-03
9.291290000000000660e-03
9.411650000000000571e-03
8.346579999999999278e-03
8.345150000000000831e-03
8.504680000000000573e-03
9.391919999999999782e-03
9.082279999999999867e-03
8.696360000000000201e-03
8.515419999999999240e-03
8.727649999999999991e-03
8.744629999999999764e-03
8.824979999999999630e-03
9.651750000000000607e-03
8.940860000000000127e-03
8.686360000000000608e-03
8.726350000000000773e-03
9.363830000000000070e-03
9.779009999999999439e-03
9.735809999999999256e-03
9.553970000000000171e-03
8.538330000000000225e-03
8.567160000000000747e-03
8.711009999999999934e-03
8.871379999999999891e-03
8.917490000000000139e-03
9.821270000000000000e-03
7.464300000000000102e-03
