8.886069999999999386e-03
1.223960999999999973e-02
1.241277999999999999e-02
1.157288000000000067e-02
1.128888999999999934e-02
1.112282000000000028e-02
8.884450000000000333e-03
9.452649999999999941e-03
1.304694999999999987e-02
1.854698000000000110e-02
2.297472000000000056e-02
2.863863000000000172e-02
3.394994999999999957e-02
3.602827000000000113e-02
2.698015000000000135e-02
2.457530999999999952e-02
2.304441000000000128e-02
1.481156999999999960e-02
1.086220000000000067e-02
8.737270000000000106e-03
8.691459999999999811e-03
8.732540000000000441e-03
8.964400000000000840e-03
9.955949999999999869e-03
1.298274999999999950e-02
1.369231999999999914e-02
1.330644999999999918e-02
1.190079999999999957e-02
1.019771000000000045e-02
9.141899999999999679e-03
9.221500000000000530e-03
9.142040000000000582e-03
9.474140000000000686e-03
1.030137000000000067e-02
1.020297000000000044e-02
1.019225999999999986e-02
9.823359999999999731e-03
8.968790000000000789e-03
8.919420000000000820e-03
9.077270000000000130e-03
8.843119999999999453e-03
8.755670000000000119e-03
8.517719999999999458e-03
8.632479999999999667e-03
8.679970000000000394e-03
9.097869999999999222e-03
9.011939999999999534e-03
9.505889999999999479e-03
9.312169999999999823e-03
8.790130000000000166e-03
8.982300000000000353e-03
9.367550000000000529e-03
9.463150000000000034e-03
9.333390000000000436e-03
9.382100000000000856e-03
8.671389999999999307e-03
8.440710000000000574e-03
8.619250000000000175e-03
9.142449999999999882e-03
9.263810000000000794e-03
9.528649999999999620e-03
9.322300000000000378e-03
8.257340000000000166e-03
7.648720000000000345e-03
