7.834549999999999154e-03
9.552210000000000215e-03
8.671079999999999413e-03
8.634330000000000824e-03
8.575279999999999361e-03
8.340429999999999372e-03
8.341589999999999422e-03
8.619780000000000497e-03
9.001930000000000001e-03
8.976929999999999285e-03
8.964240000000000055e-03
8.567250000000000212e-03
9.156459999999999946e-03
9.702590000000000520e-03
9.145459999999999354e-03
8.658410000000000065e-03
8.511490000000000028e-03
8.419279999999999473e-03
8.539299999999999669e-03
9.196960000000000551e-03
8.514529999999999321e-03
9.041779999999999262e-03
8.485509999999999928e-03
8.769340000000000468e-03
9.207760000000000597e-03
9.048209999999999240e-03
8.865009999999999557e-03
9.029070000000000151e-03
9.220849999999999186e-03
1.060049000000000061e-02
1.049185000000000048e-02
9.015630000000000172e-03
8.885040000000000299e-03
8.567689999999999334e-03
8.595300000000000162e-03
9.287220000000000544e-03
1.010501999999999928e-02
9.828820000000000265e-03
9.978660000000000307e-03
1.029460999999999918e-02
1.145528999999999992e-02
1.255763000000000018e-02
1.088761000000000069e-02
9.258070000000000188e-03
9.272110000000000074e-03
1.209076000000000074e-02
1.620817999999999912e-02
1.959146000000000151e-02
2.447001000000000037e-02
2.634728000000000070e-02
2.842632000000000145e-02
2.949886999999999995e-02
2.353803999999999966e-02
2.114724000000000118e-02
1.512853999999999935e-02
1.120114000000000005e-02
9.097140000000000087e-03
8.822409999999999280e-03
8.671709999999999141e-03
8.600389999999999424e-03
9.187890000000000640e-03
9.256890000000000257e-03
1.033555000000000064e-02
7.693099999999999591e-03
