7.481319999999999637e-03
8.252380000000000132e-03
8.276610000000000217e-03
8.378180000000000696e-03
8.367480000000000057e-03
8.414889999999999523e-03
8.397470000000000628e-03
7.974240000000000494e-03
8.150110000000000340e-03
8.283979999999999816e-03
8.418379999999999613e-03
8.365150000000000016e-03
8.328179999999999264e-03
8.515860000000000096e-03
8.532720000000000582e-03
8.240900000000000655e-03
8.373979999999999618e-03
8.218720000000000539e-03
8.329899999999999458e-03
8.473889999999999548e-03
8.607590000000000033e-03
8.312029999999999766e-03
8.365869999999999210e-03
8.357089999999999311e-03
8.475180000000000560e-03
8.785370000000000679e-03
8.467749999999999583e-03
8.479860000000000522e-03
8.355480000000000199e-03
8.370010000000000644e-03
8.214340000000000530e-03
8.272790000000000352e-03
8.325199999999999614e-03
8.412390000000000492e-03
8.271540000000000836e-03
8.584380000000000829e-03
8.316840000000000691e-03
8.420379999999999879e-03
8.639720000000000039e-03
8.589770000000000044e-03
8.481759999999999647e-03
8.302890000000000270e-03
8.385039999999999855e-03
8.373230000000000603e-03
8.408060000000000186e-03
8.992160000000000777e-03
9.300199999999999786e-03
9.012859999999999275e-03
8.774320000000000383e-03
9.353280000000000274e-03
9.570250000000000631e-03
9.604909999999999490e-03
9.142169999999999810e-03
9.016279999999999781e-03
8.893399999999999223e-03
8.769370000000000290e-03
9.194700000000000095e-03
1.013440000000000001e-02
1.151287999999999964e-02
1.282281000000000046e-02
1.492466999999999926e-02
1.666045000000000026e-02
1.559149999999999946e-02
7.414829999999999859e-03
