1.028227999999999955e-02
1.494198000000000054e-02
1.270519999999999983e-02
1.131652999999999999e-02
9.848459999999999853e-03
9.189090000000000452e-03
8.585469999999999560e-03
8.558959999999999138e-03
8.406010000000000218e-03
8.414949999999999167e-03
8.702480000000000285e-03
9.186690000000000828e-03
9.916680000000000633e-03
1.208841000000000082e-02
1.229323000000000048e-02
1.074042000000000052e-02
9.547109999999999277e-03
8.766370000000000759e-03
8.620920000000000666e-03
8.646670000000000397e-03
8.697999999999999135e-03
8.923159999999999425e-03
8.591879999999999656e-03
8.303400000000000711e-03
8.233070000000000319e-03
8.463049999999999740e-03
8.585580000000000642e-03
8.758409999999999460e-03
8.540990000000000040e-03
8.310629999999999407e-03
8.387689999999999729e-03
8.239180000000000462e-03
8.526660000000000142e-03
8.596100000000000615e-03
8.639610000000000692e-03
8.503280000000000213e-03
8.408479999999999427e-03
8.444609999999999964e-03
8.485190000000000093e-03
8.661260000000000486e-03
8.781610000000000457e-03
8.192690000000000736e-03
8.522919999999999802e-03
8.430119999999999281e-03
8.478859999999999522e-03
9.000809999999999714e-03
8.837660000000000654e-03
8.721770000000000217e-03
8.222860000000000238e-03
8.261120000000000269e-03
8.387769999999999254e-03
8.637179999999999511e-03
8.740579999999999530e-03
8.654969999999999677e-03
8.438779999999999892e-03
8.542539999999999509e-03
8.475480000000000513e-03
8.644370000000000179e-03
8.733060000000000822e-03
8.181719999999999965e-03
8.435840000000000005e-03
8.360450000000000173e-03
8.365980000000000291e-03
7.339400000000000264e-03
