7.186660000000000097e-03
8.581470000000000764e-03
8.455119999999999997e-03
8.402720000000000675e-03
8.367060000000000816e-03
8.433210000000000012e-03
8.543030000000000068e-03
8.282140000000000335e-03
8.325010000000000743e-03
8.170600000000000085e-03
8.317510000000000181e-03
8.302989999999999676e-03
8.279720000000000829e-03
8.450749999999999929e-03
8.603539999999999799e-03
8.466629999999999295e-03
8.436060000000000433e-03
8.370999999999999969e-03
8.230519999999999850e-03
8.401260000000000672e-03
8.417199999999999682e-03
8.441989999999999911e-03
8.327549999999999536e-03
8.324230000000000171e-03
8.372040000000000731e-03
8.627400000000000346e-03
8.632759999999999739e-03
8.386390000000000511e-03
8.266070000000000362e-03
8.287620000000000750e-03
8.290729999999999628e-03
8.293119999999999312e-03
8.542710000000000234e-03
8.374370000000000772e-03
8.365320000000000741e-03
8.335479999999999279e-03
8.565190000000000303e-03
8.374349999999999156e-03
8.585829999999999157e-03
8.370580000000000728e-03
8.298699999999999133e-03
8.389330000000000398e-03
8.509150000000000047e-03
8.580269999999999217e-03
8.552209999999999326e-03
8.560530000000000223e-03
8.767610000000000334e-03
8.868779999999999719e-03
8.350510000000000224e-03
8.917869999999999617e-03
8.873439999999999800e-03
8.897050000000000097e-03
8.747349999999999223e-03
8.879750000000000490e-03
8.843119999999999453e-03
8.561040000000000663e-03
8.571199999999999306e-03
8.671560000000000032e-03
8.764009999999999162e-03
9.268780000000000768e-03
1.056579000000000025e-02
1.202033999999999915e-02
1.195942000000000012e-02
7.270379999999999898e-03
