1.027248000000000050e-02
1.394999000000000065e-02
1.287693999999999991e-02
1.175341000000000059e-02
9.964020000000000515e-03
9.852980000000000765e-03
8.767419999999999727e-03
9.376030000000000475e-03
1.045395999999999999e-02
1.178281999999999941e-02
1.085637000000000060e-02
1.217920999999999934e-02
1.405009999999999940e-02
1.468009999999999975e-02
1.478026999999999987e-02
1.099542000000000054e-02
9.056210000000000301e-03
9.617890000000000467e-03
1.418448999999999925e-02
2.358736000000000166e-02
3.468559999999999699e-02
4.323007999999999712e-02
4.270850000000000340e-02
3.628445999999999755e-02
2.930953999999999851e-02
2.318575999999999970e-02
1.685091000000000019e-02
1.231664000000000023e-02
1.041565000000000026e-02
9.114670000000000064e-03
9.446080000000000795e-03
1.135336999999999978e-02
1.231388999999999921e-02
1.564685000000000034e-02
1.770969000000000015e-02
1.483854000000000076e-02
1.427597000000000067e-02
1.281842000000000051e-02
1.148502000000000030e-02
9.854109999999999259e-03
1.060074000000000086e-02
1.040183000000000080e-02
1.027971999999999914e-02
9.130720000000000156e-03
8.899179999999999591e-03
9.213360000000000299e-03
9.784350000000000686e-03
8.722409999999999886e-03
8.791890000000000122e-03
9.393880000000000285e-03
9.448750000000000551e-03
1.004830999999999953e-02
8.996489999999999349e-03
8.626329999999999762e-03
8.673639999999999822e-03
9.169599999999999973e-03
9.755740000000000592e-03
9.934590000000000087e-03
1.105618000000000052e-02
1.116627000000000071e-02
8.827110000000000858e-03
8.734030000000000266e-03
9.381489999999999274e-03
7.959290000000000809e-03
