8.089179999999999635e-03
1.338234999999999945e-02
1.285529000000000012e-02
1.193482000000000050e-02
1.012882000000000018e-02
9.607869999999999258e-03
8.913980000000000167e-03
8.967680000000000443e-03
1.028379999999999919e-02
1.144240000000000014e-02
1.029908000000000039e-02
1.168806000000000012e-02
1.385620000000000081e-02
1.422871000000000032e-02
1.438257000000000077e-02
1.073888999999999920e-02
9.083040000000000558e-03
8.939779999999999602e-03
1.298295999999999999e-02
2.266931000000000154e-02
3.165656000000000025e-02
4.179125999999999674e-02
4.104457000000000244e-02
3.551536000000000276e-02
2.873861999999999944e-02
2.299775000000000083e-02
1.659255999999999925e-02
1.167257000000000017e-02
9.540599999999999775e-03
9.063730000000000744e-03
9.474679999999999214e-03
1.095692000000000020e-02
1.215927999999999974e-02
1.349501999999999993e-02
1.787783000000000080e-02
1.363914999999999919e-02
1.335181000000000041e-02
1.177979999999999999e-02
1.000249999999999924e-02
9.679510000000000544e-03
1.014572000000000043e-02
9.999350000000000599e-03
1.008767999999999991e-02
8.951670000000000113e-03
8.575330000000000799e-03
8.911139999999999686e-03
9.244769999999999377e-03
8.750269999999999229e-03
8.520299999999999749e-03
9.025450000000000833e-03
9.375700000000000700e-03
9.868029999999999857e-03
8.460809999999999165e-03
8.571129999999999721e-03
8.861660000000000370e-03
9.664229999999999349e-03
9.509099999999999497e-03
9.558499999999999289e-03
9.923339999999999245e-03
9.806000000000000480e-03
8.567299999999999915e-03
8.896199999999999941e-03
9.883380000000000637e-03
7.840520000000000128e-03
