7.511969999999999759e-03
8.818650000000000794e-03
8.673389999999999572e-03
9.139069999999999139e-03
1.028172999999999934e-02
1.025531000000000012e-02
9.512849999999999778e-03
9.724369999999999542e-03
1.126918000000000017e-02
1.327039999999999990e-02
1.555378999999999963e-02
1.235961000000000004e-02
9.539570000000000688e-03
8.625360000000000318e-03
1.030710999999999954e-02
1.284358000000000027e-02
1.966299000000000172e-02
2.375056000000000042e-02
2.842159000000000005e-02
3.405186999999999797e-02
3.361925999999999803e-02
2.683624999999999899e-02
1.938252000000000030e-02
1.363841000000000012e-02
1.009788000000000005e-02
8.836800000000000557e-03
8.796699999999999312e-03
8.823360000000000578e-03
8.898829999999999935e-03
1.201069999999999915e-02
1.249661000000000001e-02
1.248277000000000067e-02
1.545588999999999991e-02
1.341175000000000006e-02
1.260025000000000034e-02
9.274610000000000840e-03
8.847070000000000281e-03
8.983579999999999691e-03
9.509089999999999557e-03
9.326060000000000599e-03
8.990359999999999324e-03
9.062119999999999898e-03
9.415210000000000246e-03
9.040799999999999878e-03
8.673590000000000119e-03
8.811799999999999841e-03
9.090050000000000560e-03
9.028319999999999401e-03
8.493509999999999255e-03
8.766789999999999999e-03
9.386059999999999889e-03
9.802379999999999427e-03
1.005206999999999976e-02
9.563179999999999251e-03
9.404970000000000344e-03
8.782879999999999854e-03
8.494879999999999792e-03
8.637620000000000367e-03
9.154709999999999931e-03
8.802569999999999145e-03
9.459890000000000312e-03
1.012660999999999943e-02
9.024479999999999655e-03
7.755019999999999622e-03
