8.132749999999999355e-03
1.192619999999999965e-02
1.318548999999999936e-02
1.376151999999999931e-02
1.304014000000000041e-02
9.900090000000000279e-03
8.428959999999999231e-03
8.408769999999999439e-03
9.160029999999999561e-03
1.048229000000000001e-02
9.634890000000000121e-03
9.617090000000000014e-03
1.075507000000000025e-02
1.294873000000000031e-02
1.508393000000000060e-02
1.431836000000000046e-02
1.246925999999999937e-02
1.165342999999999934e-02
8.766339999999999202e-03
9.635660000000000752e-03
1.453023999999999982e-02
2.695907000000000164e-02
3.357196999999999959e-02
3.322698000000000318e-02
3.542514000000000080e-02
3.498261999999999899e-02
2.733527999999999999e-02
1.887468999999999952e-02
1.325751000000000013e-02
9.514540000000000150e-03
9.308880000000000279e-03
9.122180000000000566e-03
9.275099999999999664e-03
9.762260000000000035e-03
1.387155999999999979e-02
1.460398000000000078e-02
1.441665999999999954e-02
1.719671000000000047e-02
1.440082999999999988e-02
1.093117000000000047e-02
9.580879999999999952e-03
9.507399999999999185e-03
9.163450000000000067e-03
8.850359999999999824e-03
9.690469999999999640e-03
1.023450000000000054e-02
9.365319999999999895e-03
9.114739999999999648e-03
9.068939999999999294e-03
8.774380000000000027e-03
9.093439999999999510e-03
9.859599999999999614e-03
8.721259999999999776e-03
8.703989999999999991e-03
8.829089999999999508e-03
9.026239999999999611e-03
8.765910000000000021e-03
9.512120000000000644e-03
1.164290999999999937e-02
1.099033999999999948e-02
9.249149999999999386e-03
8.546019999999999658e-03
8.175309999999999869e-03
7.646339999999999734e-03
