7.058880000000000016e-03
8.378500000000000530e-03
8.559590000000000601e-03
8.948340000000000807e-03
9.043819999999999290e-03
9.130829999999999502e-03
8.524910000000000126e-03
8.219429999999999792e-03
8.204629999999999215e-03
8.681269999999999612e-03
9.354559999999999612e-03
9.381189999999999321e-03
9.114159999999999623e-03
8.960350000000000606e-03
8.862000000000000086e-03
9.532350000000000198e-03
9.832900000000000321e-03
8.552380000000000052e-03
8.311189999999999550e-03
8.494349999999999470e-03
8.501099999999999282e-03
8.629170000000000243e-03
9.420460000000000292e-03
8.894189999999999735e-03
9.631239999999999246e-03
1.027850999999999938e-02
1.061110999999999999e-02
1.024870999999999942e-02
9.773499999999999202e-03
9.573419999999999153e-03
8.698110000000000216e-03
8.854970000000000202e-03
9.756259999999999238e-03
9.735729999999999731e-03
1.005806000000000061e-02
9.896900000000000142e-03
1.019966999999999922e-02
1.108552999999999969e-02
1.133934999999999978e-02
1.012577999999999916e-02
9.347170000000000131e-03
9.820809999999999262e-03
1.312645999999999952e-02
1.707432999999999867e-02
1.938648999999999928e-02
2.260627999999999943e-02
2.392361999999999961e-02
2.544195999999999958e-02
2.329103999999999897e-02
1.615741000000000052e-02
1.509008000000000051e-02
1.329399000000000032e-02
9.809480000000000630e-03
9.617090000000000014e-03
8.448000000000000648e-03
8.628949999999999815e-03
9.180300000000000613e-03
9.229769999999999988e-03
9.517470000000000097e-03
1.150492000000000008e-02
1.199281999999999952e-02
1.139239000000000050e-02
9.927989999999999385e-03
7.576570000000000353e-03
