7.310900000000000384e-03
8.512340000000000184e-03
8.379160000000000080e-03
8.496949999999999642e-03
8.790960000000000441e-03
9.029300000000000520e-03
8.902210000000000678e-03
8.920000000000000845e-03
8.644229999999999275e-03
8.478120000000000447e-03
9.154930000000000359e-03
8.549889999999999227e-03
8.865069999999999201e-03
9.517150000000000262e-03
9.398460000000000841e-03
9.376950000000000215e-03
9.990340000000000331e-03
1.063123000000000019e-02
9.860570000000000793e-03
9.474369999999999320e-03
8.804100000000000467e-03
9.038459999999999897e-03
1.000752000000000065e-02
1.039731999999999983e-02
1.003580999999999918e-02
1.080924999999999941e-02
1.212399999999999936e-02
1.479360000000000050e-02
1.350525999999999983e-02
1.253515000000000011e-02
1.015859000000000033e-02
8.605830000000000077e-03
1.109163999999999983e-02
1.865148999999999974e-02
2.318523000000000112e-02
3.027789999999999995e-02
3.747347000000000178e-02
3.799084999999999962e-02
3.503752000000000255e-02
2.294550999999999882e-02
1.457586999999999945e-02
1.037004000000000051e-02
9.405679999999999596e-03
8.925880000000000619e-03
9.070790000000000450e-03
1.014235999999999957e-02
1.214260999999999986e-02
1.258999000000000056e-02
1.276550000000000080e-02
1.566464999999999871e-02
1.447409000000000022e-02
1.451159999999999950e-02
1.085620999999999982e-02
1.074130000000000050e-02
9.540770000000000500e-03
1.017077000000000085e-02
9.950489999999999335e-03
1.129626000000000068e-02
1.013554000000000017e-02
9.818079999999999863e-03
1.065783000000000008e-02
1.073956000000000043e-02
1.024606999999999948e-02
7.769250000000000114e-03
