7.356729999999999693e-03
8.706429999999999378e-03
1.028143999999999933e-02
1.036338000000000016e-02
1.093882000000000014e-02
1.173297000000000055e-02
1.051978999999999935e-02
1.213569999999999927e-02
1.333976000000000085e-02
1.370193999999999926e-02
1.295319999999999978e-02
9.526899999999999605e-03
8.420359999999999998e-03
1.001937999999999961e-02
1.376881999999999932e-02
2.151828999999999895e-02
2.792479999999999962e-02
2.530802999999999872e-02
3.045946000000000070e-02
2.795829000000000022e-02
2.347511000000000042e-02
1.974886000000000003e-02
1.306876000000000045e-02
1.033106999999999949e-02
8.633119999999999336e-03
9.004939999999999473e-03
9.226029999999999648e-03
9.379739999999999259e-03
9.854939999999999534e-03
1.464798999999999962e-02
1.559436999999999976e-02
1.369848000000000073e-02
1.249857000000000051e-02
1.070519999999999979e-02
1.036064000000000082e-02
9.786980000000000679e-03
9.177829999999999669e-03
9.477430000000000229e-03
8.872140000000000581e-03
9.576190000000000049e-03
9.057849999999999235e-03
8.971180000000000473e-03
8.639970000000000289e-03
8.395929999999999366e-03
8.509249999999999453e-03
8.799110000000000611e-03
8.776779999999999651e-03
8.664230000000000195e-03
8.355490000000000139e-03
8.505189999999999279e-03
9.983570000000000638e-03
9.822900000000000728e-03
9.309639999999999235e-03
8.930729999999999572e-03
8.318479999999999625e-03
8.299479999999999705e-03
8.754889999999999547e-03
8.916800000000000767e-03
9.476899999999999907e-03
8.966510000000000452e-03
8.339150000000000035e-03
8.557189999999999241e-03
7.975360000000000782e-03
7.499979999999999841e-03
