7.420359999999999977e-03
9.143899999999999945e-03
9.896449999999999345e-03
9.258360000000000201e-03
9.453470000000000276e-03
1.036502000000000083e-02
1.059650999999999996e-02
1.108736999999999917e-02
1.179122999999999977e-02
1.107334999999999917e-02
9.714600000000000318e-03
8.997840000000000005e-03
8.571169999999999484e-03
8.784979999999999525e-03
1.022824999999999949e-02
1.116818999999999971e-02
1.102455999999999922e-02
9.526740000000000555e-03
1.123487999999999917e-02
1.443074999999999913e-02
1.536161999999999944e-02
1.163639999999999987e-02
9.856379999999999655e-03
8.878850000000000631e-03
1.253036000000000080e-02
2.035669999999999841e-02
3.196101999999999971e-02
3.779089000000000059e-02
4.298691000000000317e-02
3.449950999999999712e-02
2.836121999999999949e-02
2.419150999999999940e-02
1.801565000000000111e-02
1.136595999999999961e-02
9.227209999999999579e-03
8.850349999999999884e-03
9.404970000000000344e-03
1.105966000000000067e-02
1.222319000000000010e-02
1.303129999999999913e-02
1.458625000000000026e-02
1.386372999999999946e-02
1.279038000000000050e-02
1.061598000000000055e-02
9.394529999999999895e-03
8.602020000000000152e-03
9.090829999999999397e-03
9.440630000000000202e-03
8.719950000000000617e-03
9.660069999999999768e-03
9.923760000000000220e-03
9.250009999999999483e-03
9.384319999999999815e-03
9.794149999999999731e-03
8.720989999999999645e-03
8.526920000000000333e-03
8.503129999999999369e-03
8.637439999999999701e-03
8.701580000000000426e-03
8.850490000000000787e-03
8.692669999999999564e-03
8.656290000000000512e-03
8.215099999999999486e-03
7.480370000000000075e-03
