9.704819999999999419e-03
1.955698000000000158e-02
2.124952000000000091e-02
2.068789000000000045e-02
1.913240999999999900e-02
1.892666999999999961e-02
1.562610999999999861e-02
1.179966999999999995e-02
9.553990000000000052e-03
9.145860000000000448e-03
9.103129999999999208e-03
8.470830000000000373e-03
8.922289999999999388e-03
9.501590000000000730e-03
1.022192000000000066e-02
1.090374000000000031e-02
1.101338999999999964e-02
1.142699999999999966e-02
1.021036999999999986e-02
9.311140000000000735e-03
8.836699999999999416e-03
8.332569999999999213e-03
8.477439999999999282e-03
8.357879999999999823e-03
8.522750000000000811e-03
9.034999999999999629e-03
8.630199999999999330e-03
8.503590000000000107e-03
8.561209999999999654e-03
8.546220000000000205e-03
8.271759999999999530e-03
8.489190000000000624e-03
8.629249999999999768e-03
8.186600000000000474e-03
8.424229999999999566e-03
8.251980000000000773e-03
8.404039999999999774e-03
8.685389999999999430e-03
8.745110000000000383e-03
8.184479999999999186e-03
8.136370000000000408e-03
8.454210000000000197e-03
8.923240000000000685e-03
8.997770000000000420e-03
8.952609999999999735e-03
8.481340000000000406e-03
8.425520000000000578e-03
8.623799999999999175e-03
8.834339999999999554e-03
8.461460000000000509e-03
8.390230000000000257e-03
8.444339999999999832e-03
8.224759999999999363e-03
8.315889999999999393e-03
8.670330000000000398e-03
8.752180000000000029e-03
8.772189999999999155e-03
8.580259999999999276e-03
8.406630000000000005e-03
8.210079999999999809e-03
8.518599999999999436e-03
8.771920000000000758e-03
8.491069999999999868e-03
7.546800000000000209e-03
