7.239670000000000133e-03
8.406270000000000409e-03
1.012727000000000072e-02
1.030140000000000049e-02
1.050620000000000026e-02
1.170220999999999935e-02
1.079311999999999980e-02
1.272447999999999982e-02
1.395000000000000059e-02
1.452984000000000046e-02
1.408714999999999967e-02
1.059199000000000078e-02
8.685349999999999668e-03
1.074525999999999953e-02
1.554388999999999944e-02
2.570965999999999876e-02
3.016978999999999841e-02
3.181873999999999814e-02
3.265052000000000232e-02
3.075746999999999856e-02
2.663333000000000020e-02
1.901457999999999968e-02
1.409530999999999978e-02
1.128585000000000005e-02
8.868169999999999872e-03
8.819600000000000356e-03
9.150810000000000541e-03
9.540279999999999941e-03
1.025211999999999998e-02
1.475618000000000068e-02
1.565157000000000007e-02
1.426591999999999964e-02
1.396716999999999924e-02
1.133993999999999974e-02
1.078009000000000085e-02
9.499630000000000227e-03
9.013149999999999287e-03
9.103429999999999161e-03
9.267640000000000600e-03
9.698419999999999264e-03
9.325170000000000681e-03
9.266599999999999837e-03
8.949649999999999966e-03
8.746520000000000683e-03
8.388839999999999839e-03
9.071630000000000665e-03
8.964269999999999877e-03
9.081799999999999248e-03
8.424849999999999353e-03
8.586569999999999966e-03
9.988189999999999222e-03
1.015653000000000042e-02
9.798410000000000453e-03
9.407050000000000134e-03
8.784810000000000535e-03
8.721730000000000455e-03
8.721519999999999967e-03
9.290770000000000278e-03
9.702389999999999973e-03
9.011949999999999475e-03
8.737780000000000546e-03
8.834260000000000029e-03
8.405569999999999362e-03
7.722689999999999937e-03
