7.682330000000000235e-03
8.873179999999999609e-03
8.513029999999999556e-03
8.909749999999999268e-03
9.789340000000000541e-03
1.041620000000000046e-02
9.267829999999999471e-03
9.651289999999999869e-03
1.143291999999999919e-02
1.396474999999999973e-02
1.582334999999999992e-02
1.345218999999999929e-02
1.033935000000000062e-02
8.761160000000000475e-03
9.201529999999999432e-03
1.370500000000000017e-02
1.711402999999999883e-02
2.254375000000000129e-02
2.815507000000000079e-02
3.171564999999999801e-02
3.287194999999999701e-02
3.097520999999999955e-02
2.375272000000000147e-02
1.814819000000000154e-02
1.106781000000000084e-02
9.116020000000000720e-03
8.618670000000000150e-03
8.670340000000000338e-03
9.008789999999999160e-03
1.157787000000000052e-02
1.269735999999999955e-02
1.363734999999999947e-02
1.548371999999999943e-02
1.374882000000000014e-02
1.261039000000000083e-02
9.635839999999999683e-03
8.775289999999999827e-03
8.792060000000000847e-03
9.365739999999999135e-03
9.829759999999999887e-03
9.000589999999999286e-03
9.052829999999999558e-03
9.563280000000000391e-03
9.306250000000000286e-03
8.565909999999999497e-03
8.791570000000000287e-03
8.500030000000000432e-03
8.821310000000000609e-03
8.552550000000000777e-03
8.438249999999999570e-03
9.196110000000000395e-03
9.659380000000000396e-03
9.871980000000000685e-03
9.830490000000000755e-03
9.419999999999999554e-03
9.021400000000000599e-03
8.543759999999999202e-03
8.812600000000000294e-03
9.046790000000000734e-03
8.755280000000000701e-03
9.146269999999999747e-03
9.978419999999999998e-03
9.183949999999999753e-03
7.699680000000000413e-03
