7.208280000000000069e-03
8.347840000000000468e-03
8.492160000000000333e-03
8.811400000000000482e-03
9.153520000000000059e-03
8.928760000000000863e-03
8.875100000000000350e-03
8.425850000000000353e-03
8.489069999999999602e-03
8.432040000000000021e-03
1.007527000000000075e-02
8.639990000000000170e-03
8.737820000000000309e-03
9.083370000000000333e-03
9.504439999999999417e-03
1.000189999999999933e-02
9.928519999999999707e-03
1.080678000000000021e-02
9.275620000000000046e-03
8.737879999999999953e-03
8.471450000000000161e-03
9.065959999999999644e-03
1.024755999999999931e-02
1.048673999999999960e-02
9.548259999999999387e-03
1.006530999999999919e-02
1.260054000000000035e-02
1.453387000000000082e-02
1.269590999999999949e-02
1.049714000000000029e-02
9.164369999999999808e-03
8.835310000000000732e-03
1.174329999999999992e-02
1.911349000000000034e-02
2.281035000000000007e-02
2.798078000000000023e-02
3.245747999999999689e-02
3.157553999999999916e-02
2.857428999999999872e-02
1.994543000000000010e-02
1.207004000000000063e-02
9.309819999999999901e-03
8.653640000000000637e-03
8.672859999999999250e-03
8.940250000000000280e-03
9.940859999999999280e-03
1.183236000000000010e-02
1.189223000000000016e-02
1.187304999999999958e-02
1.351047000000000012e-02
1.322474000000000045e-02
1.245165999999999981e-02
9.863669999999999730e-03
9.903800000000000797e-03
9.486110000000000722e-03
9.790329999999999866e-03
9.777680000000000399e-03
1.076193999999999935e-02
1.008122000000000011e-02
9.437320000000000778e-03
1.009838000000000055e-02
1.032187000000000035e-02
9.543799999999999853e-03
7.909899999999999223e-03
