7.492200000000000075e-03
8.163419999999999357e-03
8.205000000000000487e-03
8.180800000000000224e-03
8.263680000000000678e-03
8.438050000000000758e-03
8.179199999999999318e-03
8.005589999999999928e-03
8.111200000000000701e-03
8.375340000000000215e-03
8.442869999999999889e-03
8.622780000000000028e-03
8.571550000000000696e-03
8.546569999999999862e-03
8.601420000000000246e-03
8.275859999999999467e-03
8.450479999999999797e-03
8.228630000000000666e-03
8.604139999999999705e-03
8.717650000000000399e-03
8.719090000000000520e-03
8.823050000000000684e-03
8.699170000000000860e-03
8.360420000000000351e-03
8.268060000000000687e-03
8.695299999999999557e-03
8.480939999999999312e-03
8.323489999999999361e-03
8.672130000000000116e-03
8.488910000000000552e-03
8.295419999999999530e-03
8.235569999999999349e-03
8.648420000000000413e-03
8.469980000000000217e-03
8.262590000000000212e-03
8.486479999999999371e-03
8.457239999999999550e-03
8.863410000000000386e-03
8.902820000000000525e-03
8.687179999999999208e-03
8.868229999999999516e-03
8.391279999999999226e-03
8.438140000000000224e-03
8.328530000000000655e-03
8.682050000000000184e-03
9.169929999999999748e-03
9.329010000000000427e-03
9.027490000000000861e-03
8.727330000000000157e-03
9.416650000000000367e-03
9.747469999999999399e-03
9.806509999999999186e-03
9.095769999999999550e-03
9.113289999999999585e-03
8.652230000000000337e-03
9.097100000000000325e-03
1.019299000000000073e-02
1.173592000000000038e-02
1.312828000000000085e-02
1.433951999999999970e-02
1.665884000000000115e-02
1.777600999999999834e-02
1.399746999999999970e-02
7.418400000000000341e-03
