7.790479999999999801e-03
9.135940000000000380e-03
8.639330000000000620e-03
8.511180000000000134e-03
8.455580000000000734e-03
8.273890000000000758e-03
8.415489999999999429e-03
8.317440000000000597e-03
8.872690000000000785e-03
8.893119999999999151e-03
8.600059999999999649e-03
8.674090000000000619e-03
8.772330000000000058e-03
9.269490000000000021e-03
9.080130000000000492e-03
8.516150000000000109e-03
8.562989999999999491e-03
8.273549999999999308e-03
8.483489999999999781e-03
8.494710000000000802e-03
8.522119999999999349e-03
8.696979999999999988e-03
8.584480000000000235e-03
8.548149999999999152e-03
8.973029999999999895e-03
9.143679999999999516e-03
8.543600000000000153e-03
8.879830000000000015e-03
9.043759999999999646e-03
9.868270000000000167e-03
9.760239999999999888e-03
8.677199999999999497e-03
8.887769999999999698e-03
8.555129999999999332e-03
8.685369999999999549e-03
8.686980000000000396e-03
9.433979999999999796e-03
9.536849999999999494e-03
9.286300000000000804e-03
9.263290000000000413e-03
1.043552000000000021e-02
1.067155000000000013e-02
9.318379999999999372e-03
8.866399999999999976e-03
9.586829999999999311e-03
1.188303999999999923e-02
1.552238000000000055e-02
1.828093999999999900e-02
2.155270000000000102e-02
2.219497000000000136e-02
2.370192999999999953e-02
2.251393999999999965e-02
1.891357999999999928e-02
1.605600999999999903e-02
1.210456000000000032e-02
1.075418000000000034e-02
8.812989999999999713e-03
8.501309999999999770e-03
8.723059999999999495e-03
8.617220000000000088e-03
8.960330000000000725e-03
9.015610000000000290e-03
9.169399999999999426e-03
7.665199999999999618e-03
