7.808670000000000194e-03
9.917260000000000658e-03
1.239577000000000040e-02
1.522674000000000076e-02
1.699718999999999883e-02
1.890265000000000001e-02
1.956052000000000138e-02
1.704719000000000026e-02
1.602680999999999897e-02
1.493034000000000028e-02
1.365061000000000052e-02
1.110576999999999918e-02
9.591499999999999332e-03
8.594789999999999722e-03
8.653330000000000743e-03
8.618999999999999925e-03
8.933200000000000515e-03
9.723509999999999445e-03
9.806930000000000161e-03
9.664930000000000396e-03
1.044723000000000006e-02
1.069623999999999922e-02
9.375410000000000688e-03
8.527949999999999420e-03
8.350180000000000449e-03
8.437639999999999724e-03
8.536180000000000850e-03
8.477149999999999269e-03
8.598800000000000193e-03
8.596960000000000712e-03
8.236739999999999340e-03
8.254239999999999494e-03
8.512729999999999603e-03
8.307830000000000423e-03
8.078840000000000326e-03
8.246069999999999442e-03
8.236389999999999684e-03
8.379710000000000283e-03
8.503389999999999560e-03
8.626399999999999346e-03
8.213289999999999827e-03
8.414879999999999582e-03
8.444059999999999760e-03
8.465800000000000755e-03
8.710060000000000371e-03
8.915289999999999326e-03
8.761480000000000309e-03
8.536659999999999734e-03
8.205759999999999443e-03
8.275209999999999858e-03
8.326609999999999914e-03
8.413469999999999283e-03
8.534369999999999457e-03
8.692510000000000514e-03
8.646849999999999328e-03
8.335369999999999932e-03
8.327219999999999761e-03
8.722739999999999660e-03
8.614439999999999251e-03
8.492939999999999170e-03
8.350240000000000093e-03
8.055309999999999554e-03
7.913419999999999135e-03
7.369589999999999648e-03
