7.220100000000000129e-03
8.410700000000000121e-03
8.299660000000000371e-03
8.323300000000000490e-03
8.390850000000000045e-03
8.470099999999999504e-03
8.519300000000000483e-03
9.000150000000000164e-03
9.021990000000000565e-03
8.906849999999999143e-03
8.339960000000000429e-03
8.422080000000000191e-03
8.259090000000000181e-03
8.617980000000000779e-03
8.789850000000000094e-03
8.914719999999999242e-03
8.475200000000000441e-03
8.179820000000000840e-03
8.274770000000000736e-03
8.322450000000000334e-03
8.687969999999999721e-03
9.270350000000000118e-03
9.099410000000000484e-03
8.404729999999999146e-03
8.289279999999999565e-03
8.858450000000000352e-03
8.830650000000000652e-03
8.816839999999999400e-03
8.271529999999999161e-03
8.094189999999999371e-03
8.334700000000000442e-03
8.536169999999999175e-03
8.681940000000000837e-03
8.814020000000000535e-03
8.780639999999999279e-03
9.137309999999999183e-03
8.907480000000000606e-03
9.463060000000000568e-03
8.825519999999999893e-03
8.508349999999999594e-03
8.480549999999999894e-03
8.743350000000000427e-03
9.179919999999999400e-03
9.542669999999999625e-03
1.022949000000000080e-02
9.651800000000000310e-03
1.107697000000000022e-02
1.143347999999999934e-02
1.001086999999999984e-02
9.126989999999999756e-03
8.869760000000000838e-03
9.405530000000000487e-03
1.101562000000000027e-02
1.491671999999999963e-02
1.906145000000000062e-02
1.990311999999999984e-02
2.202140000000000000e-02
2.371902000000000038e-02
2.444713000000000094e-02
2.282390999999999934e-02
1.738096999999999906e-02
1.492618000000000070e-02
1.054976999999999998e-02
7.648049999999999987e-03
