7.719359999999999764e-03
9.112459999999999311e-03
9.010900000000000507e-03
9.545810000000000059e-03
9.903139999999999513e-03
1.022824999999999949e-02
1.104668999999999963e-02
1.037177000000000064e-02
1.007677000000000052e-02
8.611209999999999351e-03
8.320879999999999249e-03
8.385139999999999261e-03
8.763470000000000634e-03
1.006657000000000038e-02
1.140824000000000005e-02
1.146158000000000073e-02
1.089654999999999964e-02
1.069804000000000067e-02
1.168686000000000030e-02
1.245358000000000055e-02
1.162758000000000021e-02
9.197729999999999448e-03
1.134426000000000011e-02
1.554340000000000062e-02
2.176482000000000069e-02
3.106634999999999952e-02
3.351413999999999782e-02
3.302121000000000223e-02
3.139668000000000320e-02
2.053077999999999848e-02
1.559747000000000043e-02
1.207030000000000082e-02
1.126609999999999938e-02
8.918320000000000414e-03
8.732649999999999788e-03
9.574519999999999559e-03
1.003604999999999949e-02
1.349669000000000042e-02
1.474241999999999914e-02
1.221597999999999955e-02
1.166443999999999988e-02
1.054395999999999979e-02
9.310529999999999154e-03
8.707120000000000484e-03
8.844539999999999694e-03
9.098490000000000744e-03
8.724509999999999557e-03
9.158980000000000593e-03
8.912110000000000865e-03
9.228729999999999226e-03
8.999300000000000008e-03
8.456049999999999678e-03
8.776819999999999414e-03
8.878079999999999999e-03
9.262879999999999378e-03
8.861080000000000345e-03
8.763820000000000290e-03
8.554310000000000733e-03
8.596319999999999309e-03
8.543459999999999249e-03
8.538499999999999215e-03
9.168050000000000505e-03
9.599230000000000262e-03
7.411069999999999637e-03
