7.138040000000000010e-03
9.407799999999999149e-03
9.229589999999999322e-03
9.251920000000000283e-03
9.318510000000000335e-03
9.141700000000000867e-03
8.556799999999999823e-03
8.419039999999999163e-03
8.703110000000000013e-03
9.239489999999999509e-03
9.519269999999999815e-03
9.139660000000000839e-03
8.659699999999999342e-03
8.703980000000000050e-03
8.959009999999999890e-03
9.108029999999999599e-03
9.505869999999999598e-03
9.120549999999999838e-03
8.883850000000000427e-03
8.388569999999999707e-03
8.645339999999999622e-03
9.110979999999999426e-03
9.255579999999999363e-03
8.684040000000000509e-03
8.537569999999999534e-03
8.619260000000000116e-03
9.094529999999999975e-03
9.804200000000000761e-03
9.759540000000000576e-03
9.101289999999999727e-03
9.571230000000000016e-03
9.156970000000000387e-03
9.753400000000000611e-03
9.308220000000000730e-03
9.091679999999999554e-03
9.145659999999999901e-03
1.008066999999999991e-02
1.068460000000000069e-02
1.091266999999999932e-02
8.986779999999999768e-03
9.757359999999999645e-03
1.123766999999999995e-02
1.137080000000000035e-02
1.178507999999999986e-02
1.111713999999999931e-02
9.239690000000000056e-03
9.711249999999999397e-03
1.157410000000000036e-02
1.602657999999999860e-02
2.178199999999999928e-02
2.737300000000000150e-02
2.758510000000000129e-02
2.775255999999999904e-02
2.679588000000000109e-02
2.214783000000000029e-02
1.684623000000000023e-02
1.324132000000000087e-02
1.072055000000000057e-02
9.509629999999999819e-03
8.944010000000000501e-03
8.410060000000000452e-03
8.845799999999999150e-03
9.313619999999999885e-03
7.639960000000000327e-03
