7.200090000000000136e-03
8.355859999999999677e-03
8.321639999999999940e-03
8.386509999999999798e-03
8.536220000000000613e-03
8.528700000000000170e-03
8.412930000000000755e-03
8.464650000000000646e-03
8.199230000000000060e-03
8.500229999999999245e-03
8.794180000000000400e-03
8.386319999999999192e-03
8.312740000000000753e-03
8.550030000000000130e-03
8.671589999999999854e-03
8.631619999999999571e-03
8.637819999999999179e-03
8.596970000000000653e-03
8.451490000000000738e-03
8.523070000000000646e-03
8.400740000000000290e-03
8.450539999999999441e-03
8.283860000000000529e-03
8.314669999999999700e-03
8.416909999999999670e-03
8.755149999999999738e-03
8.663199999999999373e-03
8.754029999999999451e-03
8.419269999999999532e-03
8.530289999999999401e-03
8.292539999999999287e-03
8.591569999999999763e-03
8.615940000000000751e-03
8.399030000000000037e-03
8.362410000000000676e-03
8.735790000000000222e-03
8.390959999999999391e-03
8.488040000000000515e-03
8.636929999999999261e-03
8.642069999999999960e-03
8.596100000000000615e-03
8.632130000000000011e-03
8.628780000000000824e-03
8.478019999999999307e-03
8.570629999999999221e-03
8.619150000000000769e-03
9.363170000000000520e-03
9.146150000000000460e-03
8.798419999999999505e-03
9.234249999999999403e-03
9.210309999999999331e-03
9.305229999999999405e-03
9.306019999999999917e-03
9.387190000000000117e-03
8.830789999999999820e-03
9.170040000000000829e-03
8.769990000000000077e-03
9.163340000000000721e-03
9.776879999999999946e-03
1.003212000000000027e-02
1.157471000000000021e-02
1.336184999999999977e-02
1.336798999999999973e-02
7.372110000000000295e-03
