7.449270000000000023e-03
8.306579999999999173e-03
8.155759999999999746e-03
8.163979999999999501e-03
8.131740000000000149e-03
8.374049999999999203e-03
8.292489999999999584e-03
8.268120000000000330e-03
8.126470000000000221e-03
8.382640000000000230e-03
8.494120000000000836e-03
8.338860000000000022e-03
8.578229999999999189e-03
8.380159999999999346e-03
8.450100000000000319e-03
8.240269999999999193e-03
8.405990000000000337e-03
8.142170000000000657e-03
8.187659999999999383e-03
8.633200000000000596e-03
8.596740000000000284e-03
8.478360000000000757e-03
8.325340000000000518e-03
8.169569999999999263e-03
8.456409999999999275e-03
8.634609999999999161e-03
8.544219999999999940e-03
8.361189999999999248e-03
8.576910000000000089e-03
8.651249999999999218e-03
8.256740000000000260e-03
8.391199999999999701e-03
8.378649999999999640e-03
8.393909999999999219e-03
8.416810000000000264e-03
8.593379999999999422e-03
8.449039999999999676e-03
8.397190000000000557e-03
8.570009999999999434e-03
8.581260000000000276e-03
8.640190000000000717e-03
8.464030000000000858e-03
8.307029999999999970e-03
8.394449999999999482e-03
8.412330000000000849e-03
8.735990000000000769e-03
9.044190000000000562e-03
9.236480000000000037e-03
8.790110000000000284e-03
9.140020000000000436e-03
9.440199999999999286e-03
9.480809999999999238e-03
9.051889999999999936e-03
9.034040000000000126e-03
8.438249999999999570e-03
8.707009999999999403e-03
9.580200000000000521e-03
1.087065000000000080e-02
1.174937000000000030e-02
1.225805999999999944e-02
1.405641000000000009e-02
1.550015000000000073e-02
1.327726000000000080e-02
7.158989999999999625e-03
