7.374649999999999955e-03
8.658620000000000552e-03
8.530009999999999329e-03
8.427459999999999465e-03
8.655009999999999440e-03
8.910960000000000755e-03
8.488880000000000731e-03
8.636800000000000033e-03
9.264329999999999440e-03
9.230910000000000157e-03
9.001860000000000417e-03
9.153680000000000844e-03
8.652280000000000040e-03
8.530209999999999876e-03
8.850969999999999671e-03
9.393630000000000035e-03
9.128580000000000721e-03
8.359800000000000564e-03
8.438980000000000439e-03
8.421090000000000866e-03
8.731430000000000094e-03
1.001855999999999927e-02
1.003465000000000086e-02
8.717610000000000636e-03
8.622609999999999303e-03
9.254609999999999920e-03
9.452979999999999716e-03
9.037689999999999266e-03
9.296169999999999434e-03
8.575479999999999908e-03
8.519119999999999818e-03
8.817759999999999140e-03
9.027179999999999233e-03
8.974249999999999589e-03
8.708850000000000618e-03
8.851499999999999993e-03
8.860750000000000570e-03
1.002437999999999940e-02
9.709479999999999500e-03
8.848669999999999453e-03
8.393680000000000585e-03
8.791300000000000156e-03
9.513880000000000600e-03
1.004184999999999973e-02
1.008298000000000007e-02
1.001252000000000045e-02
1.027156000000000076e-02
1.161644000000000045e-02
1.041194999999999968e-02
1.012655999999999973e-02
9.140219999999999248e-03
9.138649999999999898e-03
9.249040000000000039e-03
1.197329999999999922e-02
1.498528000000000013e-02
1.648650999999999936e-02
2.053448000000000079e-02
2.221655000000000157e-02
2.366298000000000012e-02
2.216898999999999953e-02
2.002127000000000073e-02
1.808132999999999962e-02
1.263405000000000084e-02
7.539360000000000159e-03
