7.525460000000000309e-03
8.424730000000000066e-03
8.320460000000000009e-03
8.244120000000000614e-03
8.209170000000000009e-03
8.623650000000000065e-03
7.993119999999999392e-03
8.054409999999999695e-03
8.145019999999999344e-03
8.620299999999999144e-03
8.661049999999999999e-03
8.799549999999999733e-03
8.722070000000000170e-03
8.235630000000000728e-03
8.398469999999999894e-03
8.491079999999999808e-03
8.553230000000000208e-03
8.223160000000000192e-03
8.659570000000000115e-03
8.428820000000000062e-03
8.738789999999999752e-03
9.270310000000000356e-03
9.581179999999999905e-03
8.588300000000000101e-03
8.418629999999999863e-03
8.690679999999999239e-03
8.386110000000000439e-03
8.483050000000000659e-03
8.964619999999999533e-03
8.554700000000000151e-03
8.280829999999999441e-03
8.356290000000000592e-03
8.569480000000000847e-03
8.429590000000000694e-03
8.319270000000000137e-03
8.562369999999999703e-03
8.696709999999999857e-03
9.262740000000000209e-03
9.177289999999999406e-03
8.701540000000000663e-03
8.361469999999999320e-03
8.316070000000000059e-03
8.193040000000000392e-03
8.688609999999999389e-03
9.093649999999999997e-03
9.385130000000000208e-03
9.745659999999999740e-03
1.016578999999999920e-02
9.734039999999999360e-03
1.024919000000000004e-02
1.027953000000000026e-02
1.077467000000000008e-02
8.859030000000000377e-03
8.908869999999999290e-03
9.450300000000000020e-03
1.056966999999999976e-02
1.195075999999999951e-02
1.494150999999999986e-02
1.781297000000000089e-02
1.873046999999999906e-02
2.056842999999999866e-02
2.184768999999999947e-02
1.606737000000000096e-02
7.461180000000000416e-03
