7.841080000000000272e-03
9.074729999999999602e-03
8.974100000000000479e-03
8.422999999999999932e-03
8.822850000000000137e-03
8.949429999999999538e-03
8.880789999999999518e-03
8.479880000000000403e-03
8.869000000000000147e-03
9.971980000000000080e-03
9.247339999999999727e-03
1.051646000000000004e-02
1.026519000000000043e-02
1.033263000000000063e-02
9.594510000000000538e-03
9.151279999999999484e-03
9.979480000000000642e-03
9.682160000000000419e-03
9.862420000000000214e-03
9.760100000000000720e-03
1.113898999999999966e-02
1.194510000000000016e-02
1.354642999999999993e-02
1.179404000000000043e-02
9.976330000000000267e-03
9.062209999999999363e-03
9.306490000000000595e-03
1.443333999999999936e-02
2.550608999999999862e-02
3.190942000000000084e-02
3.633278000000000202e-02
3.630748000000000308e-02
3.382654999999999690e-02
2.839196999999999901e-02
1.812617000000000048e-02
1.299700999999999981e-02
1.134759999999999935e-02
8.533010000000000594e-03
8.959230000000000319e-03
9.465809999999999849e-03
1.125151999999999923e-02
1.231425000000000054e-02
1.470095000000000082e-02
1.441412000000000075e-02
1.519034000000000009e-02
1.212350000000000060e-02
9.607310000000000849e-03
9.086369999999999864e-03
9.530570000000000361e-03
9.769039999999999668e-03
1.053679000000000074e-02
9.596240000000000672e-03
9.190320000000000086e-03
9.913709999999999190e-03
8.937719999999999693e-03
1.006488000000000001e-02
9.665879999999999958e-03
9.138550000000000492e-03
8.451059999999999822e-03
8.970439999999999664e-03
1.022290000000000004e-02
8.995450000000000321e-03
8.863340000000000801e-03
7.713700000000000417e-03
