6.906240000000000122e-03
8.349179999999999449e-03
8.327819999999999667e-03
8.308940000000000770e-03
8.327499999999999833e-03
8.427379999999999940e-03
8.250800000000000842e-03
8.413179999999999270e-03
8.330819999999999198e-03
8.478070000000000744e-03
8.367039999999999200e-03
8.228610000000000785e-03
8.387469999999999301e-03
8.639710000000000098e-03
8.625380000000000200e-03
8.683700000000000793e-03
8.642030000000000198e-03
8.526250000000000842e-03
8.365670000000000397e-03
8.658700000000000077e-03
8.779020000000000226e-03
8.306509999999999588e-03
8.388760000000000314e-03
8.234180000000000665e-03
8.577430000000000471e-03
8.875569999999999293e-03
8.903539999999999718e-03
8.509370000000000475e-03
8.456870000000000012e-03
8.350019999999999665e-03
8.313549999999999413e-03
8.480140000000000594e-03
8.759970000000000603e-03
8.475850000000000051e-03
8.369490000000000263e-03
8.582499999999999851e-03
8.314230000000000578e-03
8.455390000000000128e-03
8.502660000000000426e-03
8.562689999999999538e-03
8.658690000000000137e-03
8.637590000000000545e-03
8.699840000000000351e-03
8.957800000000000137e-03
8.619740000000000735e-03
8.658209999999999518e-03
9.107060000000000155e-03
9.130050000000000665e-03
8.808460000000000595e-03
9.105069999999999830e-03
9.436339999999999659e-03
9.160790000000000252e-03
9.279280000000000861e-03
9.447000000000000536e-03
8.979439999999999991e-03
9.152310000000000306e-03
8.421019999999999547e-03
8.775609999999999661e-03
9.416010000000000699e-03
9.848539999999999378e-03
1.161240000000000015e-02
1.405762999999999978e-02
1.227117999999999959e-02
7.521719999999999968e-03
