7.531709999999999620e-03
8.761299999999999644e-03
9.272120000000000015e-03
9.300420000000000215e-03
9.466640000000000124e-03
9.510630000000000819e-03
9.096659999999999469e-03
8.549370000000000580e-03
8.531969999999999832e-03
9.255360000000000670e-03
9.633080000000000462e-03
9.303960000000000008e-03
8.827329999999999552e-03
8.684479999999999630e-03
9.070919999999999678e-03
8.983200000000000213e-03
9.699279999999999360e-03
9.437980000000000327e-03
9.171959999999999835e-03
8.672630000000000616e-03
8.875150000000000053e-03
9.427490000000000175e-03
9.642090000000000730e-03
9.006780000000000688e-03
8.500819999999999210e-03
8.795469999999999677e-03
9.074169999999999459e-03
1.066845999999999940e-02
1.001555999999999974e-02
8.983430000000000581e-03
9.401589999999999600e-03
9.956680000000000738e-03
1.005048000000000052e-02
1.005322999999999981e-02
9.872300000000000519e-03
9.001570000000000404e-03
9.656090000000000853e-03
1.059676000000000021e-02
1.084131999999999978e-02
9.604659999999999240e-03
9.158940000000000831e-03
1.030120999999999988e-02
1.147024999999999954e-02
1.235152999999999945e-02
1.308541000000000044e-02
9.725879999999999248e-03
8.918809999999999238e-03
1.023952000000000022e-02
1.357152000000000011e-02
1.872880999999999851e-02
2.569733000000000087e-02
2.692941000000000085e-02
2.791727000000000097e-02
2.912469999999999989e-02
2.732841999999999910e-02
2.092431000000000152e-02
1.575779000000000069e-02
1.341027000000000018e-02
1.194878000000000086e-02
9.998089999999999408e-03
8.800509999999999236e-03
8.768099999999999158e-03
8.775569999999999898e-03
7.802619999999999695e-03
