7.286090000000000275e-03
8.341100000000000597e-03
8.224999999999999672e-03
8.354929999999999995e-03
8.374400000000000593e-03
8.202529999999999544e-03
8.208709999999999271e-03
8.101270000000000693e-03
8.075129999999999808e-03
8.460960000000000009e-03
8.435510000000000230e-03
8.443239999999999426e-03
8.620900000000000785e-03
8.452509999999999885e-03
8.367299999999999391e-03
8.320140000000000174e-03
8.496439999999999201e-03
8.107220000000000051e-03
8.244110000000000674e-03
8.407430000000000458e-03
8.472659999999999914e-03
8.884660000000000821e-03
9.124359999999999762e-03
8.317400000000000834e-03
8.284339999999999413e-03
8.420520000000000782e-03
8.529550000000000326e-03
8.401699999999999793e-03
8.690279999999999880e-03
8.604930000000000218e-03
8.223519999999999788e-03
8.278850000000000792e-03
8.350669999999999274e-03
8.300449999999999148e-03
8.289859999999999590e-03
8.519640000000000199e-03
8.267560000000000187e-03
9.060280000000000417e-03
9.129019999999999843e-03
8.785400000000000501e-03
8.440770000000000217e-03
8.183130000000000265e-03
8.408030000000000365e-03
8.628570000000000337e-03
9.043239999999999265e-03
9.257029999999999426e-03
9.424939999999999707e-03
9.130690000000000334e-03
9.136899999999999883e-03
9.784670000000000520e-03
9.571869999999999684e-03
9.728270000000000667e-03
8.789129999999999165e-03
8.805439999999999448e-03
9.481989999999999169e-03
1.035816999999999988e-02
1.200154999999999972e-02
1.387055000000000059e-02
1.517102000000000034e-02
1.690728000000000023e-02
1.748438000000000075e-02
1.818169000000000035e-02
1.427528999999999951e-02
7.233260000000000037e-03
