7.690569999999999871e-03
8.474960000000000132e-03
8.416379999999999348e-03
8.503890000000000060e-03
8.641579999999999401e-03
8.660950000000000593e-03
8.327579999999999358e-03
8.808039999999999620e-03
9.097479999999999803e-03
9.038749999999999910e-03
9.039399999999999519e-03
8.688090000000000743e-03
8.525990000000000651e-03
8.472709999999999617e-03
8.606239999999999377e-03
9.223570000000000380e-03
8.971490000000000367e-03
8.610049999999999301e-03
8.267590000000000008e-03
8.485329999999999262e-03
8.784319999999999976e-03
9.745900000000000049e-03
9.679590000000000069e-03
8.596039999999999237e-03
8.472099999999999770e-03
8.883449999999999333e-03
9.185040000000000218e-03
9.322749999999999440e-03
9.154999999999999943e-03
8.518059999999999174e-03
8.684970000000000190e-03
8.940860000000000127e-03
9.223749999999999311e-03
8.918660000000000129e-03
8.675399999999999778e-03
9.273470000000000671e-03
8.950390000000000776e-03
9.695860000000000589e-03
9.393179999999999238e-03
8.624410000000000756e-03
8.418929999999999816e-03
8.894159999999999913e-03
9.295660000000000728e-03
9.554270000000000124e-03
9.914839999999999418e-03
9.860580000000000733e-03
1.034321000000000025e-02
1.179831999999999929e-02
1.081785000000000038e-02
1.078944000000000084e-02
9.229899999999999216e-03
9.242840000000000431e-03
9.315310000000000257e-03
1.125139000000000000e-02
1.552935000000000079e-02
1.671687000000000173e-02
1.975295999999999996e-02
2.120916000000000121e-02
2.269683000000000117e-02
2.164222000000000021e-02
1.937194000000000069e-02
1.764748000000000011e-02
1.409741999999999940e-02
7.771110000000000344e-03
