7.212739999999999603e-03
8.334400000000000489e-03
8.455960000000000212e-03
8.466750000000000317e-03
8.694379999999999817e-03
9.115639999999999507e-03
9.056510000000000254e-03
8.966270000000000143e-03
8.669259999999999813e-03
8.666319999999999926e-03
8.677650000000000294e-03
8.423860000000000028e-03
8.730170000000000638e-03
8.552779999999999411e-03
8.658829999999999305e-03
8.702289999999999678e-03
8.908759999999999943e-03
8.900740000000000735e-03
8.915710000000000302e-03
8.759849999999999581e-03
8.708099999999999868e-03
8.571340000000000209e-03
9.010870000000000685e-03
9.237570000000000503e-03
8.606960000000000305e-03
8.940200000000000577e-03
8.743539999999999299e-03
9.209000000000000172e-03
8.871230000000000782e-03
8.623590000000000422e-03
8.566560000000000841e-03
8.726450000000000179e-03
8.993779999999999830e-03
9.341669999999999835e-03
9.686200000000000712e-03
9.279139999999999958e-03
8.667299999999999310e-03
9.078710000000000252e-03
1.021340999999999916e-02
9.626179999999999806e-03
8.953300000000000841e-03
8.835100000000000245e-03
9.832169999999999452e-03
1.062820000000000084e-02
1.140621999999999990e-02
1.013258000000000041e-02
9.470710000000000239e-03
9.388050000000000214e-03
8.767409999999999787e-03
1.043299999999999957e-02
1.284222999999999962e-02
1.416602999999999959e-02
1.652549999999999852e-02
1.802074000000000037e-02
2.054220000000000004e-02
1.795352999999999880e-02
1.618968999999999964e-02
1.451130999999999949e-02
1.273830999999999922e-02
1.105372999999999946e-02
1.004990000000000050e-02
8.936180000000000165e-03
8.430359999999999590e-03
7.613469999999999786e-03
