7.580309999999999826e-03
9.548730000000000065e-03
8.522939999999999683e-03
9.433749999999999428e-03
1.107087000000000002e-02
1.376089999999999952e-02
1.870650999999999911e-02
2.276069000000000009e-02
2.477038000000000156e-02
2.767497000000000013e-02
2.814834999999999907e-02
2.323025999999999910e-02
2.119172999999999890e-02
1.850896000000000138e-02
1.106014999999999950e-02
9.536569999999999422e-03
9.191790000000000030e-03
8.657069999999999349e-03
8.502439999999999998e-03
9.392879999999999285e-03
1.015661999999999988e-02
1.110146000000000049e-02
1.175525000000000007e-02
1.095774000000000054e-02
1.234884999999999976e-02
1.109131000000000006e-02
1.057650000000000083e-02
8.872549999999999881e-03
9.096109999999999265e-03
8.763619999999999743e-03
8.632060000000000427e-03
8.834750000000000589e-03
8.804390000000000480e-03
8.777750000000000830e-03
8.733090000000000644e-03
8.424710000000000185e-03
8.826999999999999777e-03
8.978679999999999300e-03
8.980270000000000266e-03
8.193789999999999407e-03
8.110690000000000260e-03
8.813359999999999250e-03
9.280889999999999973e-03
9.292270000000000044e-03
8.686630000000000740e-03
8.371280000000000041e-03
8.469169999999999823e-03
8.507209999999999425e-03
8.682139999999999649e-03
9.476520000000000429e-03
9.003350000000000242e-03
8.659359999999999627e-03
8.210439999999999405e-03
8.767169999999999477e-03
9.408309999999999590e-03
9.713549999999999615e-03
8.903090000000000656e-03
8.378649999999999640e-03
8.370459999999999706e-03
8.438299999999999274e-03
8.564860000000000528e-03
9.042599999999999597e-03
9.655649999999999997e-03
7.488400000000000091e-03
