9.442499999999999505e-03
1.804808999999999927e-02
2.211023000000000155e-02
2.233001999999999904e-02
2.229102999999999987e-02
2.334779999999999842e-02
2.050373999999999947e-02
1.764749999999999999e-02
1.236376999999999962e-02
1.147253999999999982e-02
1.168221000000000016e-02
9.243009999999999421e-03
8.777510000000000520e-03
8.949330000000000132e-03
9.335569999999999632e-03
1.041907000000000076e-02
1.080011999999999986e-02
1.192614999999999995e-02
1.127014999999999961e-02
1.031879999999999950e-02
1.014307000000000056e-02
9.873659999999999382e-03
8.897280000000000466e-03
8.604989999999999861e-03
8.742250000000000021e-03
8.838280000000000441e-03
8.334350000000000785e-03
8.783110000000000223e-03
8.643659999999999191e-03
9.120480000000000254e-03
8.578729999999999689e-03
8.443140000000000020e-03
8.850010000000000168e-03
8.495209999999999567e-03
8.281729999999999300e-03
8.562959999999999669e-03
8.268859999999999405e-03
8.663960000000000064e-03
8.932270000000000834e-03
9.140280000000000626e-03
8.319200000000000553e-03
8.835769999999999735e-03
8.844899999999999290e-03
9.021229999999999874e-03
9.204300000000000329e-03
9.117880000000000082e-03
8.660529999999999617e-03
8.527790000000000370e-03
8.413379999999999817e-03
8.346350000000000643e-03
8.420169999999999391e-03
8.675189999999999291e-03
8.591639999999999347e-03
8.519089999999999996e-03
8.671430000000000804e-03
8.761009999999999631e-03
8.821759999999999671e-03
8.924289999999999654e-03
8.819520000000000831e-03
8.530829999999999663e-03
8.272190000000000445e-03
8.409840000000000024e-03
8.559100000000000041e-03
7.417700000000000161e-03
