7.622669999999999793e-03
8.305649999999999492e-03
8.375429999999999681e-03
8.269379999999999786e-03
8.502310000000000770e-03
8.558510000000000076e-03
8.244080000000000852e-03
8.160699999999999898e-03
8.230629999999999197e-03
8.415370000000000142e-03
8.544059999999999155e-03
8.146499999999999228e-03
8.321040000000000034e-03
8.381780000000000133e-03
8.371429999999999150e-03
8.349129999999999746e-03
8.639739999999999920e-03
8.515139999999999168e-03
8.276489999999999195e-03
8.289690000000000600e-03
8.313710000000000197e-03
8.332680000000000295e-03
8.128790000000000321e-03
8.227919999999999678e-03
8.429360000000000325e-03
8.598079999999999265e-03
8.447490000000000207e-03
8.838069999999999954e-03
8.473500000000000129e-03
8.117199999999999763e-03
8.197029999999999247e-03
8.293570000000000109e-03
8.558220000000000063e-03
8.629160000000000302e-03
8.215550000000000283e-03
8.210800000000000737e-03
8.405720000000000205e-03
8.539500000000000215e-03
8.504259999999999597e-03
8.238350000000000187e-03
8.137850000000000292e-03
8.370950000000000266e-03
8.650579999999999728e-03
8.738730000000000109e-03
8.555230000000000473e-03
8.307689999999999519e-03
8.495769999999999711e-03
8.541520000000000362e-03
8.486050000000000190e-03
8.765129999999999449e-03
8.873229999999999312e-03
8.848260000000000153e-03
8.733150000000000288e-03
8.950919999999999363e-03
9.140179999999999486e-03
9.193579999999999808e-03
8.643700000000000688e-03
8.468639999999999501e-03
8.568740000000000037e-03
8.487220000000000181e-03
8.838759999999999326e-03
1.013068999999999949e-02
1.014665000000000011e-02
7.237389999999999796e-03
