9.793629999999999350e-03
1.217628999999999934e-02
1.056177999999999978e-02
9.528899999999999870e-03
8.962799999999999934e-03
8.722250000000000836e-03
8.521390000000000214e-03
8.392550000000000357e-03
8.190189999999999970e-03
8.388909999999999423e-03
8.722219999999999279e-03
9.304849999999999927e-03
9.628150000000000250e-03
1.041800000000000018e-02
1.185473000000000082e-02
9.644579999999999820e-03
9.125229999999999800e-03
8.583119999999999639e-03
8.438420000000000296e-03
8.349920000000000259e-03
8.763770000000000587e-03
8.595000000000000209e-03
8.427920000000000203e-03
8.206359999999999350e-03
8.225359999999999269e-03
8.392069999999999738e-03
8.383260000000000017e-03
8.447090000000000848e-03
8.466660000000000852e-03
8.413860000000000436e-03
8.261269999999999378e-03
8.305520000000000264e-03
8.275859999999999467e-03
8.555989999999999429e-03
8.611560000000000742e-03
8.400660000000000766e-03
8.276210000000000858e-03
8.453119999999999731e-03
8.728349999999999304e-03
8.547930000000000458e-03
8.479149999999999535e-03
8.139290000000000413e-03
8.390550000000000092e-03
8.421450000000000463e-03
8.760260000000000616e-03
8.958509999999999390e-03
8.814550000000000857e-03
8.663169999999999552e-03
8.259990000000000041e-03
8.520899999999999655e-03
8.244949999999999155e-03
8.565430000000000613e-03
8.579039999999999583e-03
8.474169999999999620e-03
8.706909999999999997e-03
8.468109999999999180e-03
8.494609999999999661e-03
8.601640000000000674e-03
8.762709999999999944e-03
8.305689999999999254e-03
8.315539999999999737e-03
8.301279999999999423e-03
8.286540000000000225e-03
7.288270000000000338e-03
