7.912179999999999561e-03
8.865619999999999404e-03
8.919389999999999263e-03
8.831469999999999251e-03
8.655629999999999227e-03
9.556929999999999939e-03
8.569409999999999528e-03
8.796510000000000440e-03
9.724929999999999686e-03
1.016127999999999997e-02
9.521419999999999190e-03
1.040226999999999992e-02
9.974079999999999752e-03
9.899019999999999694e-03
9.829159999999999980e-03
9.031759999999999788e-03
1.041117000000000084e-02
9.657509999999999359e-03
9.327719999999999415e-03
9.642210000000000017e-03
1.105712000000000014e-02
1.179927000000000059e-02
1.181501000000000079e-02
1.086374000000000020e-02
9.357290000000000746e-03
8.883810000000000665e-03
1.089966000000000025e-02
1.587730000000000044e-02
2.312118000000000159e-02
2.762111999999999901e-02
2.867174000000000111e-02
3.026888999999999968e-02
2.985134000000000051e-02
2.258318000000000131e-02
1.492508000000000029e-02
1.152776999999999968e-02
1.007900999999999936e-02
8.737450000000000772e-03
8.758180000000000825e-03
9.677820000000000172e-03
1.052302999999999919e-02
1.080131999999999967e-02
1.288163999999999976e-02
1.304529999999999926e-02
1.323035000000000010e-02
1.098925000000000075e-02
9.407530000000000753e-03
9.015959999999999946e-03
9.298630000000000437e-03
9.407379999999999909e-03
1.011610999999999934e-02
9.498370000000000771e-03
9.177080000000000654e-03
9.791279999999999428e-03
9.236559999999999562e-03
9.695580000000000517e-03
9.572989999999999972e-03
8.900170000000000650e-03
8.844039999999999194e-03
9.247450000000000808e-03
9.869950000000000598e-03
8.692689999999999445e-03
8.546349999999999433e-03
7.545910000000000291e-03
