1.012508999999999978e-02
2.020268999999999884e-02
1.970643999999999868e-02
1.760033999999999904e-02
1.536494000000000054e-02
1.435871000000000022e-02
1.228708000000000057e-02
9.938989999999999977e-03
8.678909999999999750e-03
8.729139999999999816e-03
8.891710000000000585e-03
8.870990000000000472e-03
9.327280000000000293e-03
9.957779999999999410e-03
1.125162000000000037e-02
1.109869999999999954e-02
1.100869999999999974e-02
1.114792000000000040e-02
1.037349000000000084e-02
8.999180000000000720e-03
9.009309999999999541e-03
8.605460000000000539e-03
8.520520000000000177e-03
8.343770000000000353e-03
8.604920000000000277e-03
9.364340000000000511e-03
8.746250000000000552e-03
8.434459999999999527e-03
8.712499999999999759e-03
8.553359999999999436e-03
8.283050000000000135e-03
8.813849999999999810e-03
8.696560000000000748e-03
8.499110000000000692e-03
8.425890000000000116e-03
8.509110000000000285e-03
8.408350000000000199e-03
8.732900000000000038e-03
8.716359999999999386e-03
8.414990000000000664e-03
8.282120000000000454e-03
8.304320000000000451e-03
9.061740000000000420e-03
8.989550000000000665e-03
9.027459999999999304e-03
8.277780000000000207e-03
8.689880000000000521e-03
8.746409999999999602e-03
8.558639999999999304e-03
8.650190000000000309e-03
8.441830000000000861e-03
8.468120000000000855e-03
8.364079999999999432e-03
8.613289999999999141e-03
8.894080000000000388e-03
8.616449999999999457e-03
8.747929999999999248e-03
8.639410000000000145e-03
8.516779999999999837e-03
8.635699999999999626e-03
8.526399999999999951e-03
8.657460000000000502e-03
8.607019999999999949e-03
7.496550000000000262e-03
