7.375770000000000243e-03
8.921429999999999291e-03
8.543820000000000581e-03
8.739560000000000384e-03
9.775970000000000146e-03
1.142577000000000002e-02
1.498578000000000063e-02
1.705194999999999975e-02
1.966862999999999945e-02
2.017713000000000145e-02
2.292896000000000170e-02
1.977641000000000121e-02
1.686396000000000076e-02
1.401103000000000071e-02
1.053680000000000068e-02
9.515559999999999297e-03
8.928570000000000256e-03
8.299559999999999230e-03
8.092719999999999428e-03
8.815240000000000228e-03
9.199739999999999654e-03
9.734760000000000288e-03
1.033539999999999980e-02
1.003843999999999917e-02
1.071596000000000007e-02
9.916460000000000205e-03
9.262819999999999734e-03
8.563680000000000597e-03
8.567889999999999881e-03
8.587990000000000207e-03
8.276489999999999195e-03
8.398450000000000013e-03
8.354330000000000089e-03
8.501989999999999201e-03
8.450219999999999607e-03
8.282440000000000288e-03
8.394679999999999850e-03
8.772320000000000118e-03
8.773670000000000774e-03
8.107160000000000408e-03
8.260740000000000791e-03
8.420189999999999272e-03
8.922740000000000185e-03
8.778630000000000808e-03
8.467290000000000580e-03
8.314580000000000234e-03
8.325130000000000030e-03
8.310249999999999929e-03
8.404429999999999193e-03
9.040940000000000781e-03
8.919260000000000035e-03
8.739810000000000634e-03
8.205979999999999872e-03
8.355879999999999558e-03
8.635580000000000339e-03
9.139539999999999817e-03
8.779359999999999942e-03
8.245320000000000427e-03
8.335189999999999266e-03
8.253470000000000598e-03
8.199810000000000085e-03
8.402679999999999177e-03
9.127379999999999174e-03
7.368300000000000370e-03
