7.480849999999999826e-03
8.175709999999999228e-03
8.314290000000000222e-03
8.361439999999999498e-03
8.589180000000000079e-03
9.158329999999999249e-03
9.265729999999999800e-03
8.928190000000000778e-03
8.763460000000000694e-03
8.330600000000000505e-03
8.322569999999999621e-03
8.484059999999999865e-03
8.621949999999999753e-03
8.603470000000000215e-03
8.639479999999999729e-03
8.677610000000000531e-03
8.604699999999999849e-03
8.618809999999999319e-03
8.541649999999999590e-03
8.868300000000000835e-03
8.852240000000000802e-03
8.608819999999999667e-03
8.829510000000000483e-03
8.706860000000000294e-03
8.866759999999999572e-03
9.109110000000000124e-03
8.609890000000000251e-03
9.066750000000000156e-03
8.722300000000000539e-03
8.457859999999999337e-03
8.501109999999999223e-03
8.251569999999999738e-03
8.459849999999999662e-03
9.102700000000000027e-03
9.286720000000000044e-03
9.273019999999999874e-03
8.289019999999999375e-03
8.797340000000000715e-03
9.475410000000000083e-03
9.033460000000000101e-03
8.914639999999999717e-03
9.088060000000000235e-03
9.775940000000000324e-03
1.047959000000000043e-02
1.055606000000000079e-02
1.015046999999999998e-02
9.651180000000000522e-03
9.566119999999999138e-03
8.813569999999999738e-03
9.924739999999999604e-03
1.264116000000000024e-02
1.424020999999999967e-02
1.819265000000000118e-02
2.097372999999999946e-02
2.522150999999999907e-02
2.162075000000000108e-02
2.000673999999999855e-02
1.711000999999999841e-02
1.557010999999999985e-02
1.337765999999999955e-02
1.092973000000000035e-02
9.705139999999999253e-03
8.514529999999999321e-03
7.693669999999999676e-03
