7.969199999999999201e-03
9.117099999999999510e-03
8.888329999999999842e-03
8.801750000000000546e-03
9.717059999999999587e-03
1.028368999999999985e-02
9.269120000000000484e-03
8.727999999999999647e-03
8.538640000000000119e-03
8.496339999999999795e-03
8.640460000000000848e-03
8.987770000000000828e-03
9.129709999999999215e-03
8.956189999999999291e-03
8.847060000000000340e-03
8.425550000000000400e-03
8.997039999999999552e-03
9.252120000000000830e-03
9.493780000000000274e-03
9.612209999999999505e-03
1.046350000000000058e-02
1.074642999999999952e-02
1.089135999999999924e-02
1.158647999999999970e-02
9.929630000000000054e-03
9.157770000000000840e-03
9.341779999999999182e-03
9.837739999999999332e-03
9.429180000000000547e-03
9.647040000000000823e-03
1.005669000000000007e-02
1.230471999999999989e-02
1.418252000000000054e-02
1.253213000000000070e-02
1.171734999999999964e-02
1.093117000000000047e-02
9.379149999999999293e-03
9.621660000000000629e-03
1.730792999999999915e-02
2.178818999999999895e-02
2.699071999999999930e-02
3.343462999999999991e-02
3.279253000000000029e-02
2.934435000000000168e-02
2.384879000000000165e-02
1.799142999999999923e-02
1.335617000000000054e-02
1.107991000000000011e-02
9.032429999999999279e-03
8.488080000000000278e-03
8.970479999999999426e-03
9.238390000000000837e-03
1.079541000000000008e-02
1.322426999999999978e-02
1.630095000000000155e-02
1.847547000000000078e-02
1.717484999999999845e-02
1.248140000000000013e-02
1.147653000000000041e-02
1.024043000000000002e-02
9.241859999999999312e-03
8.848899999999999821e-03
8.917120000000000601e-03
7.709149999999999683e-03
