7.273220000000000379e-03
8.144069999999999782e-03
8.442130000000000814e-03
8.375799999999999218e-03
8.613479999999999748e-03
8.403030000000000568e-03
8.310349999999999335e-03
8.299420000000000061e-03
8.484729999999999356e-03
8.320320000000000840e-03
8.505860000000000504e-03
8.268869999999999346e-03
8.221779999999999713e-03
8.550469999999999252e-03
8.437899999999999914e-03
8.496840000000000295e-03
8.741439999999999627e-03
8.390790000000000401e-03
8.253659999999999469e-03
8.349040000000000281e-03
8.328810000000000727e-03
8.368290000000000450e-03
8.490420000000000258e-03
8.096360000000000362e-03
8.474290000000000642e-03
8.605820000000000136e-03
8.895939999999999750e-03
8.617349999999999316e-03
8.443020000000000733e-03
8.385409999999999392e-03
8.223029999999999229e-03
8.385770000000000723e-03
8.614159999999999179e-03
8.645190000000000513e-03
8.263299999999999465e-03
8.187470000000000511e-03
8.129670000000000299e-03
8.304489999999999442e-03
8.552680000000000005e-03
8.135190000000000476e-03
8.309079999999999938e-03
8.432469999999999202e-03
8.447380000000000860e-03
8.606269999999999198e-03
8.432479999999999143e-03
8.631309999999999677e-03
8.473470000000000307e-03
8.591589999999999644e-03
8.489889999999999937e-03
8.715570000000000608e-03
8.815079999999999444e-03
8.675179999999999350e-03
8.579430000000000736e-03
8.859320000000000389e-03
8.778569999999999429e-03
9.083120000000000083e-03
8.535229999999999553e-03
8.380300000000000249e-03
8.642399999999999735e-03
8.721519999999999967e-03
9.149809999999999541e-03
1.026317000000000028e-02
1.066335000000000026e-02
7.280469999999999824e-03
