8.279379999999999379e-03
1.459335999999999967e-02
1.268258000000000059e-02
1.126690999999999977e-02
9.812609999999999388e-03
9.199060000000000223e-03
8.942890000000000214e-03
8.585600000000000523e-03
8.318900000000000600e-03
8.347429999999999434e-03
8.711800000000000446e-03
8.893269999999999995e-03
9.483870000000000147e-03
1.112317999999999987e-02
1.191306999999999956e-02
1.049977000000000028e-02
9.319420000000000134e-03
8.634179999999999980e-03
8.568579999999999253e-03
8.335840000000000610e-03
8.575019999999999171e-03
8.687179999999999208e-03
8.568539999999999490e-03
8.138080000000000661e-03
8.133200000000000152e-03
8.412549999999999542e-03
8.471120000000000386e-03
8.635719999999999508e-03
8.374690000000000606e-03
8.340379999999999669e-03
8.250310000000000282e-03
8.270720000000000502e-03
8.304070000000000201e-03
8.400259999999999672e-03
8.488159999999999802e-03
8.558569999999999720e-03
8.255590000000000150e-03
8.405769999999999909e-03
8.415229999999999239e-03
8.444310000000000010e-03
8.325279999999999139e-03
8.186370000000000105e-03
8.331500000000000364e-03
8.179669999999999996e-03
8.355790000000000092e-03
8.584019999999999498e-03
8.657629999999999493e-03
8.477929999999999841e-03
8.213260000000000005e-03
8.112650000000000763e-03
8.304360000000000214e-03
8.531240000000000698e-03
8.453779999999999281e-03
8.679410000000000250e-03
8.457309999999999134e-03
8.323270000000000668e-03
8.387429999999999539e-03
8.325660000000000352e-03
8.539889999999999634e-03
8.213049999999999518e-03
8.058749999999999941e-03
8.167900000000000507e-03
7.886870000000000686e-03
7.222959999999999624e-03
