7.473070000000000060e-03
8.420620000000000188e-03
8.297769999999999452e-03
8.188769999999999730e-03
8.483940000000000578e-03
8.927219999999999600e-03
9.573099999999999318e-03
9.390459999999999779e-03
9.296959999999999946e-03
8.466059999999999211e-03
8.447200000000000195e-03
8.304060000000000261e-03
8.713560000000000402e-03
9.021470000000000183e-03
8.793789999999999246e-03
9.149569999999999231e-03
8.563909999999999231e-03
8.279170000000000626e-03
8.820190000000000322e-03
9.216520000000000615e-03
8.794480000000000353e-03
8.568390000000000381e-03
8.632429999999999964e-03
8.842169999999999891e-03
8.957390000000000838e-03
9.313240000000000407e-03
9.015979999999999828e-03
8.853200000000000305e-03
8.555210000000000592e-03
8.758590000000000125e-03
8.387520000000000739e-03
8.600460000000000743e-03
8.679090000000000416e-03
9.329250000000000737e-03
9.860129999999999936e-03
9.918510000000000174e-03
8.573410000000000059e-03
8.691189999999999680e-03
9.051520000000000399e-03
9.275290000000000271e-03
8.860899999999999679e-03
9.093959999999999891e-03
9.683789999999999412e-03
1.018397000000000052e-02
1.111212999999999958e-02
1.035770999999999914e-02
1.102897000000000079e-02
1.039706999999999958e-02
8.871570000000000497e-03
9.720980000000000593e-03
1.069838000000000039e-02
1.104844999999999959e-02
1.625385000000000024e-02
2.049544999999999839e-02
2.516308999999999907e-02
2.442305999999999991e-02
2.450903999999999930e-02
2.327415999999999860e-02
2.190927000000000152e-02
1.850281999999999968e-02
1.462398999999999991e-02
1.194372999999999962e-02
9.382220000000000143e-03
7.560560000000000024e-03
