8.611970000000000042e-03
1.025270999999999995e-02
1.110715999999999960e-02
1.259653999999999982e-02
1.339399999999999966e-02
1.140883999999999995e-02
1.029546999999999927e-02
8.979300000000000823e-03
9.062469999999999554e-03
9.010139999999999816e-03
9.199360000000000176e-03
9.047029999999999308e-03
9.901230000000000447e-03
1.234154999999999974e-02
1.440022000000000003e-02
1.402725999999999973e-02
1.387307999999999944e-02
1.368064000000000086e-02
1.149197000000000066e-02
9.692589999999999192e-03
1.068085000000000041e-02
1.426776000000000086e-02
2.219074999999999867e-02
2.634099999999999983e-02
3.498186999999999824e-02
3.958045999999999787e-02
3.866794999999999954e-02
2.917847000000000149e-02
2.333411000000000166e-02
1.401245999999999915e-02
1.101471000000000047e-02
8.990549999999999931e-03
9.363059999999999439e-03
9.522630000000000677e-03
9.863449999999999301e-03
1.253097000000000065e-02
1.222259000000000019e-02
1.801503999999999953e-02
1.753905000000000047e-02
1.317040000000000051e-02
1.052904999999999987e-02
9.467339999999999436e-03
8.579659999999999370e-03
9.247019999999999892e-03
1.019845999999999947e-02
1.023025999999999970e-02
8.746000000000000302e-03
9.890569999999999570e-03
9.843589999999999285e-03
9.066420000000000382e-03
9.012010000000000853e-03
8.712910000000000793e-03
8.678329999999999725e-03
9.115929999999999520e-03
9.731000000000000066e-03
9.521929999999999630e-03
8.776610000000000661e-03
9.404559999999999309e-03
1.021852999999999997e-02
1.010256000000000001e-02
9.945839999999999195e-03
9.640259999999999455e-03
9.371980000000000241e-03
7.761829999999999945e-03
