8.595550000000000412e-03
9.750119999999999273e-03
8.547650000000000386e-03
9.055189999999999420e-03
8.229939999999999825e-03
8.649179999999999369e-03
8.974489999999999898e-03
8.980830000000000410e-03
8.686950000000000574e-03
8.886639999999999470e-03
9.192310000000000411e-03
9.423370000000000357e-03
1.085640000000000042e-02
1.159813999999999984e-02
1.245416000000000058e-02
1.106721999999999914e-02
8.902270000000000322e-03
8.595149999999999318e-03
9.256810000000000732e-03
9.943509999999999155e-03
9.726780000000000842e-03
1.008510999999999956e-02
1.228350999999999922e-02
1.305179000000000061e-02
1.345069999999999946e-02
1.268047999999999918e-02
1.117643999999999929e-02
1.048157000000000082e-02
1.177312999999999971e-02
1.737734000000000154e-02
2.297572999999999976e-02
3.330585999999999963e-02
3.714917999999999693e-02
4.334952999999999723e-02
3.306583999999999912e-02
2.886980000000000102e-02
2.378136999999999959e-02
1.470176999999999942e-02
9.980100000000000429e-03
8.998759999999999745e-03
9.518089999999999884e-03
1.076482999999999954e-02
1.271373999999999942e-02
1.345555000000000015e-02
1.392538999999999930e-02
1.454445000000000043e-02
1.405257000000000034e-02
1.457311000000000023e-02
1.082418999999999916e-02
8.827009999999999718e-03
8.827949999999999339e-03
9.086119999999999614e-03
9.601880000000000137e-03
9.520249999999999199e-03
1.026732999999999986e-02
1.008074999999999943e-02
1.049513000000000008e-02
1.034571999999999922e-02
1.011876999999999915e-02
1.022365000000000079e-02
9.000750000000000070e-03
9.081380000000000008e-03
9.191720000000000446e-03
7.841429999999999928e-03
