7.555759999999999907e-03
9.453809999999999991e-03
8.638399999999999204e-03
9.149509999999999588e-03
1.048079000000000024e-02
1.239396000000000074e-02
1.695036999999999933e-02
2.040428999999999854e-02
2.293419000000000013e-02
2.564465999999999968e-02
2.755822000000000133e-02
2.252470999999999987e-02
1.937064999999999967e-02
1.551709000000000074e-02
1.100035000000000075e-02
9.698599999999999929e-03
9.052990000000000342e-03
8.266469999999999721e-03
8.359240000000000420e-03
8.743179999999999702e-03
9.528760000000000702e-03
1.037897999999999946e-02
1.046853000000000020e-02
9.987640000000000753e-03
1.035413999999999952e-02
1.003409000000000072e-02
9.255239999999999648e-03
8.592280000000000750e-03
8.653450000000000031e-03
8.651229999999999337e-03
8.403769999999999643e-03
8.487569999999999837e-03
8.565549999999999900e-03
8.477639999999999829e-03
8.622650000000000800e-03
8.432860000000000356e-03
8.533670000000000144e-03
8.950059999999999266e-03
8.813639999999999322e-03
8.238320000000000365e-03
8.147549999999999931e-03
8.415529999999999192e-03
9.077490000000000558e-03
9.116930000000000520e-03
8.469940000000000455e-03
8.323960000000000040e-03
8.299549999999999289e-03
8.242910000000000861e-03
8.463000000000000037e-03
9.065679999999999572e-03
8.941019999999999177e-03
8.982119999999999688e-03
8.094250000000000750e-03
8.470600000000000004e-03
9.057829999999999354e-03
9.213189999999999574e-03
8.813569999999999738e-03
8.357279999999999917e-03
8.164859999999999479e-03
8.440190000000000192e-03
8.527190000000000464e-03
8.414130000000000567e-03
9.028269999999999698e-03
7.433959999999999874e-03
