7.386659999999999754e-03
8.768549999999999955e-03
8.814270000000000785e-03
1.136284000000000079e-02
1.508520000000000000e-02
1.772071000000000063e-02
2.322768999999999875e-02
2.587512999999999966e-02
2.579033999999999840e-02
2.529970999999999956e-02
2.741905999999999857e-02
2.031828000000000106e-02
1.628860000000000030e-02
1.309586000000000083e-02
9.377220000000000347e-03
8.743930000000000452e-03
8.791419999999999443e-03
8.765910000000000021e-03
9.201140000000000013e-03
9.804020000000000096e-03
1.134894000000000007e-02
1.230759000000000020e-02
1.134584999999999934e-02
1.035455000000000056e-02
1.019869999999999978e-02
9.807220000000000174e-03
9.648969999999999769e-03
9.053449999999999345e-03
9.395719999999999766e-03
9.379530000000000506e-03
8.656769999999999396e-03
8.598990000000000800e-03
8.673459999999999157e-03
8.734280000000000516e-03
8.570829999999999768e-03
8.436030000000000612e-03
8.723470000000000529e-03
9.273629999999999721e-03
8.875940000000000565e-03
8.346120000000000275e-03
8.203419999999999462e-03
8.746639999999999970e-03
9.214760000000000659e-03
8.866900000000000476e-03
8.484270000000000353e-03
8.478549999999999628e-03
8.536550000000000388e-03
8.521710000000000049e-03
8.744520000000000418e-03
9.175229999999999497e-03
8.475560000000000038e-03
8.478350000000000816e-03
8.266229999999999412e-03
8.955460000000000156e-03
9.183919999999999931e-03
9.245029999999999568e-03
9.020669999999999730e-03
8.544160000000000296e-03
8.590209999999999166e-03
8.523680000000000492e-03
8.693680000000000505e-03
8.731869999999999216e-03
9.162099999999999411e-03
7.551610000000000267e-03
