7.467510000000000120e-03
1.050241000000000022e-02
1.139094000000000044e-02
1.286756000000000011e-02
1.391691999999999929e-02
1.109861000000000007e-02
1.003693999999999940e-02
8.986179999999999862e-03
9.131089999999999693e-03
9.437799999999999662e-03
9.632730000000000806e-03
9.178959999999999897e-03
1.008774999999999950e-02
1.230307999999999923e-02
1.485858999999999965e-02
1.450527000000000066e-02
1.403573999999999967e-02
1.321213000000000075e-02
1.075051999999999952e-02
9.001630000000000048e-03
8.815210000000000407e-03
1.852793999999999969e-02
2.548370999999999970e-02
2.856631999999999921e-02
3.416274999999999867e-02
3.898878000000000066e-02
3.644141000000000047e-02
2.620089999999999919e-02
1.873845999999999845e-02
1.235857999999999922e-02
1.049747000000000006e-02
8.980109999999999482e-03
9.243339999999999196e-03
1.005906999999999982e-02
1.115962000000000030e-02
1.315649999999999979e-02
1.347044000000000019e-02
1.846205000000000068e-02
1.721311999999999842e-02
1.198422000000000029e-02
9.549459999999999199e-03
9.113750000000000323e-03
8.754670000000000854e-03
9.567130000000000078e-03
1.040423000000000042e-02
1.000103999999999924e-02
9.052080000000000543e-03
9.625790000000000388e-03
9.651810000000000250e-03
9.005739999999999926e-03
9.169190000000000673e-03
9.028790000000000079e-03
8.575950000000000586e-03
8.764970000000000400e-03
9.584379999999999983e-03
9.527360000000000342e-03
8.804340000000000777e-03
9.486819999999999975e-03
1.121060999999999933e-02
1.039087999999999991e-02
1.007672000000000082e-02
9.446500000000000036e-03
8.983619999999999453e-03
7.787249999999999901e-03
