7.825429999999999539e-03
9.378910000000000718e-03
8.655539999999999762e-03
8.509340000000000653e-03
8.811740000000000197e-03
9.110550000000000245e-03
8.671800000000000341e-03
8.634309999999999208e-03
8.533229999999999288e-03
1.047177000000000004e-02
9.566289999999999863e-03
1.123633999999999918e-02
1.048247000000000068e-02
1.044834000000000040e-02
1.069806000000000056e-02
9.298449999999999771e-03
1.107145999999999998e-02
1.003785999999999914e-02
1.007993000000000083e-02
9.622910000000000144e-03
1.060936999999999991e-02
1.235138000000000034e-02
1.299556999999999969e-02
1.193090999999999943e-02
9.954990000000000366e-03
8.924259999999999832e-03
1.148172000000000081e-02
2.013685000000000128e-02
3.105451000000000045e-02
3.614828999999999959e-02
3.752951000000000203e-02
3.936707999999999874e-02
3.831033999999999828e-02
3.007848000000000119e-02
1.875846000000000111e-02
1.392058000000000011e-02
1.085951999999999924e-02
8.780960000000000848e-03
9.024269999999999167e-03
1.058043999999999998e-02
1.107090999999999978e-02
1.245113999999999943e-02
1.473297999999999969e-02
1.455683999999999971e-02
1.462180000000000077e-02
1.206781000000000000e-02
9.635329999999999243e-03
9.439720000000000402e-03
9.564319999999999419e-03
9.590929999999999248e-03
1.002730999999999935e-02
9.498309999999999392e-03
9.441579999999999764e-03
9.751400000000000345e-03
9.297249999999999959e-03
9.840609999999999635e-03
1.012484999999999948e-02
8.777109999999999426e-03
8.662990000000000620e-03
9.002029999999999407e-03
1.034150999999999994e-02
9.038310000000000788e-03
8.727399999999999741e-03
7.563659999999999828e-03
