7.733549999999999626e-03
9.970990000000000755e-03
1.195117000000000054e-02
1.672494999999999885e-02
2.016632000000000147e-02
2.442837999999999954e-02
2.639127999999999960e-02
2.368587999999999943e-02
2.309510999999999856e-02
2.208078999999999945e-02
2.069640000000000021e-02
1.412678000000000024e-02
1.127450999999999974e-02
9.728540000000000798e-03
9.089899999999999716e-03
8.958690000000000056e-03
8.894289999999999141e-03
9.703639999999999488e-03
1.015020999999999979e-02
1.049870999999999964e-02
1.183080000000000069e-02
1.322055999999999926e-02
1.105585000000000075e-02
9.589939999999999923e-03
8.842130000000000128e-03
8.925650000000000250e-03
9.407979999999999815e-03
9.295730000000000312e-03
9.195419999999999289e-03
9.453849999999999754e-03
8.532059999999999297e-03
8.534129999999999147e-03
8.591639999999999347e-03
8.493519999999999195e-03
8.247410000000000158e-03
8.687639999999999946e-03
8.929060000000000816e-03
9.106380000000000724e-03
8.806370000000000864e-03
8.798099999999999671e-03
8.562659999999999716e-03
8.863760000000000042e-03
9.065939999999999763e-03
8.877490000000000034e-03
8.644690000000000013e-03
9.081000000000000530e-03
9.132650000000000837e-03
8.976450000000000401e-03
8.852920000000000234e-03
8.568779999999999800e-03
8.542179999999999912e-03
8.586939999999999504e-03
8.450289999999999191e-03
9.092940000000000744e-03
9.517249999999999668e-03
8.883850000000000427e-03
8.684950000000000309e-03
8.857429999999999470e-03
8.872450000000000475e-03
8.630910000000000318e-03
8.811650000000000732e-03
8.569059999999999871e-03
8.698100000000000276e-03
7.673420000000000241e-03
