7.597969999999999897e-03
8.351010000000000724e-03
8.330469999999999542e-03
8.379910000000000830e-03
8.463270000000000168e-03
8.589950000000000710e-03
8.327869999999999370e-03
8.389590000000000589e-03
8.316799999999999193e-03
8.507630000000000400e-03
8.532480000000000273e-03
8.184119999999999590e-03
8.165340000000000098e-03
8.400660000000000766e-03
8.478690000000000532e-03
8.487319999999999587e-03
8.986990000000000256e-03
8.847449999999999759e-03
8.382409999999999861e-03
8.229540000000000466e-03
8.489309999999999912e-03
8.519540000000000793e-03
8.354230000000000683e-03
8.316080000000000000e-03
8.444099999999999523e-03
8.711750000000000743e-03
8.710620000000000515e-03
9.128270000000000828e-03
8.851929999999999174e-03
8.512000000000000469e-03
8.336210000000000148e-03
8.284659999999999247e-03
8.913829999999999323e-03
8.655180000000000165e-03
8.519999999999999796e-03
8.257089999999999916e-03
8.306380000000000360e-03
8.462789999999999549e-03
8.628600000000000159e-03
8.310559999999999822e-03
8.440980000000000705e-03
8.576290000000000302e-03
8.446870000000000420e-03
9.421979999999999938e-03
8.952979999999999272e-03
8.725770000000000748e-03
8.795340000000000449e-03
9.021750000000000255e-03
8.707289999999999475e-03
9.181830000000000200e-03
9.175459999999999866e-03
8.982719999999999594e-03
9.031080000000000357e-03
9.165569999999999620e-03
9.382510000000000155e-03
9.436079999999999468e-03
8.913120000000000070e-03
8.609769999999999229e-03
8.456889999999999893e-03
8.779800000000000798e-03
8.709559999999999871e-03
9.775310000000000596e-03
1.081040999999999946e-02
7.378779999999999714e-03
