7.054050000000000077e-03
8.697820000000000204e-03
1.045161000000000007e-02
9.207210000000000394e-03
9.168600000000000708e-03
1.029990000000000072e-02
9.660039999999999946e-03
1.044044000000000048e-02
1.123768999999999983e-02
1.145644999999999997e-02
1.083943000000000059e-02
9.857060000000000821e-03
8.956290000000000431e-03
8.711059999999999637e-03
1.036222000000000011e-02
1.107174000000000005e-02
1.262634999999999973e-02
9.981500000000000788e-03
1.018622999999999924e-02
1.298995000000000011e-02
1.528624999999999949e-02
1.278093999999999932e-02
1.054743000000000000e-02
9.378219999999999612e-03
9.002400000000000679e-03
1.248520000000000012e-02
2.342357999999999940e-02
3.322253000000000012e-02
4.142947000000000296e-02
3.891355999999999982e-02
3.557169999999999777e-02
3.134682999999999914e-02
2.792245999999999964e-02
1.731759999999999897e-02
1.156915000000000027e-02
9.035909999999999428e-03
9.182970000000000368e-03
1.001341000000000037e-02
1.069593999999999927e-02
1.120601000000000062e-02
1.424126000000000038e-02
1.451387999999999984e-02
1.474498999999999949e-02
1.197586999999999957e-02
1.125608999999999985e-02
9.203960000000000613e-03
9.179819999999999994e-03
8.628129999999999480e-03
8.936400000000000593e-03
9.788510000000000266e-03
1.032435999999999944e-02
1.005647999999999959e-02
9.551159999999999511e-03
1.037917000000000006e-02
8.889390000000000486e-03
8.836200000000000651e-03
8.608130000000000295e-03
8.762419999999999931e-03
8.723830000000000126e-03
9.212089999999999168e-03
9.621029999999999166e-03
8.883560000000000414e-03
7.979979999999999365e-03
7.591429999999999706e-03
