7.062559999999999845e-03
8.242040000000000824e-03
8.381629999999999289e-03
8.575970000000000468e-03
8.788759999999999628e-03
8.751059999999999742e-03
8.844760000000000122e-03
8.590510000000000854e-03
8.327340000000000783e-03
8.396159999999999735e-03
8.618570000000000744e-03
8.535120000000000207e-03
8.561159999999999951e-03
8.459329999999999281e-03
8.443310000000000745e-03
8.381730000000000430e-03
8.722419999999999826e-03
8.845949999999999994e-03
8.501949999999999438e-03
8.470290000000000111e-03
8.447269999999999779e-03
8.505109999999999754e-03
8.628169999999999243e-03
8.766239999999999796e-03
8.571509999999999199e-03
8.499800000000000064e-03
8.554420000000000079e-03
9.140519999999999201e-03
8.848450000000000759e-03
8.337759999999999616e-03
8.394209999999999172e-03
8.511420000000000444e-03
8.979169999999999860e-03
9.318270000000000025e-03
9.368329999999999366e-03
8.835519999999999485e-03
8.525059999999999236e-03
9.195029999999999870e-03
9.475010000000000723e-03
8.679990000000000275e-03
8.456899999999999834e-03
8.821239999999999290e-03
9.447139999999999704e-03
1.021264000000000026e-02
1.061293999999999953e-02
9.082130000000000758e-03
8.789929999999999619e-03
8.926150000000000750e-03
9.452790000000000845e-03
1.188825999999999945e-02
1.448144999999999988e-02
1.518709000000000031e-02
1.706184000000000173e-02
1.938927999999999832e-02
1.960831000000000032e-02
1.752640000000000101e-02
1.499135000000000051e-02
1.298869000000000065e-02
1.195627999999999969e-02
1.002558999999999916e-02
8.874599999999999850e-03
8.492080000000000808e-03
8.324669999999999292e-03
7.521350000000000431e-03
