7.568260000000000265e-03
8.580990000000000145e-03
8.360700000000000423e-03
8.602220000000000699e-03
8.623340000000000172e-03
9.097769999999999815e-03
9.783870000000000067e-03
9.399080000000000629e-03
9.280490000000000614e-03
8.667229999999999726e-03
8.348249999999999768e-03
8.451349999999999835e-03
8.550409999999999608e-03
9.048149999999999596e-03
8.752209999999999851e-03
8.951000000000000623e-03
8.594229999999999578e-03
8.778420000000000320e-03
9.149749999999999897e-03
9.371449999999999919e-03
9.246819999999999345e-03
8.471130000000000326e-03
8.814789999999999431e-03
9.483139999999999278e-03
8.856009999999999230e-03
9.914040000000000699e-03
9.139710000000000542e-03
9.232580000000000647e-03
8.952859999999999985e-03
8.704840000000000147e-03
8.588800000000000601e-03
8.464899999999999161e-03
8.711379999999999471e-03
9.205170000000000366e-03
9.942609999999999296e-03
9.780159999999999548e-03
8.637099999999999986e-03
8.855860000000000121e-03
9.631829999999999212e-03
9.802540000000000212e-03
9.337480000000000432e-03
9.022459999999999508e-03
9.800400000000000778e-03
1.103775000000000069e-02
1.154940999999999954e-02
1.038708999999999986e-02
1.039179999999999965e-02
1.027947000000000062e-02
8.973089999999999539e-03
1.045485999999999985e-02
1.307302999999999937e-02
1.527481999999999972e-02
2.008360999999999827e-02
2.477309000000000108e-02
2.636151000000000119e-02
2.376752999999999852e-02
2.351371999999999837e-02
2.113709999999999894e-02
1.911861999999999936e-02
1.662552999999999948e-02
1.326298000000000060e-02
1.045275000000000024e-02
8.590999999999999678e-03
7.726030000000000050e-03
