7.422839999999999994e-03
1.128306999999999921e-02
1.377400999999999973e-02
1.164214000000000047e-02
1.160240000000000056e-02
1.175973999999999943e-02
9.333489999999999842e-03
9.168080000000000326e-03
1.263397999999999952e-02
1.774844999999999895e-02
2.241705999999999907e-02
2.788008999999999973e-02
3.432215999999999739e-02
3.331444000000000072e-02
2.899424999999999919e-02
2.649156000000000080e-02
2.285001999999999867e-02
1.573317999999999939e-02
1.085413999999999997e-02
8.867109999999999229e-03
8.764050000000000659e-03
8.758470000000000838e-03
9.024829999999999311e-03
9.941190000000000790e-03
1.279897999999999973e-02
1.415674999999999920e-02
1.398133000000000015e-02
1.267169999999999928e-02
1.078528999999999946e-02
9.663480000000000333e-03
9.531110000000000623e-03
9.297470000000000387e-03
1.026541000000000085e-02
1.099218000000000070e-02
1.046798999999999993e-02
1.041492999999999933e-02
9.691659999999999511e-03
8.985949999999999493e-03
9.441410000000000774e-03
9.157409999999999509e-03
8.772409999999999583e-03
8.819310000000000344e-03
8.447470000000000326e-03
8.762630000000000419e-03
8.826229999999999146e-03
9.171030000000000154e-03
9.409950000000000259e-03
9.847629999999999578e-03
9.400520000000000750e-03
8.817210000000000672e-03
9.257899999999999463e-03
9.273039999999999755e-03
9.567729999999999985e-03
9.675029999999999394e-03
9.257470000000000282e-03
8.597139999999999643e-03
8.553589999999999804e-03
8.766080000000000746e-03
9.145729999999999485e-03
9.624940000000000231e-03
9.692469999999999905e-03
9.659310000000000812e-03
8.709170000000000453e-03
7.819670000000000787e-03
