1.000972999999999967e-02
1.503109000000000042e-02
1.784668999999999839e-02
1.921138000000000012e-02
1.854694999999999955e-02
1.796835999999999919e-02
1.709159999999999846e-02
1.384257000000000022e-02
1.148400999999999936e-02
1.042243999999999983e-02
9.668229999999999880e-03
8.880849999999999161e-03
8.959679999999999381e-03
8.899590000000000625e-03
9.101839999999999931e-03
9.822140000000000037e-03
1.031087999999999970e-02
1.136429000000000085e-02
1.042118000000000037e-02
9.622240000000000654e-03
9.455319999999999697e-03
9.063919999999999616e-03
8.597139999999999643e-03
8.587350000000000538e-03
8.749359999999999429e-03
8.790320000000000772e-03
8.355329999999999355e-03
8.738169999999999965e-03
8.616689999999999766e-03
8.577730000000000424e-03
8.389769999999999520e-03
8.322460000000000274e-03
8.568599999999999134e-03
8.513410000000000769e-03
8.401530000000000803e-03
8.271099999999999980e-03
8.430409999999999293e-03
8.538840000000000666e-03
8.811619999999999175e-03
8.651310000000000597e-03
8.436229999999999424e-03
8.538910000000000250e-03
8.827549999999999980e-03
8.981569999999999485e-03
9.006729999999999250e-03
8.702649999999999275e-03
8.515359999999999596e-03
8.265049999999999480e-03
8.436020000000000671e-03
8.330109999999999945e-03
8.410600000000000714e-03
8.496820000000000414e-03
8.259930000000000397e-03
8.506440000000000529e-03
8.777480000000000698e-03
8.698390000000000288e-03
8.881800000000000458e-03
8.625519999999999368e-03
8.523980000000000445e-03
8.518180000000000196e-03
8.350730000000000652e-03
8.659329999999999805e-03
8.359230000000000479e-03
7.384660000000000356e-03
