8.266100000000000184e-03
1.010477000000000077e-02
9.754300000000000470e-03
8.703989999999999991e-03
9.363399999999999154e-03
1.005328999999999945e-02
9.670230000000000145e-03
9.403470000000000578e-03
8.812590000000000354e-03
8.445319999999999216e-03
8.363829999999999182e-03
9.019130000000000202e-03
9.019620000000000762e-03
9.330140000000000655e-03
9.799330000000000193e-03
8.667199999999999904e-03
8.666010000000000033e-03
9.333889999999999201e-03
9.556500000000000758e-03
9.444140000000000174e-03
9.756719999999999976e-03
9.771520000000000553e-03
9.604770000000000321e-03
1.196748000000000083e-02
1.049597000000000030e-02
1.022873000000000011e-02
9.582759999999999195e-03
9.166509999999999242e-03
9.376100000000000059e-03
9.681230000000000738e-03
1.034932000000000039e-02
1.066963999999999933e-02
1.300983999999999995e-02
1.254686999999999990e-02
1.306014999999999954e-02
1.185895000000000005e-02
1.060259000000000028e-02
1.067585000000000062e-02
1.280807999999999947e-02
1.684810000000000127e-02
2.394208000000000100e-02
3.142778000000000238e-02
3.718786000000000314e-02
3.645506999999999914e-02
3.310620000000000229e-02
2.852862999999999927e-02
1.900535000000000072e-02
1.456747000000000077e-02
1.134897999999999983e-02
9.004959999999999354e-03
8.910009999999999458e-03
9.122230000000000269e-03
1.012643000000000050e-02
1.239081000000000037e-02
1.752510999999999999e-02
2.148919999999999997e-02
1.981248000000000037e-02
1.632379000000000122e-02
1.366027000000000040e-02
1.288711000000000023e-02
1.180845999999999979e-02
9.121729999999999769e-03
8.403129999999999974e-03
7.835820000000000285e-03
