8.296269999999999686e-03
1.237903999999999914e-02
1.217171000000000051e-02
1.011268000000000063e-02
8.829470000000000721e-03
8.823169999999999971e-03
1.100309000000000009e-02
1.424287999999999943e-02
1.842244000000000173e-02
2.316661000000000067e-02
2.772207000000000143e-02
2.739418000000000061e-02
2.847389999999999990e-02
2.711505000000000165e-02
1.880420000000000008e-02
1.481498000000000016e-02
1.326431999999999958e-02
9.935170000000000112e-03
8.995070000000000843e-03
8.484449999999999284e-03
8.961520000000000596e-03
8.830440000000000164e-03
1.005924000000000054e-02
1.172194000000000014e-02
1.385342999999999991e-02
1.322578999999999942e-02
1.166891999999999929e-02
9.500919999999999505e-03
9.094150000000000497e-03
8.521340000000000511e-03
8.784719999999999335e-03
9.067020000000000288e-03
8.993249999999999508e-03
9.429760000000000572e-03
9.535089999999999538e-03
9.359380000000000477e-03
8.975179999999999270e-03
9.197820000000000648e-03
9.181659999999999475e-03
8.796510000000000440e-03
8.495080000000000339e-03
8.609540000000000595e-03
8.588139999999999316e-03
8.772610000000000130e-03
8.940019999999999911e-03
9.030019999999999714e-03
9.127700000000000743e-03
8.519399999999999890e-03
8.626349999999999643e-03
8.902780000000000762e-03
9.522450000000000012e-03
9.708390000000000769e-03
9.264390000000000819e-03
8.821390000000000134e-03
8.590469999999999356e-03
8.672789999999999666e-03
8.530070000000000707e-03
8.975320000000000173e-03
9.534300000000000760e-03
9.132049999999999196e-03
8.510469999999999147e-03
8.712060000000000637e-03
8.790680000000000369e-03
7.509240000000000359e-03
