7.207129999999999960e-03
8.466639999999999236e-03
8.472169999999999354e-03
8.574039999999999787e-03
8.407780000000000115e-03
8.609969999999999776e-03
8.173400000000000803e-03
8.502769999999999773e-03
8.895180000000000795e-03
9.026209999999999789e-03
8.852030000000000315e-03
8.811309999999999282e-03
8.599320000000000574e-03
8.339380000000000404e-03
8.620600000000000832e-03
9.016810000000000103e-03
8.682910000000000281e-03
8.512439999999999590e-03
8.347689999999999624e-03
8.249589999999999354e-03
8.575759999999999980e-03
9.623879999999999588e-03
9.402999999999999900e-03
8.561590000000000866e-03
8.415229999999999239e-03
8.523289999999999339e-03
8.718909999999999855e-03
8.919669999999999335e-03
9.176059999999999772e-03
8.676829999999999959e-03
8.386370000000000630e-03
8.380069999999999880e-03
8.832839999999999789e-03
8.763309999999999850e-03
8.430639999999999662e-03
8.508430000000000853e-03
8.731090000000000378e-03
9.908909999999999940e-03
9.303749999999999520e-03
8.745189999999999908e-03
8.372730000000000103e-03
8.400919999999999221e-03
8.881389999999999424e-03
9.178830000000000669e-03
9.315679999999999794e-03
9.372520000000000504e-03
9.750790000000000499e-03
1.070925999999999996e-02
1.009114000000000018e-02
1.021148000000000021e-02
9.331090000000000217e-03
9.310860000000000664e-03
8.709170000000000453e-03
9.455850000000000019e-03
1.213633000000000073e-02
1.329923000000000043e-02
1.678021000000000026e-02
1.846831999999999988e-02
2.038805999999999952e-02
2.095342000000000038e-02
1.967736000000000138e-02
1.838423999999999961e-02
1.463785000000000086e-02
7.551379999999999898e-03
