6.841230000000000228e-03
8.465010000000000243e-03
9.107830000000000786e-03
1.158259000000000025e-02
1.599986999999999937e-02
1.967063000000000145e-02
2.312339999999999882e-02
2.394200000000000148e-02
2.408599999999999977e-02
2.252691000000000068e-02
2.325301000000000104e-02
1.613304999999999947e-02
1.433369999999999957e-02
1.091106000000000020e-02
9.263959999999999903e-03
8.823320000000000815e-03
8.867790000000000394e-03
9.003399999999999945e-03
9.549500000000000696e-03
1.051834999999999923e-02
1.202369000000000007e-02
1.300783999999999968e-02
1.224827000000000034e-02
9.797200000000000700e-03
9.467039999999999483e-03
9.093290000000000400e-03
9.443260000000000196e-03
8.930129999999999665e-03
9.188860000000000083e-03
9.187439999999999843e-03
8.497879999999999323e-03
8.569369999999999765e-03
8.478970000000000604e-03
8.417690000000000242e-03
8.245610000000000439e-03
8.368499999999999203e-03
8.688909999999999342e-03
8.922809999999999769e-03
8.949669999999999848e-03
8.580600000000000727e-03
8.419930000000000817e-03
8.646229999999999541e-03
9.111130000000000270e-03
8.656640000000000168e-03
8.367209999999999925e-03
8.572740000000000568e-03
8.768740000000000562e-03
8.772590000000000249e-03
8.662819999999999895e-03
8.803780000000000633e-03
8.365789999999999685e-03
8.397770000000000581e-03
8.374440000000000356e-03
8.964740000000000555e-03
9.509470000000000769e-03
9.141009999999999761e-03
9.010020000000000528e-03
8.514849999999999156e-03
8.583379999999999829e-03
8.393889999999999338e-03
8.663159999999999611e-03
8.568499999999999728e-03
8.576709999999999542e-03
7.376879999999999722e-03
