7.696520000000000097e-03
9.016049999999999412e-03
8.916890000000000233e-03
9.036600000000000535e-03
9.011869999999999950e-03
8.912379999999999261e-03
8.493419999999999789e-03
8.389070000000000207e-03
8.448239999999999222e-03
8.831939999999999930e-03
8.958229999999999318e-03
8.794790000000000246e-03
8.417950000000000432e-03
8.438009999999999261e-03
8.799529999999999852e-03
8.841820000000000235e-03
9.265040000000000428e-03
8.933730000000000837e-03
8.359019999999999992e-03
8.285519999999999344e-03
8.675079999999999944e-03
8.928020000000000053e-03
8.832740000000000383e-03
8.702899999999999525e-03
8.294110000000000371e-03
8.466800000000000020e-03
8.894300000000000817e-03
9.518890000000000337e-03
9.453359999999999194e-03
8.739280000000000312e-03
9.041769999999999322e-03
9.053330000000000058e-03
9.224569999999999645e-03
8.949089999999999823e-03
8.773700000000000596e-03
8.724030000000000673e-03
9.729349999999999457e-03
9.777879999999999211e-03
1.011267000000000069e-02
8.821880000000000693e-03
8.846659999999999247e-03
9.865590000000000470e-03
1.033262000000000069e-02
1.069854999999999938e-02
1.016621000000000018e-02
9.042329999999999465e-03
9.488260000000000097e-03
1.082396000000000053e-02
1.381759999999999933e-02
1.810903000000000165e-02
2.037668999999999939e-02
2.017098999999999975e-02
2.049010000000000067e-02
2.121916999999999900e-02
2.028448999999999877e-02
1.443089000000000004e-02
1.161268000000000022e-02
1.000517000000000073e-02
9.536350000000000729e-03
8.501520000000000257e-03
8.379990000000000355e-03
8.417769999999999767e-03
8.617470000000000338e-03
7.533910000000000433e-03
