8.865619999999999404e-03
1.350164000000000052e-02
1.447141000000000052e-02
1.398213000000000060e-02
1.237327000000000045e-02
9.584050000000000208e-03
8.403860000000000843e-03
8.456339999999999690e-03
9.764349999999999766e-03
1.101986999999999932e-02
9.964539999999999162e-03
9.710730000000000750e-03
1.187602999999999923e-02
1.403444000000000046e-02
1.709151999999999894e-02
1.449640999999999950e-02
1.172352999999999937e-02
1.014076000000000040e-02
9.039659999999999709e-03
1.251259000000000052e-02
2.051377000000000062e-02
3.408582999999999752e-02
3.704099999999999754e-02
3.548140000000000321e-02
3.443212999999999829e-02
3.383109000000000116e-02
2.728935000000000041e-02
1.720423000000000091e-02
1.228110999999999960e-02
9.146130000000000579e-03
9.696659999999999308e-03
9.815640000000000476e-03
9.973799999999999680e-03
1.129414999999999933e-02
1.617015000000000119e-02
1.526766000000000061e-02
1.570794000000000010e-02
1.675698000000000118e-02
1.364264999999999922e-02
1.013282000000000072e-02
1.011183000000000047e-02
1.015117999999999923e-02
9.102560000000000859e-03
9.095139999999999822e-03
9.508320000000000660e-03
1.001025000000000005e-02
9.314009999999999304e-03
8.814960000000000157e-03
8.992280000000000065e-03
8.995589999999999489e-03
9.933000000000000856e-03
9.714580000000000437e-03
8.874079999999999468e-03
8.746659999999999852e-03
8.564989999999999756e-03
9.031410000000000132e-03
9.364459999999999798e-03
1.046813000000000084e-02
1.255930000000000067e-02
1.121723999999999985e-02
9.128580000000000721e-03
8.513730000000000603e-03
8.220500000000000376e-03
7.679150000000000038e-03
