7.045609999999999894e-03
8.274989999999999429e-03
9.310930000000000248e-03
1.065836000000000040e-02
1.302072999999999946e-02
1.519910000000000011e-02
1.799803999999999987e-02
1.821541000000000132e-02
1.742109999999999839e-02
1.834420000000000148e-02
1.652172999999999836e-02
1.311247999999999928e-02
1.169707000000000038e-02
1.007138999999999951e-02
9.223620000000000083e-03
8.645699999999999219e-03
8.467330000000000342e-03
8.340900000000000050e-03
8.581530000000000408e-03
8.724729999999999985e-03
9.678539999999999366e-03
1.031047000000000040e-02
1.003087000000000076e-02
8.947510000000000532e-03
9.340040000000000842e-03
8.965030000000000568e-03
8.952009999999999829e-03
8.576040000000000052e-03
8.801190000000000402e-03
8.824220000000000674e-03
8.472060000000000007e-03
8.394300000000000372e-03
8.452650000000000788e-03
8.406159999999999327e-03
8.366870000000000210e-03
8.435480000000000408e-03
8.449860000000000010e-03
8.836790000000000617e-03
8.520979999999999180e-03
8.292040000000000521e-03
8.338649999999999535e-03
8.463989999999999361e-03
8.723170000000000576e-03
8.593840000000000159e-03
8.337749999999999675e-03
8.417149999999999979e-03
8.559209999999999388e-03
8.562020000000000047e-03
8.553649999999999448e-03
8.420949999999999963e-03
8.435379999999999268e-03
8.435109999999999136e-03
8.384259999999999283e-03
8.521269999999999192e-03
8.896489999999999954e-03
8.933770000000000600e-03
8.818049999999999153e-03
8.465530000000000624e-03
8.365159999999999957e-03
8.445239999999999692e-03
8.556509999999999810e-03
8.502529999999999463e-03
8.294899999999999149e-03
7.252899999999999625e-03
