7.508009999999999858e-03
8.222619999999999929e-03
8.349060000000000162e-03
8.394070000000000004e-03
8.418010000000000076e-03
8.360569999999999460e-03
8.216209999999999833e-03
8.252370000000000191e-03
8.158250000000000571e-03
8.276069999999999954e-03
8.394270000000000551e-03
8.210069999999999868e-03
8.186709999999999821e-03
8.555389999999999523e-03
8.543330000000000021e-03
8.553859999999999936e-03
8.419440000000000257e-03
8.279339999999999616e-03
8.458200000000000787e-03
8.760600000000000331e-03
8.723810000000000245e-03
8.310690000000000785e-03
8.294009999999999230e-03
8.169179999999999844e-03
8.224520000000000788e-03
9.070599999999999843e-03
8.637739999999999654e-03
8.539009999999999656e-03
8.569979999999999612e-03
8.392399999999999513e-03
8.310349999999999335e-03
8.418270000000000267e-03
8.754720000000000557e-03
8.381980000000000680e-03
8.322760000000000227e-03
8.570160000000000278e-03
8.334539999999999657e-03
8.326339999999999783e-03
8.443920000000000592e-03
8.633599999999999955e-03
8.628260000000000443e-03
8.529359999999999720e-03
8.521249999999999311e-03
8.481900000000000550e-03
8.374430000000000415e-03
8.863390000000000504e-03
9.353699999999999515e-03
9.524569999999999564e-03
8.986040000000000694e-03
9.271720000000000655e-03
9.634830000000000477e-03
9.850809999999999775e-03
9.480920000000000319e-03
9.427100000000000757e-03
9.088300000000000545e-03
8.793089999999999934e-03
8.268589999999999274e-03
9.056430000000000730e-03
1.037654000000000007e-02
1.120027000000000002e-02
1.334680000000000068e-02
1.582986999999999936e-02
1.216729000000000074e-02
7.494159999999999711e-03
