7.329109999999999792e-03
8.313370000000000481e-03
8.194270000000000026e-03
8.392979999999999538e-03
8.436640000000000458e-03
8.577480000000000174e-03
8.193370000000000167e-03
8.326840000000000283e-03
8.636380000000000792e-03
8.903970000000000634e-03
8.616220000000000823e-03
8.613529999999999451e-03
8.441119999999999873e-03
8.189000000000000098e-03
8.453350000000000100e-03
8.661419999999999536e-03
8.833680000000000004e-03
8.492420000000000524e-03
8.133649999999999214e-03
8.325859999999999164e-03
8.406969999999999721e-03
8.966180000000000677e-03
9.152850000000000569e-03
8.463729999999999171e-03
8.323560000000000680e-03
8.527150000000000701e-03
8.824759999999999202e-03
8.791079999999999728e-03
8.822780000000000553e-03
8.489659999999999568e-03
8.356139999999999748e-03
8.495209999999999567e-03
8.711860000000000090e-03
8.842459999999999903e-03
8.569649999999999837e-03
8.787899999999999531e-03
8.854580000000000783e-03
9.498629999999999227e-03
9.060270000000000476e-03
8.548490000000000602e-03
8.317329999999999515e-03
8.371109999999999315e-03
9.095159999999999703e-03
9.616960000000000786e-03
9.669969999999999954e-03
9.445179999999999201e-03
9.858000000000000443e-03
1.015973000000000050e-02
9.586439999999999892e-03
9.257899999999999463e-03
8.673280000000000226e-03
8.944910000000000361e-03
8.887680000000000233e-03
1.002211000000000074e-02
1.287946000000000056e-02
1.371221000000000072e-02
1.623992999999999964e-02
1.723080999999999918e-02
1.715718000000000104e-02
1.709151000000000073e-02
1.568487999999999827e-02
1.504659000000000031e-02
1.269802000000000083e-02
7.434040000000000266e-03
