7.429520000000000221e-03
8.418490000000000695e-03
8.097240000000000340e-03
8.317510000000000181e-03
8.306720000000000076e-03
8.344880000000000700e-03
8.158290000000000333e-03
8.188020000000000714e-03
7.969419999999999629e-03
8.414510000000000045e-03
8.301160000000000136e-03
8.039930000000000687e-03
8.215399999999999439e-03
8.254700000000000232e-03
8.349060000000000162e-03
8.395359999999999281e-03
8.597989999999999799e-03
8.335850000000000551e-03
8.148900000000000587e-03
8.117150000000000060e-03
8.230490000000000028e-03
8.377120000000000052e-03
8.370920000000000444e-03
8.209140000000000187e-03
8.155020000000000671e-03
8.294009999999999230e-03
8.467840000000000783e-03
8.570380000000000706e-03
8.340590000000000157e-03
8.351070000000000368e-03
8.152760000000000215e-03
8.296450000000000352e-03
8.507739999999999747e-03
8.399369999999999753e-03
8.106240000000000667e-03
8.288179999999999159e-03
8.152529999999999846e-03
8.294710000000000277e-03
8.568579999999999253e-03
8.225500000000000173e-03
8.186719999999999761e-03
8.337229999999999294e-03
8.652190000000000575e-03
8.724819999999999451e-03
8.603609999999999383e-03
8.482170000000000681e-03
8.581780000000000658e-03
8.582819999999999686e-03
8.350049999999999487e-03
8.854660000000000308e-03
8.890939999999999954e-03
8.615970000000000573e-03
8.449599999999999819e-03
9.035130000000000591e-03
8.928359999999999769e-03
9.341640000000000013e-03
8.662510000000000002e-03
8.344350000000000378e-03
8.329609999999999445e-03
8.457549999999999443e-03
9.215199999999999780e-03
9.695050000000000195e-03
9.995630000000000140e-03
7.193709999999999861e-03
