9.365919999999999801e-03
1.520755000000000023e-02
2.095949000000000076e-02
2.617283000000000109e-02
3.042569999999999997e-02
3.322605000000000003e-02
3.115108999999999934e-02
2.585277000000000061e-02
2.229093999999999867e-02
2.005155999999999952e-02
1.726128999999999858e-02
1.188760999999999984e-02
1.057769000000000070e-02
9.056379999999999292e-03
9.341479999999999229e-03
9.283970000000000763e-03
9.985139999999999988e-03
1.126979000000000002e-02
1.133141000000000009e-02
1.138398000000000014e-02
1.238104999999999935e-02
1.204764000000000009e-02
1.090901000000000023e-02
9.443919999999999745e-03
8.873270000000000809e-03
8.829429999999999223e-03
8.851460000000000231e-03
9.003439999999999707e-03
9.056250000000000064e-03
9.315800000000000816e-03
8.573539999999999286e-03
8.540060000000000359e-03
8.599290000000000753e-03
8.508599999999999844e-03
8.342260000000000647e-03
8.867049999999999585e-03
8.722860000000000683e-03
8.762590000000000656e-03
8.993960000000000496e-03
8.836290000000000117e-03
8.798610000000000111e-03
8.649509999999999144e-03
8.737059999999999618e-03
8.739320000000000074e-03
9.004500000000000351e-03
9.358989999999999324e-03
9.111350000000000698e-03
8.759259999999999616e-03
8.419660000000000685e-03
8.427900000000000322e-03
8.718190000000000661e-03
8.803349999999999717e-03
8.902729999999999325e-03
9.074000000000000468e-03
9.082420000000000770e-03
8.581329999999999861e-03
9.075420000000000709e-03
9.447729999999999670e-03
9.071450000000000000e-03
8.611789999999999376e-03
8.712769999999999890e-03
8.439369999999999858e-03
8.551349999999999230e-03
7.640820000000000424e-03
