7.293909999999999803e-03
8.735190000000000315e-03
1.076328000000000007e-02
1.313068000000000048e-02
1.728396999999999920e-02
2.098034999999999831e-02
2.273620000000000155e-02
2.183113999999999888e-02
2.113053000000000153e-02
1.948077999999999962e-02
1.944415999999999853e-02
1.379353999999999997e-02
1.127216999999999976e-02
9.897029999999999370e-03
8.784850000000000297e-03
8.504660000000000691e-03
8.920509999999999551e-03
9.259409999999999169e-03
9.459099999999999800e-03
9.467609999999999568e-03
1.103140000000000023e-02
1.142826000000000085e-02
1.063770999999999987e-02
9.242699999999999527e-03
8.992699999999999305e-03
9.109410000000000077e-03
9.382949999999999277e-03
8.834150000000000683e-03
9.118930000000000785e-03
8.794619999999999521e-03
8.338019999999999807e-03
8.417080000000000395e-03
8.441239999999999161e-03
8.366639999999999841e-03
8.366659999999999722e-03
8.289629999999999221e-03
8.622859999999999553e-03
8.719229999999999689e-03
8.788560000000000816e-03
8.307270000000000279e-03
8.209080000000000543e-03
8.199710000000000679e-03
8.826540000000000774e-03
8.467229999999999202e-03
8.427050000000000166e-03
8.720030000000000142e-03
8.770750000000000768e-03
8.673109999999999500e-03
8.509650000000000547e-03
8.511490000000000028e-03
8.312470000000000622e-03
8.329929999999999279e-03
8.365839999999999388e-03
8.962869999999999518e-03
8.963099999999999887e-03
8.688799999999999996e-03
8.640659999999999660e-03
8.522899999999999920e-03
8.701650000000000010e-03
8.407859999999999639e-03
8.616800000000000848e-03
8.145110000000000544e-03
8.586840000000000098e-03
7.414969999999999895e-03
