7.375480000000000230e-03
8.147760000000000419e-03
8.234270000000000131e-03
8.327509999999999774e-03
8.392300000000000107e-03
8.912349999999999439e-03
8.637739999999999654e-03
8.679020000000000831e-03
8.484949999999999784e-03
8.193920000000000370e-03
8.262290000000000259e-03
8.073739999999999389e-03
8.412199999999999886e-03
8.631750000000000533e-03
8.363419999999999882e-03
8.450829999999999453e-03
8.392089999999999619e-03
8.469489999999999658e-03
8.629780000000000090e-03
8.618030000000000482e-03
8.649729999999999572e-03
8.332310000000000758e-03
8.585539999999999144e-03
8.734759999999999400e-03
8.517449999999999327e-03
8.862490000000000645e-03
8.550189999999999180e-03
8.950960000000000860e-03
8.696900000000000464e-03
8.475210000000000382e-03
8.502159999999999926e-03
8.349610000000000365e-03
8.500709999999999864e-03
9.208140000000000075e-03
9.353709999999999455e-03
9.029389999999999986e-03
8.371399999999999328e-03
8.812820000000000722e-03
9.434530000000000000e-03
8.946660000000000376e-03
8.676019999999999566e-03
8.610619999999999385e-03
9.197969999999999757e-03
1.008667000000000070e-02
1.069335000000000077e-02
9.392340000000000758e-03
8.939259999999999221e-03
8.907450000000000784e-03
8.529590000000000088e-03
1.176893000000000036e-02
1.429863999999999961e-02
1.460198000000000051e-02
1.745640000000000039e-02
1.882164000000000059e-02
2.224881000000000081e-02
1.816417000000000032e-02
1.629393999999999981e-02
1.449107999999999993e-02
1.338583999999999954e-02
1.167806000000000052e-02
9.833859999999999824e-03
8.551059999999999217e-03
8.040399999999999631e-03
7.173340000000000272e-03
