1.049016000000000011e-02
1.647641000000000036e-02
1.536620000000000000e-02
1.398047999999999999e-02
1.197664000000000020e-02
1.165834999999999962e-02
1.048717000000000052e-02
8.754349999999999285e-03
8.300250000000000336e-03
8.520099999999999202e-03
8.461190000000000377e-03
8.733360000000000775e-03
9.164389999999999689e-03
1.029925999999999932e-02
1.095182999999999920e-02
1.074413999999999925e-02
1.025257000000000078e-02
1.013731000000000007e-02
9.400340000000000085e-03
8.673389999999999572e-03
8.641980000000000495e-03
8.469459999999999836e-03
8.310599999999999585e-03
8.102540000000000089e-03
8.475560000000000038e-03
8.701220000000000829e-03
8.502630000000000604e-03
8.480700000000000738e-03
8.508210000000000425e-03
8.208240000000000328e-03
8.278519999999999282e-03
8.414700000000000651e-03
8.269699999999999621e-03
8.410990000000000133e-03
8.183110000000000384e-03
8.418709999999999388e-03
8.457849999999999396e-03
8.338869999999999963e-03
8.360799999999999829e-03
8.278209999999999388e-03
8.090280000000000041e-03
8.421369999999999204e-03
8.711619999999999781e-03
8.714919999999999264e-03
8.461899999999999630e-03
8.379279999999999368e-03
8.498560000000000489e-03
8.620819999999999525e-03
8.423939999999999553e-03
8.403960000000000249e-03
8.351499999999999549e-03
8.106169999999999348e-03
8.257499999999999216e-03
8.730550000000000116e-03
8.831189999999999179e-03
8.607619999999999855e-03
8.456029999999999797e-03
8.412789999999999851e-03
8.433480000000000143e-03
8.410499999999999574e-03
8.544100000000000653e-03
8.518730000000000399e-03
8.245099999999999998e-03
7.370429999999999864e-03
