7.695109999999999797e-03
2.055273999999999990e-02
2.244453000000000073e-02
2.322756000000000126e-02
2.051727999999999885e-02
2.021111999999999909e-02
1.746241999999999933e-02
1.304547999999999992e-02
9.906220000000000303e-03
9.530510000000000717e-03
9.282850000000000476e-03
8.676929999999999366e-03
8.977199999999999416e-03
9.589250000000000551e-03
1.011910000000000066e-02
1.104756999999999961e-02
1.142379999999999958e-02
1.255946999999999966e-02
1.144898999999999917e-02
9.834940000000000349e-03
9.001320000000000154e-03
8.691809999999999467e-03
8.659729999999999164e-03
8.258329999999999491e-03
8.786920000000000147e-03
9.166040000000000298e-03
8.658209999999999518e-03
8.366939999999999794e-03
8.643090000000000842e-03
8.678170000000000675e-03
8.506059999999999316e-03
8.568070000000000547e-03
8.741449999999999568e-03
8.482079999999999481e-03
8.357589999999999811e-03
8.415290000000000617e-03
8.328340000000000048e-03
8.742990000000000830e-03
8.801869999999999833e-03
8.484910000000000022e-03
8.206549999999999956e-03
8.334509999999999835e-03
8.777129999999999307e-03
9.162740000000000815e-03
9.173159999999999648e-03
8.574870000000000062e-03
8.331170000000000589e-03
8.558279999999999707e-03
8.678220000000000378e-03
8.617760000000000351e-03
8.460610000000000352e-03
8.725929999999999798e-03
8.307959999999999651e-03
8.420779999999999238e-03
8.736779999999999546e-03
8.865599999999999523e-03
8.767419999999999727e-03
8.716559999999999933e-03
8.538799999999999168e-03
8.440009999999999526e-03
8.452609999999999291e-03
8.670610000000000470e-03
8.415310000000000498e-03
7.369239999999999992e-03
