7.399710000000000315e-03
8.501830000000000151e-03
8.237980000000000649e-03
8.300449999999999148e-03
8.277639999999999304e-03
8.449979999999999297e-03
8.227659999999999488e-03
8.310579999999999704e-03
8.195890000000000813e-03
8.788509999999999378e-03
8.785259999999999597e-03
8.509229999999999572e-03
8.373880000000000212e-03
8.410239999999999383e-03
8.575769999999999921e-03
8.809390000000000276e-03
8.750010000000000773e-03
8.335069999999999979e-03
8.190269999999999495e-03
8.170059999999999822e-03
8.417420000000000110e-03
9.424429999999999266e-03
9.528089999999999476e-03
8.514350000000000390e-03
8.164529999999999704e-03
8.785720000000000335e-03
8.777349999999999736e-03
8.870319999999999247e-03
8.802120000000000083e-03
8.396409999999999985e-03
8.286999999999999228e-03
8.610879999999999576e-03
8.705100000000000338e-03
8.543459999999999249e-03
8.444149999999999226e-03
8.431610000000000840e-03
8.689010000000000483e-03
9.616829999999999823e-03
9.282280000000000392e-03
8.482460000000000694e-03
8.142109999999999279e-03
8.478730000000000294e-03
8.953040000000000651e-03
9.176560000000000272e-03
9.531299999999999495e-03
9.550889999999999380e-03
9.558050000000000226e-03
1.024531000000000053e-02
9.896040000000000045e-03
9.850470000000000059e-03
8.951829999999999163e-03
9.038219999999999588e-03
8.675250000000000669e-03
9.809170000000000736e-03
1.200128999999999953e-02
1.335735000000000047e-02
1.537756000000000019e-02
1.690447000000000130e-02
1.790541999999999828e-02
1.765245000000000009e-02
1.774320999999999884e-02
1.669121999999999967e-02
1.386759000000000082e-02
7.426140000000000345e-03
