7.526019999999999585e-03
8.780549999999999813e-03
8.907860000000000084e-03
9.439799999999999927e-03
8.985579999999999956e-03
9.393820000000000642e-03
8.584120000000000639e-03
8.513329999999999509e-03
8.736640000000000378e-03
8.576590000000000255e-03
8.635320000000000148e-03
8.746979999999999686e-03
8.685840000000000227e-03
8.774469999999999492e-03
8.919770000000000476e-03
8.957849999999999840e-03
8.736390000000000128e-03
8.765429999999999403e-03
9.039530000000000481e-03
9.987279999999999422e-03
1.110203000000000058e-02
1.018961999999999993e-02
9.394740000000000382e-03
8.401469999999999425e-03
8.726559999999999526e-03
9.553320000000000561e-03
9.697189999999999629e-03
1.022627000000000085e-02
9.825890000000000318e-03
1.085233000000000031e-02
1.176634000000000013e-02
1.182158999999999988e-02
1.070401999999999985e-02
8.879450000000000537e-03
9.234289999999999166e-03
1.188011999999999922e-02
1.698801999999999951e-02
2.408770000000000008e-02
3.184547000000000072e-02
2.714035000000000059e-02
2.222891000000000103e-02
1.842873999999999901e-02
1.590998000000000065e-02
1.388262000000000003e-02
8.880690000000000112e-03
8.594330000000000719e-03
8.434509999999999230e-03
8.921069999999999695e-03
9.189249999999999502e-03
1.066473000000000074e-02
1.177446000000000048e-02
1.334575999999999991e-02
1.366931000000000049e-02
1.299707999999999940e-02
1.107960000000000021e-02
1.010590999999999920e-02
9.618949999999999376e-03
8.780450000000000407e-03
8.442180000000000517e-03
8.907999999999999252e-03
8.860430000000000736e-03
9.242069999999999799e-03
1.030843000000000037e-02
7.643450000000000417e-03
