7.470430000000000126e-03
1.253885000000000069e-02
1.064762999999999994e-02
9.319320000000000728e-03
9.520860000000000781e-03
1.049458999999999982e-02
9.562859999999999416e-03
9.573119999999999200e-03
1.056196000000000045e-02
1.263523000000000077e-02
1.324912999999999959e-02
1.423720000000000020e-02
1.440883999999999915e-02
1.306217999999999962e-02
1.180974000000000086e-02
8.997450000000000586e-03
9.341340000000000060e-03
1.310956999999999921e-02
2.003173999999999927e-02
2.929874999999999841e-02
3.813507000000000008e-02
4.154519999999999741e-02
3.491513000000000255e-02
2.829763999999999891e-02
2.004946999999999979e-02
1.594442999999999902e-02
1.124307000000000084e-02
9.657080000000000178e-03
9.550839999999999677e-03
1.019511000000000028e-02
9.780880000000000477e-03
1.218305000000000082e-02
1.395713999999999982e-02
1.537854999999999951e-02
1.676100999999999980e-02
1.176122999999999925e-02
1.057519999999999988e-02
9.996909999999999477e-03
9.315379999999999841e-03
9.342400000000000704e-03
9.812750000000000292e-03
9.838770000000000154e-03
1.022869000000000035e-02
9.425909999999999150e-03
8.648390000000000591e-03
8.646120000000000194e-03
8.754440000000000485e-03
8.565800000000000150e-03
8.767449999999999549e-03
9.023569999999999855e-03
8.956010000000000359e-03
9.667139999999999414e-03
9.189990000000000311e-03
9.271679999999999158e-03
9.441579999999999764e-03
9.691349999999999618e-03
9.468400000000000080e-03
8.970969999999999986e-03
8.894390000000000282e-03
8.999049999999999758e-03
9.320590000000000125e-03
1.044047000000000031e-02
9.488889999999999825e-03
7.880850000000000008e-03
