7.995010000000000311e-03
9.413110000000000574e-03
9.017320000000000543e-03
8.707049999999999165e-03
8.590510000000000854e-03
8.814449999999999716e-03
9.081860000000000627e-03
8.944050000000000264e-03
8.615539999999999657e-03
9.018639999999999643e-03
8.632380000000000261e-03
8.481509999999999397e-03
8.567760000000000653e-03
8.934090000000000434e-03
9.407810000000000825e-03
8.904469999999999399e-03
8.775750000000000564e-03
8.232120000000000756e-03
8.869379999999999625e-03
8.800040000000000293e-03
9.255980000000000457e-03
8.821529999999999302e-03
8.631259999999999974e-03
1.048041000000000077e-02
1.018255000000000028e-02
1.028936000000000087e-02
9.847109999999999197e-03
8.410489999999999633e-03
8.817439999999999306e-03
9.127609999999999543e-03
9.304879999999999748e-03
1.026121999999999972e-02
1.113680000000000052e-02
1.054671000000000081e-02
1.157135999999999929e-02
1.182623000000000008e-02
1.049498999999999918e-02
9.912070000000000256e-03
9.462919999999999665e-03
1.081213999999999960e-02
1.336183999999999983e-02
2.098099000000000144e-02
2.686745000000000105e-02
2.722890999999999853e-02
2.662420999999999885e-02
2.333042999999999922e-02
1.829860999999999988e-02
1.621875999999999873e-02
1.213514000000000086e-02
9.103329999999999755e-03
8.473780000000000201e-03
8.757920000000000635e-03
9.101710000000000703e-03
1.005166000000000046e-02
1.262081999999999961e-02
1.480498000000000057e-02
1.371979000000000080e-02
1.287029999999999945e-02
1.220305999999999995e-02
1.229979999999999962e-02
1.131426999999999954e-02
9.585430000000000686e-03
8.602210000000000759e-03
7.711739999999999914e-03
