9.845140000000000488e-03
1.472162999999999944e-02
1.420092000000000056e-02
1.242567999999999971e-02
1.101449000000000004e-02
1.097395999999999962e-02
1.019186000000000050e-02
8.806130000000000554e-03
8.222530000000000464e-03
8.429920000000000468e-03
8.440100000000000727e-03
8.299080000000000346e-03
8.792740000000000278e-03
9.731049999999999769e-03
1.031020000000000027e-02
1.027022999999999998e-02
9.783500000000000529e-03
9.385610000000000827e-03
8.854489999999999583e-03
8.560659999999999450e-03
8.496240000000000389e-03
8.469279999999999170e-03
8.444460000000000854e-03
7.990409999999999874e-03
8.345290000000000000e-03
8.526600000000000498e-03
8.487579999999999777e-03
8.326389999999999486e-03
8.410660000000000358e-03
8.149109999999999340e-03
8.168319999999999748e-03
8.219080000000000136e-03
8.364210000000000395e-03
8.220490000000000436e-03
8.091450000000000031e-03
8.442609999999999698e-03
8.257439999999999572e-03
8.361179999999999307e-03
8.166120000000000670e-03
8.186739999999999642e-03
8.156899999999999915e-03
8.269109999999999655e-03
8.373560000000000378e-03
8.495459999999999817e-03
8.426239999999999772e-03
8.249819999999999723e-03
8.443400000000000211e-03
8.691080000000000333e-03
8.315370000000000747e-03
8.304380000000000095e-03
8.269959999999999811e-03
8.321729999999999405e-03
8.187399999999999192e-03
8.536480000000000803e-03
8.421980000000000785e-03
8.548059999999999686e-03
8.385200000000000639e-03
8.088240000000000013e-03
8.255770000000000816e-03
8.319379999999999484e-03
8.410749999999999824e-03
8.259570000000000800e-03
7.815559999999999174e-03
7.258149999999999671e-03
