7.232330000000000356e-03
8.455670000000000200e-03
9.237560000000000562e-03
9.545110000000000747e-03
9.145280000000000423e-03
9.342939999999999232e-03
8.592199999999999491e-03
8.506539999999999935e-03
8.586569999999999966e-03
9.669620000000000298e-03
9.788319999999999660e-03
9.757230000000000417e-03
9.168870000000000839e-03
9.229499999999999857e-03
9.279209999999999542e-03
1.069759999999999982e-02
1.020555000000000073e-02
8.680830000000000490e-03
8.418119999999999423e-03
8.642020000000000257e-03
8.789639999999999606e-03
9.362900000000000389e-03
9.622449999999999407e-03
9.187149999999999830e-03
9.919930000000000414e-03
1.079144999999999931e-02
1.131156999999999996e-02
1.066493999999999949e-02
9.952280000000000848e-03
9.954380000000000520e-03
8.963050000000000184e-03
9.543730000000000269e-03
1.004823000000000001e-02
1.014085999999999980e-02
1.067513999999999963e-02
1.159160000000000051e-02
1.107607000000000036e-02
1.244381999999999953e-02
1.202031999999999927e-02
1.036821999999999917e-02
9.505639999999999229e-03
9.890770000000000117e-03
1.537211999999999953e-02
2.088374999999999954e-02
2.590378999999999945e-02
3.177968999999999933e-02
3.306883000000000045e-02
3.228543999999999858e-02
2.990040999999999879e-02
1.846305999999999989e-02
1.548439000000000065e-02
1.323459999999999914e-02
9.751420000000000227e-03
9.424729999999999219e-03
9.612670000000000242e-03
9.802659999999999499e-03
1.044924000000000026e-02
1.092286999999999945e-02
1.173928999999999945e-02
1.445327000000000070e-02
1.565008999999999845e-02
1.347897999999999978e-02
1.090938999999999971e-02
7.913659999999999445e-03
