7.430070000000000424e-03
8.320549999999999474e-03
8.410650000000000417e-03
8.222800000000000595e-03
8.492339999999999264e-03
8.467590000000000533e-03
8.620980000000000310e-03
8.780800000000000063e-03
9.070840000000000153e-03
9.039629999999999888e-03
8.729459999999999650e-03
8.512330000000000244e-03
8.506130000000000635e-03
8.482190000000000563e-03
8.942169999999999286e-03
9.311089999999999298e-03
8.814169999999999644e-03
8.355819999999999914e-03
8.201200000000000503e-03
8.704919999999999672e-03
8.680260000000000406e-03
9.514780000000000459e-03
9.320919999999999900e-03
8.495100000000000220e-03
8.305349999999999538e-03
8.743429999999999952e-03
8.948060000000000735e-03
8.662859999999999658e-03
8.592799999999999397e-03
8.289760000000000184e-03
8.325000000000000802e-03
8.496679999999999511e-03
8.756889999999999813e-03
8.570849999999999649e-03
8.677789999999999462e-03
9.028899999999999426e-03
8.753840000000000579e-03
9.226520000000000207e-03
8.778070000000000664e-03
8.393799999999999872e-03
8.469680000000000264e-03
8.771879999999999261e-03
9.198289999999999592e-03
9.680400000000000463e-03
9.357340000000000449e-03
9.196799999999999767e-03
9.998430000000000858e-03
1.034963000000000029e-02
9.648340000000000041e-03
9.150359999999999744e-03
8.584180000000000282e-03
8.889090000000000533e-03
9.016619999999999496e-03
9.636880000000000446e-03
1.339003000000000068e-02
1.403913000000000036e-02
1.565346999999999919e-02
1.632112999999999967e-02
1.653376999999999972e-02
1.552440000000000070e-02
1.391205000000000046e-02
1.256589999999999964e-02
9.874080000000000357e-03
7.476970000000000317e-03
