7.436500000000000402e-03
8.219370000000000148e-03
8.312800000000000397e-03
8.303659999999999167e-03
8.343450000000000519e-03
8.449730000000000782e-03
8.178299999999999459e-03
8.178799999999999959e-03
8.082670000000000132e-03
8.274679999999999536e-03
8.613239999999999438e-03
8.593810000000000338e-03
8.604489999999999361e-03
8.461979999999999155e-03
8.455439999999999831e-03
8.548019999999999924e-03
8.549030000000000865e-03
8.221040000000000639e-03
8.339960000000000429e-03
8.544059999999999155e-03
8.782659999999999426e-03
8.986400000000000290e-03
8.769070000000000337e-03
8.359939999999999732e-03
8.348070000000000837e-03
8.662909999999999361e-03
8.600290000000000018e-03
8.433939999999999146e-03
8.525859999999999689e-03
8.513009999999999675e-03
8.285580000000000722e-03
8.322939999999999158e-03
8.626049999999999690e-03
8.428990000000000787e-03
8.306130000000000110e-03
8.526570000000000676e-03
8.709450000000000525e-03
8.929919999999999178e-03
9.026189999999999908e-03
8.724269999999999248e-03
8.511760000000000159e-03
8.377930000000000446e-03
8.361759999999999332e-03
8.449780000000000485e-03
8.762129999999999919e-03
8.924160000000000426e-03
9.307680000000000467e-03
8.920229999999999479e-03
8.699379999999999613e-03
9.408720000000000624e-03
9.554699999999999305e-03
9.860660000000000258e-03
8.855379999999999502e-03
8.834220000000000267e-03
8.673709999999999407e-03
8.841939999999999522e-03
9.720360000000000805e-03
1.178184000000000002e-02
1.252296999999999959e-02
1.333251000000000054e-02
1.425775999999999953e-02
1.615513999999999839e-02
1.359513000000000041e-02
7.204079999999999859e-03
