7.331540000000000105e-03
8.325189999999999674e-03
8.276399999999999729e-03
8.179419999999999746e-03
8.257570000000000535e-03
8.359810000000000504e-03
8.201659999999999506e-03
8.278260000000000826e-03
8.216819999999999680e-03
8.198920000000000166e-03
8.431430000000000174e-03
8.445730000000000251e-03
8.567679999999999393e-03
8.549279999999999380e-03
8.422030000000000488e-03
8.499450000000000408e-03
8.459799999999999959e-03
8.353920000000000790e-03
8.432709999999999512e-03
8.892880000000000576e-03
8.967519999999999658e-03
8.473309999999999523e-03
8.563110000000000513e-03
8.618870000000000697e-03
8.713129999999999487e-03
9.102890000000000634e-03
8.528040000000000620e-03
8.272959999999999342e-03
8.375290000000000512e-03
8.723780000000000423e-03
8.387830000000000633e-03
8.325439999999999924e-03
8.650770000000000334e-03
8.249819999999999723e-03
8.506879999999999650e-03
8.571959999999999996e-03
8.563289999999999444e-03
8.708570000000000547e-03
8.804130000000000289e-03
8.986849999999999353e-03
9.026779999999999873e-03
8.743439999999999893e-03
8.459460000000000243e-03
8.537199999999999997e-03
8.628560000000000396e-03
9.184780000000000028e-03
9.479559999999999723e-03
9.505130000000000523e-03
8.611449999999999660e-03
9.481349999999999500e-03
9.928960000000000563e-03
1.011317999999999939e-02
9.737809999999999522e-03
9.416650000000000367e-03
8.607989999999999392e-03
8.759990000000000485e-03
9.268260000000000387e-03
1.049901999999999953e-02
1.184493999999999998e-02
1.385825000000000078e-02
1.730983999999999995e-02
1.994009000000000059e-02
1.703409000000000173e-02
7.474839999999999957e-03
