8.460479999999999390e-03
1.649244000000000057e-02
2.070338999999999860e-02
2.341665999999999886e-02
2.439778000000000086e-02
2.392400000000000082e-02
2.206837000000000035e-02
1.737148999999999985e-02
1.441580999999999939e-02
1.242095999999999999e-02
1.160314999999999958e-02
9.354200000000000015e-03
9.030969999999999276e-03
9.005400000000000210e-03
9.321450000000000222e-03
1.013935000000000010e-02
1.054071000000000001e-02
1.217647000000000000e-02
1.145776000000000086e-02
1.037040000000000010e-02
1.062027999999999930e-02
1.048787999999999977e-02
9.485050000000000078e-03
8.806700000000000639e-03
8.696970000000000048e-03
8.615660000000000679e-03
8.533090000000000119e-03
8.677900000000000544e-03
8.796689999999999371e-03
9.425529999999999672e-03
8.642369999999999913e-03
8.416889999999999789e-03
8.512050000000000172e-03
8.428700000000000775e-03
8.567119999999999250e-03
8.551500000000000073e-03
8.473970000000000807e-03
8.408060000000000186e-03
8.733209999999999931e-03
9.257760000000000294e-03
8.311499999999999444e-03
8.613930000000000545e-03
8.771070000000000602e-03
9.066599999999999313e-03
9.269400000000000556e-03
9.207250000000000156e-03
8.775220000000000242e-03
8.628880000000000230e-03
8.428140000000000631e-03
8.281659999999999716e-03
8.513349999999999390e-03
8.785319999999999241e-03
8.561799999999999619e-03
8.496109999999999426e-03
8.634690000000000420e-03
8.843490000000000725e-03
8.930530000000000759e-03
9.048240000000000796e-03
8.804120000000000348e-03
8.499500000000000111e-03
8.406870000000000315e-03
8.556940000000000726e-03
8.099540000000000559e-03
7.436589999999999867e-03
