8.125240000000000587e-03
1.094368000000000077e-02
1.049192000000000007e-02
9.512039999999999385e-03
8.912990000000000843e-03
8.728210000000000135e-03
1.003939000000000047e-02
1.266875999999999940e-02
1.547948000000000032e-02
2.041704999999999909e-02
2.401061000000000167e-02
2.310343999999999939e-02
2.584656999999999927e-02
2.206941999999999932e-02
1.608762999999999860e-02
1.434500000000000011e-02
1.228405999999999942e-02
1.003276999999999988e-02
8.874019999999999825e-03
8.526169999999999582e-03
8.622919999999999197e-03
8.854940000000000380e-03
9.472460000000000255e-03
1.055372000000000081e-02
1.174334999999999962e-02
1.232650000000000065e-02
1.110835999999999942e-02
9.490020000000000053e-03
8.828670000000000267e-03
8.460930000000000187e-03
8.914309999999999942e-03
8.874639999999999612e-03
9.115409999999999138e-03
9.299309999999999868e-03
9.329310000000000380e-03
9.165470000000000214e-03
8.818940000000000806e-03
8.712589999999999224e-03
9.019499999999999740e-03
8.720129999999999548e-03
8.246409999999999157e-03
8.483179999999999887e-03
8.474129999999999857e-03
8.707869999999999500e-03
8.459740000000000315e-03
8.969919999999999283e-03
8.711760000000000684e-03
8.531749999999999404e-03
8.365159999999999957e-03
8.380409999999999596e-03
9.182640000000000594e-03
9.470910000000000786e-03
9.024400000000000130e-03
8.396999999999999950e-03
8.315970000000000653e-03
8.853859999999999855e-03
8.626899999999999846e-03
8.614240000000000438e-03
8.974720000000000267e-03
8.577170000000000280e-03
8.439359999999999917e-03
8.592769999999999575e-03
8.650130000000000666e-03
7.319929999999999666e-03
