7.241059999999999684e-03
8.229449999999999266e-03
8.247519999999999504e-03
8.134060000000000248e-03
8.368129999999999666e-03
8.422519999999999313e-03
8.427030000000000284e-03
8.288069999999999812e-03
8.374229999999999868e-03
8.372459999999999972e-03
8.524570000000000411e-03
8.401159999999999531e-03
8.380570000000000380e-03
8.588530000000000469e-03
8.628220000000000681e-03
8.477790000000000672e-03
8.332030000000000686e-03
8.141839999999999147e-03
8.528030000000000679e-03
8.641039999999999138e-03
8.564679999999999863e-03
8.279919999999999641e-03
8.290000000000000493e-03
8.356020000000000461e-03
8.480440000000000547e-03
8.638820000000000179e-03
8.472729999999999498e-03
8.562649999999999775e-03
8.277220000000000064e-03
8.363159999999999691e-03
8.321379999999999749e-03
8.382670000000000052e-03
8.672720000000000082e-03
8.266980000000000162e-03
8.279550000000000104e-03
8.558559999999999779e-03
8.456460000000000712e-03
8.528650000000000467e-03
8.603579999999999561e-03
8.625560000000000865e-03
8.660299999999999249e-03
8.646239999999999482e-03
8.512959999999999972e-03
8.554060000000000483e-03
8.613080000000000389e-03
8.888429999999999248e-03
9.186629999999999449e-03
9.028849999999999723e-03
8.705690000000000303e-03
9.072729999999999337e-03
9.243229999999999849e-03
9.060179999999999276e-03
9.161769999999999636e-03
9.037130000000000857e-03
8.729920000000000388e-03
8.610889999999999517e-03
8.586079999999999407e-03
9.497919999999999974e-03
1.002220000000000021e-02
1.064995000000000004e-02
1.302151999999999997e-02
1.532205000000000025e-02
1.193731999999999953e-02
7.308730000000000261e-03
