7.783639999999999656e-03
9.376209999999999406e-03
8.821449999999999778e-03
8.750249999999999348e-03
8.541949999999999543e-03
8.711039999999999756e-03
7.977909999999999516e-03
8.431640000000000662e-03
8.963000000000000481e-03
9.479829999999999854e-03
9.140380000000000033e-03
8.699500000000000635e-03
8.960239999999999524e-03
9.346300000000000094e-03
9.698629999999999751e-03
8.572639999999999427e-03
8.900359999999999522e-03
8.638939999999999467e-03
8.684970000000000190e-03
8.508730000000000807e-03
8.688909999999999342e-03
9.014919999999999184e-03
8.750279999999999170e-03
8.295459999999999293e-03
8.461299999999999724e-03
8.516759999999999955e-03
8.606400000000000161e-03
9.015260000000000634e-03
9.242020000000000096e-03
9.781420000000000739e-03
9.421739999999999629e-03
9.144180000000000016e-03
9.050960000000000255e-03
8.804019999999999208e-03
8.727459999999999385e-03
8.964240000000000055e-03
1.012228000000000086e-02
1.013911999999999973e-02
9.745649999999999799e-03
9.168950000000000364e-03
9.871770000000000198e-03
1.088742000000000008e-02
1.035181999999999942e-02
9.628980000000000525e-03
9.349680000000000837e-03
1.055903000000000050e-02
1.350525999999999983e-02
1.785644000000000120e-02
2.238102000000000147e-02
2.689775000000000152e-02
2.933364000000000110e-02
2.917072999999999888e-02
2.585577000000000014e-02
2.399555000000000091e-02
1.735949999999999993e-02
1.291181999999999920e-02
1.001219000000000067e-02
9.035520000000000010e-03
8.720800000000000773e-03
8.559249999999999151e-03
8.638550000000000048e-03
8.622420000000000431e-03
9.185270000000000587e-03
7.655470000000000157e-03
