9.028780000000000139e-03
1.230780000000000068e-02
1.098710999999999958e-02
9.218630000000000227e-03
8.752599999999999270e-03
9.356619999999999521e-03
1.318603999999999957e-02
1.883875000000000133e-02
2.432617999999999933e-02
2.886193000000000092e-02
2.967088000000000017e-02
2.829107000000000149e-02
2.661091999999999971e-02
2.504960000000000173e-02
1.486997999999999966e-02
1.206911999999999915e-02
1.160649000000000056e-02
9.261840000000000350e-03
8.661230000000000664e-03
8.865919999999999357e-03
9.483850000000000266e-03
1.017023000000000059e-02
1.140525000000000046e-02
1.246618000000000032e-02
1.374269000000000011e-02
1.316644999999999968e-02
1.100919000000000030e-02
8.992649999999999602e-03
8.886109999999999148e-03
8.649250000000000688e-03
9.041270000000000556e-03
8.963940000000000102e-03
8.827500000000000277e-03
9.240709999999999202e-03
9.539409999999999903e-03
8.889950000000000629e-03
9.043229999999999325e-03
9.184060000000000834e-03
9.286529999999999438e-03
8.856009999999999230e-03
8.530319999999999223e-03
8.614460000000000867e-03
9.017360000000000306e-03
9.216510000000000674e-03
9.000839999999999536e-03
8.760409999999999725e-03
8.592519999999999325e-03
8.316330000000000250e-03
8.542340000000000697e-03
9.503350000000000686e-03
1.015700999999999930e-02
9.593940000000000454e-03
9.032460000000000835e-03
8.472469999999999307e-03
8.631609999999999630e-03
9.376469999999999597e-03
9.170990000000000392e-03
8.524920000000000067e-03
9.030190000000000439e-03
8.876000000000000209e-03
8.337560000000000804e-03
8.764630000000000684e-03
9.282550000000000523e-03
7.624350000000000224e-03
