7.409569999999999872e-03
8.210320000000000118e-03
8.393110000000000501e-03
8.177250000000000490e-03
8.410189999999999680e-03
8.197629999999999154e-03
8.154919999999999530e-03
8.089590000000000669e-03
8.192819999999999964e-03
8.291810000000000153e-03
8.225569999999999757e-03
8.033919999999999950e-03
8.346259999999999443e-03
8.416230000000000239e-03
8.432900000000000118e-03
8.450519999999999560e-03
8.608140000000000236e-03
8.459929999999999187e-03
8.082570000000000726e-03
8.268879999999999286e-03
8.267039999999999805e-03
8.418220000000000564e-03
8.213379999999999292e-03
8.147269999999999859e-03
8.454220000000000138e-03
8.472000000000000364e-03
8.545000000000000512e-03
8.465369999999999839e-03
8.416770000000000501e-03
8.034960000000000713e-03
8.200580000000000716e-03
8.272969999999999283e-03
8.467149999999999677e-03
8.319460000000000743e-03
8.292950000000000321e-03
8.264459999999999515e-03
8.286689999999999334e-03
8.302910000000000151e-03
8.263289999999999524e-03
8.298649999999999430e-03
8.349439999999999640e-03
8.216589999999999311e-03
8.523730000000000195e-03
8.697089999999999335e-03
8.326520000000000449e-03
8.435649999999999399e-03
8.571300000000000446e-03
8.893979999999999247e-03
8.390379999999999366e-03
8.779020000000000226e-03
8.920809999999999504e-03
8.844019999999999312e-03
8.721760000000000276e-03
9.020979999999999624e-03
8.810439999999999244e-03
8.908279999999999324e-03
8.281719999999999360e-03
8.377940000000000387e-03
8.630860000000000615e-03
9.055149999999999658e-03
1.051547000000000072e-02
1.204943999999999980e-02
1.213007999999999968e-02
7.180289999999999763e-03
