8.108809999999999282e-03
9.129530000000000284e-03
8.818819999999999784e-03
8.972320000000000642e-03
8.996229999999999158e-03
9.023440000000000627e-03
8.827059999999999421e-03
8.485140000000000390e-03
8.702150000000000510e-03
9.997030000000000499e-03
9.923569999999999613e-03
1.066660999999999998e-02
1.046468000000000051e-02
1.050503000000000027e-02
9.682909999999999434e-03
8.763869999999999993e-03
1.022103000000000074e-02
9.796279999999999225e-03
9.605680000000000121e-03
9.510340000000000807e-03
1.014692000000000024e-02
1.192858999999999933e-02
1.236179999999999918e-02
1.143786999999999929e-02
9.978060000000000401e-03
9.179269999999999791e-03
1.012744999999999965e-02
1.273030999999999989e-02
2.549420999999999979e-02
3.059123999999999871e-02
3.326380999999999782e-02
3.496761999999999787e-02
3.480509999999999854e-02
2.763472999999999971e-02
1.783565000000000150e-02
1.313000999999999925e-02
1.083135999999999995e-02
8.867599999999999788e-03
8.973840000000000289e-03
9.557780000000000095e-03
1.142247000000000054e-02
1.121351999999999939e-02
1.426743999999999929e-02
1.488719999999999974e-02
1.523804999999999951e-02
1.235201000000000007e-02
1.007944000000000027e-02
9.238990000000000744e-03
9.691750000000000712e-03
9.423580000000000845e-03
9.817150000000000182e-03
9.766709999999999628e-03
9.727680000000000701e-03
9.563099999999999726e-03
9.606770000000000587e-03
1.013530999999999981e-02
9.938890000000000571e-03
9.357030000000000555e-03
8.868400000000000241e-03
9.672429999999999223e-03
1.020162999999999973e-02
9.251340000000000258e-03
8.749619999999999620e-03
7.850960000000000577e-03
