7.729719999999999820e-03
9.466830000000000730e-03
9.070359999999999534e-03
9.534630000000000535e-03
9.829859999999999293e-03
1.022131000000000081e-02
1.130392000000000029e-02
1.087427000000000012e-02
1.082732999999999959e-02
9.121139999999999803e-03
8.586180000000000548e-03
8.280549999999999369e-03
8.772890000000000202e-03
9.977510000000000198e-03
1.139990999999999921e-02
1.163567000000000073e-02
1.152017999999999966e-02
1.043440999999999987e-02
1.224247000000000009e-02
1.413627999999999933e-02
1.184341000000000040e-02
9.311750000000000582e-03
9.960240000000000413e-03
1.156374999999999938e-02
1.802743000000000054e-02
2.779233999999999871e-02
3.544213999999999698e-02
3.679429000000000033e-02
3.507525000000000226e-02
2.547264000000000125e-02
2.067143999999999926e-02
1.507735999999999972e-02
1.271234000000000079e-02
9.398000000000000104e-03
8.544490000000000071e-03
9.237930000000000100e-03
1.064275999999999937e-02
1.294784000000000039e-02
1.379335999999999930e-02
1.321309000000000025e-02
1.324855999999999950e-02
1.228617000000000077e-02
1.013127999999999945e-02
8.855339999999999739e-03
8.585020000000000498e-03
8.746099999999999708e-03
8.985899999999999790e-03
9.446869999999999573e-03
9.016770000000000340e-03
9.190129999999999480e-03
8.824560000000000390e-03
8.651860000000000800e-03
8.746179999999999233e-03
9.100070000000000034e-03
9.005360000000000448e-03
8.750090000000000298e-03
8.513389999999999153e-03
8.460519999999999152e-03
8.226310000000000566e-03
8.294269999999999421e-03
8.452760000000000135e-03
8.982580000000000425e-03
9.661680000000000615e-03
7.625660000000000251e-03
