7.283979999999999795e-03
8.247539999999999386e-03
8.418880000000000113e-03
8.318650000000000350e-03
8.989209999999999215e-03
9.157349999999999865e-03
8.984610000000000513e-03
8.622460000000000194e-03
8.433219999999999952e-03
8.446800000000000835e-03
8.565609999999999544e-03
8.537849999999999606e-03
8.748950000000000130e-03
8.632360000000000380e-03
8.533010000000000594e-03
8.502700000000000188e-03
8.810310000000000016e-03
8.711969999999999437e-03
8.529109999999999470e-03
8.656870000000000537e-03
8.648529999999999759e-03
8.432510000000000699e-03
8.769570000000000837e-03
9.022660000000000055e-03
8.469749999999999848e-03
8.832770000000000205e-03
8.590900000000000272e-03
9.157709999999999462e-03
8.918300000000000533e-03
8.409550000000000011e-03
8.352399999999999408e-03
8.602389999999999690e-03
8.929219999999999866e-03
9.336010000000000489e-03
9.401980000000000753e-03
9.253600000000000714e-03
8.680550000000000418e-03
9.047360000000000818e-03
9.814009999999999748e-03
8.945279999999999898e-03
8.540110000000000062e-03
9.006059999999999760e-03
9.343709999999999863e-03
1.066471000000000086e-02
1.056207999999999973e-02
9.468779999999999558e-03
9.090169999999999847e-03
9.050640000000000421e-03
9.976280000000000564e-03
1.370394999999999947e-02
1.834128000000000147e-02
1.759029999999999969e-02
2.180398999999999879e-02
2.381437000000000137e-02
2.489397999999999958e-02
2.057528000000000135e-02
1.694810000000000066e-02
1.496384000000000082e-02
1.322311999999999967e-02
1.112992999999999968e-02
9.544630000000000128e-03
9.009319999999999481e-03
8.393229999999999788e-03
7.434780000000000208e-03
