7.206289999999999744e-03
8.208560000000000162e-03
8.228960000000000441e-03
8.168150000000000757e-03
8.238429999999999712e-03
8.404349999999999668e-03
8.128859999999999905e-03
7.992849999999999261e-03
8.139459999999999404e-03
8.371270000000000100e-03
8.234510000000000440e-03
8.364019999999999788e-03
8.443199999999999664e-03
8.379229999999999665e-03
8.432280000000000331e-03
8.276630000000000098e-03
8.282380000000000644e-03
8.084779999999999744e-03
8.444890000000000035e-03
8.571469999999999437e-03
8.753810000000000757e-03
8.537770000000000081e-03
8.746699999999999614e-03
8.260029999999999803e-03
8.427370000000000000e-03
8.774640000000000217e-03
8.279969999999999344e-03
8.342399999999999816e-03
8.503349999999999798e-03
8.559650000000000244e-03
8.377459999999999768e-03
8.248280000000000195e-03
8.502680000000000307e-03
8.323050000000000240e-03
8.334309999999999288e-03
8.630489999999999343e-03
8.401890000000000400e-03
8.597950000000000037e-03
8.644310000000000535e-03
8.586329999999999657e-03
8.553869999999999876e-03
8.478259999999999616e-03
8.353299999999999267e-03
8.450179999999999844e-03
8.556990000000000429e-03
8.786800000000000860e-03
9.241690000000000321e-03
9.238879999999999662e-03
8.615509999999999835e-03
9.020550000000000443e-03
9.395350000000000229e-03
9.327349999999999877e-03
8.831659999999999858e-03
8.760590000000000391e-03
8.492420000000000524e-03
8.774960000000000052e-03
9.582939999999999861e-03
1.055416999999999987e-02
1.135319000000000085e-02
1.245668999999999943e-02
1.363392000000000076e-02
1.535467000000000082e-02
1.321164000000000019e-02
7.337920000000000380e-03
