7.672169999999999858e-03
8.326260000000000258e-03
8.575640000000000693e-03
8.826139999999999680e-03
8.873990000000000003e-03
8.746729999999999436e-03
8.524030000000000148e-03
8.438549999999999524e-03
8.235650000000000609e-03
8.387300000000000311e-03
8.895240000000000438e-03
8.691370000000000345e-03
8.457940000000000597e-03
8.503969999999999585e-03
8.604719999999999730e-03
8.487069999999999337e-03
8.970799999999999261e-03
8.925499999999999406e-03
8.570329999999999268e-03
8.536520000000000566e-03
8.713709999999999511e-03
8.769189999999999624e-03
9.058609999999999926e-03
8.582760000000000042e-03
8.377340000000000481e-03
8.557949999999999932e-03
9.020500000000000740e-03
9.078559999999999408e-03
8.903140000000000359e-03
8.437909999999999855e-03
8.746099999999999708e-03
9.062789999999999388e-03
9.055610000000000395e-03
9.109519999999999423e-03
8.922990000000000435e-03
8.453230000000000813e-03
8.783400000000000235e-03
9.472990000000000577e-03
9.924050000000000232e-03
8.914740000000000858e-03
8.501629999999999604e-03
9.025639999999999705e-03
9.647090000000000526e-03
1.034090000000000009e-02
1.013992000000000018e-02
8.823710000000000234e-03
8.723649999999999460e-03
9.498879999999999477e-03
1.087672999999999938e-02
1.428052999999999961e-02
1.642760000000000054e-02
1.770466999999999874e-02
1.881325999999999832e-02
1.947822000000000095e-02
1.852176000000000169e-02
1.532401000000000076e-02
1.227135000000000031e-02
1.130451000000000025e-02
1.008386999999999999e-02
8.800689999999999902e-03
8.464799999999999755e-03
8.391789999999999666e-03
8.292920000000000499e-03
7.330380000000000056e-03
