7.280380000000000358e-03
1.362156999999999951e-02
1.825335999999999972e-02
2.146665999999999852e-02
2.519381999999999872e-02
2.698779000000000108e-02
2.744861999999999996e-02
2.261395999999999892e-02
1.915441999999999839e-02
1.702626000000000139e-02
1.571173000000000014e-02
1.176713000000000064e-02
1.005536999999999924e-02
8.858210000000000042e-03
9.018699999999999287e-03
9.301250000000000490e-03
9.727680000000000701e-03
1.106386000000000001e-02
1.095802000000000061e-02
1.105523999999999916e-02
1.172218000000000045e-02
1.126046999999999985e-02
1.031679999999999923e-02
9.271869999999999765e-03
8.564840000000000647e-03
8.844950000000000728e-03
8.918870000000000617e-03
9.004369999999999388e-03
8.991920000000000468e-03
9.158180000000000140e-03
8.564610000000000278e-03
8.380880000000000274e-03
8.629200000000000065e-03
8.518670000000000755e-03
8.281810000000000560e-03
8.540549999999999184e-03
8.474680000000000060e-03
8.571409999999999793e-03
8.848409999999999262e-03
9.059390000000000498e-03
8.616979999999999779e-03
8.762439999999999812e-03
8.576340000000000005e-03
8.689509999999999248e-03
8.884740000000000346e-03
9.323740000000000500e-03
9.107600000000000418e-03
8.630340000000000233e-03
8.283830000000000707e-03
8.326619999999999855e-03
8.486139999999999656e-03
8.789069999999999522e-03
8.957160000000000469e-03
8.936859999999999596e-03
8.858500000000000055e-03
8.807880000000000570e-03
8.584909999999999416e-03
9.394800000000000026e-03
9.141710000000000808e-03
8.621890000000000109e-03
8.644400000000000001e-03
8.373919999999999975e-03
8.106840000000000573e-03
7.552200000000000232e-03
