7.337599999999999678e-03
8.307729999999999282e-03
8.961979999999999599e-03
9.716499999999999443e-03
1.051547000000000072e-02
1.067932000000000083e-02
8.336730000000000529e-03
8.420209999999999154e-03
8.604099999999999943e-03
8.621459999999999194e-03
9.034560000000000507e-03
9.226589999999999792e-03
8.624279999999999793e-03
8.327479999999999952e-03
8.405899999999999136e-03
9.099279999999999521e-03
8.887859999999999164e-03
8.833000000000000573e-03
8.767250000000000737e-03
9.613339999999999733e-03
1.122602999999999969e-02
1.127345000000000083e-02
1.049584999999999928e-02
9.249639999999999945e-03
8.335220000000000823e-03
8.929849999999999594e-03
9.760279999999999651e-03
1.052140000000000020e-02
9.149980000000000266e-03
9.821180000000000535e-03
1.075842999999999938e-02
1.227787999999999970e-02
1.360302000000000039e-02
9.919380000000000211e-03
8.446280000000000454e-03
9.296940000000000065e-03
1.161474000000000013e-02
1.485589000000000007e-02
2.400361999999999982e-02
2.554806000000000091e-02
2.482538999999999926e-02
2.462336000000000039e-02
2.105291999999999927e-02
1.738111000000000170e-02
1.168311000000000002e-02
9.546139999999999834e-03
8.554320000000000673e-03
8.596460000000000212e-03
8.516209999999999752e-03
8.752400000000000457e-03
9.948359999999999842e-03
1.159885000000000083e-02
1.280407000000000073e-02
1.323913000000000000e-02
1.267018999999999958e-02
1.264174000000000027e-02
1.139509000000000008e-02
8.965199999999999558e-03
8.994639999999999927e-03
8.490849999999999440e-03
8.449589999999999879e-03
9.205770000000000272e-03
9.021269999999999636e-03
7.440829999999999840e-03
