9.395809999999999232e-03
1.464781000000000069e-02
1.834743000000000138e-02
2.274121999999999949e-02
2.458961000000000133e-02
2.780851999999999977e-02
2.468116999999999880e-02
2.051120999999999847e-02
1.841575999999999977e-02
1.621146000000000045e-02
1.434163999999999925e-02
1.059257000000000080e-02
9.434039999999999440e-03
8.592330000000000453e-03
8.996600000000000430e-03
9.326690000000000327e-03
9.891890000000000405e-03
1.118523000000000087e-02
1.092803000000000004e-02
1.059942999999999996e-02
1.159063999999999928e-02
1.154367000000000067e-02
1.019970000000000078e-02
9.042559999999999834e-03
8.509179999999999869e-03
8.643090000000000842e-03
8.640460000000000848e-03
8.844799999999999884e-03
9.133850000000000649e-03
8.999860000000000151e-03
8.517490000000000824e-03
8.507060000000000316e-03
8.746890000000000220e-03
8.567959999999999465e-03
8.598230000000000109e-03
8.682159999999999531e-03
8.580499999999999586e-03
8.879279999999999812e-03
9.115849999999999995e-03
8.976339999999999320e-03
8.584329999999999392e-03
8.905210000000000209e-03
8.806480000000000211e-03
9.065089999999999607e-03
8.981980000000000519e-03
9.216890000000000152e-03
8.975830000000000614e-03
8.723959999999999354e-03
8.350750000000000534e-03
8.144699999999999510e-03
8.436819999999999389e-03
8.737250000000000225e-03
8.745990000000000361e-03
8.701350000000000057e-03
8.891659999999999148e-03
8.717930000000000471e-03
8.738060000000000618e-03
9.224649999999999170e-03
9.297869999999999746e-03
8.559789999999999413e-03
8.588300000000000101e-03
8.500270000000000742e-03
8.031530000000000266e-03
7.662829999999999815e-03
