8.368659999999999988e-03
1.004825999999999983e-02
9.678680000000000269e-03
8.862429999999999267e-03
8.375129999999999728e-03
8.647490000000000732e-03
9.014680000000000609e-03
9.048230000000000856e-03
8.590530000000000735e-03
8.964029999999999568e-03
9.124369999999999703e-03
8.246119999999999145e-03
8.343879999999999700e-03
8.692439999999999195e-03
9.589510000000000742e-03
9.274489999999999817e-03
8.647790000000000685e-03
8.484429999999999403e-03
8.689699999999999855e-03
9.060489999999999169e-03
9.482070000000000429e-03
8.590189999999999285e-03
9.195109999999999395e-03
1.016133999999999961e-02
1.033793000000000038e-02
1.051813000000000053e-02
1.075234000000000086e-02
8.410630000000000536e-03
8.691340000000000524e-03
8.975969999999999782e-03
9.436929999999999624e-03
1.039004999999999963e-02
1.144654999999999978e-02
1.115152999999999978e-02
1.257398000000000023e-02
1.330709000000000058e-02
1.241867999999999965e-02
1.145674999999999992e-02
9.915880000000000180e-03
1.072793000000000010e-02
1.609943000000000138e-02
2.590883000000000075e-02
3.268089999999999884e-02
3.587060000000000248e-02
3.547341999999999856e-02
3.288630000000000025e-02
2.678213999999999942e-02
2.252768999999999952e-02
1.621351999999999863e-02
1.028851000000000071e-02
8.913159999999999833e-03
8.656129999999999727e-03
8.919979999999999229e-03
1.037214000000000018e-02
1.405436000000000012e-02
1.652394999999999906e-02
1.489151000000000016e-02
1.383409000000000028e-02
1.339580999999999932e-02
1.523838999999999923e-02
1.337397000000000065e-02
1.068397999999999917e-02
8.774169999999999539e-03
7.815670000000000256e-03
