8.797150000000000108e-03
1.330424000000000016e-02
1.149531999999999984e-02
1.001345000000000013e-02
9.438979999999999593e-03
9.538349999999999260e-03
9.404920000000000641e-03
9.577689999999999815e-03
1.042765000000000011e-02
1.181144999999999938e-02
1.179642000000000017e-02
1.325583999999999964e-02
1.524282000000000067e-02
1.404491000000000073e-02
1.221527000000000029e-02
9.304240000000000080e-03
8.889130000000000295e-03
1.150100000000000081e-02
1.999743999999999827e-02
2.962251000000000120e-02
3.831596999999999781e-02
4.630785999999999930e-02
4.176119999999999832e-02
3.258445000000000091e-02
2.399719000000000158e-02
1.778588000000000044e-02
1.212416000000000015e-02
1.087448000000000060e-02
1.001308000000000059e-02
1.027214000000000078e-02
9.770920000000000646e-03
1.221058000000000039e-02
1.476012999999999978e-02
1.564826999999999885e-02
1.968276000000000053e-02
1.307446999999999949e-02
1.193349999999999966e-02
1.050185000000000007e-02
9.995250000000000662e-03
9.696160000000000542e-03
1.038394999999999943e-02
1.026322999999999992e-02
1.065591999999999928e-02
9.254719999999999266e-03
8.576179999999999221e-03
8.826590000000000477e-03
8.979140000000000038e-03
8.785529999999999728e-03
8.855139999999999192e-03
8.983680000000000831e-03
9.140290000000000567e-03
9.800440000000000540e-03
9.095739999999999728e-03
9.164920000000000011e-03
9.482960000000000347e-03
9.573979999999999296e-03
9.915419999999999442e-03
9.252669999999999298e-03
9.345209999999999628e-03
9.257899999999999463e-03
9.019009999999999180e-03
1.004736999999999991e-02
9.887009999999999896e-03
7.948959999999999707e-03
