7.134180000000000382e-03
1.057497999999999945e-02
1.157338999999999937e-02
1.308050000000000011e-02
1.325634000000000014e-02
1.086252000000000051e-02
1.031979000000000056e-02
8.774330000000000324e-03
9.124149999999999275e-03
9.546199999999999478e-03
9.629590000000000372e-03
9.062439999999999732e-03
9.968720000000000359e-03
1.258068000000000033e-02
1.453953000000000016e-02
1.486581000000000014e-02
1.443365999999999920e-02
1.333674999999999965e-02
9.715839999999999893e-03
8.747470000000000245e-03
9.220529999999999352e-03
2.043185999999999961e-02
2.626842000000000066e-02
3.201803999999999761e-02
3.772514999999999896e-02
4.232831000000000093e-02
3.715577999999999936e-02
2.857393999999999906e-02
2.044916000000000095e-02
1.316499999999999962e-02
1.004481999999999944e-02
8.814910000000000453e-03
9.333610000000000864e-03
9.729369999999999338e-03
1.147940000000000071e-02
1.373569999999999999e-02
1.338956000000000000e-02
1.903840000000000046e-02
1.702019000000000101e-02
1.242180000000000020e-02
1.024000000000000084e-02
9.129919999999999702e-03
8.636549999999999783e-03
9.433860000000000509e-03
1.078941999999999922e-02
1.035312000000000038e-02
9.091369999999999660e-03
9.564160000000000370e-03
9.733510000000000773e-03
9.225779999999999398e-03
9.115820000000000173e-03
8.884770000000000167e-03
8.621610000000000038e-03
9.168050000000000505e-03
9.816369999999999610e-03
9.411269999999999358e-03
8.877849999999999631e-03
9.271710000000000715e-03
1.154874000000000005e-02
1.114995000000000049e-02
1.012557000000000040e-02
9.303189999999999377e-03
9.381900000000000309e-03
7.839240000000000791e-03
