7.138489999999999940e-03
9.553749999999999742e-03
1.117596000000000041e-02
1.101368999999999959e-02
1.250891999999999976e-02
1.447266000000000004e-02
1.244164000000000034e-02
1.043861999999999915e-02
9.462329999999999700e-03
8.560250000000000151e-03
9.395260000000000764e-03
1.257815999999999969e-02
2.300873000000000154e-02
2.688762999999999917e-02
3.193855999999999778e-02
3.531701000000000285e-02
3.740012999999999671e-02
2.869261000000000034e-02
2.130471999999999921e-02
1.383341000000000084e-02
1.109652000000000034e-02
9.262480000000000019e-03
8.838220000000000798e-03
8.895319999999999963e-03
9.668160000000000295e-03
1.057890000000000046e-02
1.216592000000000021e-02
1.403659999999999977e-02
1.301000000000000073e-02
1.278707999999999928e-02
1.204237000000000016e-02
9.686020000000000046e-03
9.906470000000000553e-03
9.941959999999999686e-03
9.667459999999999248e-03
1.037667999999999924e-02
9.694070000000000811e-03
8.654870000000000271e-03
9.039900000000000019e-03
9.006180000000000782e-03
8.797080000000000524e-03
8.460280000000000578e-03
8.811390000000000541e-03
8.783459999999999879e-03
8.618229999999999294e-03
8.387709999999999610e-03
8.760620000000000213e-03
9.739849999999999550e-03
9.916390000000000621e-03
9.850150000000000225e-03
9.975760000000000183e-03
8.688039999999999305e-03
8.478080000000000685e-03
8.787619999999999459e-03
9.460710000000000647e-03
9.415349999999999414e-03
9.510370000000000629e-03
8.534049999999999622e-03
8.406540000000000540e-03
8.769199999999999565e-03
9.332329999999999792e-03
9.166650000000000145e-03
9.128799999999999415e-03
7.858459999999999404e-03
