7.007160000000000125e-03
8.466869999999999605e-03
9.140209999999999307e-03
1.046779999999999933e-02
1.105214000000000023e-02
1.074699999999999961e-02
8.451689999999999550e-03
8.838729999999999504e-03
8.787599999999999578e-03
9.113319999999999407e-03
9.360669999999999755e-03
9.535580000000000098e-03
8.924319999999999475e-03
8.744830000000000311e-03
9.230310000000000251e-03
9.562179999999999985e-03
9.594510000000000538e-03
9.001989999999999645e-03
9.563280000000000391e-03
1.115460000000000063e-02
1.295845999999999977e-02
1.263184000000000008e-02
1.187202000000000049e-02
8.971130000000000770e-03
8.558019999999999516e-03
9.303729999999999639e-03
1.046990000000000073e-02
1.054112999999999925e-02
9.973849999999999383e-03
1.149303999999999951e-02
1.303361999999999923e-02
1.451531999999999996e-02
1.548019999999999952e-02
1.001473999999999941e-02
9.178340000000000110e-03
1.123882000000000006e-02
1.622244999999999937e-02
2.325597999999999901e-02
3.597191000000000277e-02
3.358331999999999984e-02
3.144775999999999821e-02
3.015746000000000052e-02
2.455521000000000093e-02
1.860606999999999886e-02
1.233834999999999966e-02
9.947060000000000624e-03
8.589360000000000744e-03
8.990160000000000512e-03
9.238919999999999425e-03
1.013558999999999988e-02
1.200735999999999991e-02
1.441697999999999938e-02
1.569030999999999898e-02
1.559933999999999973e-02
1.442032000000000036e-02
1.330787999999999936e-02
1.233871999999999920e-02
8.981160000000000185e-03
8.735609999999999556e-03
8.932459999999999706e-03
9.050650000000000361e-03
1.006036000000000083e-02
9.913649999999999546e-03
7.794589999999999679e-03
