8.776910000000000614e-03
1.155634999999999996e-02
1.008119000000000029e-02
8.834929999999999520e-03
8.748620000000000355e-03
9.774669999999999193e-03
1.357361999999999978e-02
1.903395999999999907e-02
2.379573000000000105e-02
2.688677000000000081e-02
3.003609999999999960e-02
2.625925000000000134e-02
2.395382999999999887e-02
2.074126999999999915e-02
1.330284999999999974e-02
1.141162000000000079e-02
1.059318000000000065e-02
8.734830000000000719e-03
8.507839999999999153e-03
8.937650000000000108e-03
9.164759999999999227e-03
9.719260000000000399e-03
1.066156000000000048e-02
1.179988000000000044e-02
1.278264999999999957e-02
1.227989999999999984e-02
1.050770999999999997e-02
8.865529999999999938e-03
8.890530000000000654e-03
8.612140000000000767e-03
8.964190000000000352e-03
8.831240000000000617e-03
8.789069999999999522e-03
9.244739999999999555e-03
9.335660000000000833e-03
9.159520000000000856e-03
8.881550000000000208e-03
9.142469999999999763e-03
9.030190000000000439e-03
8.490620000000000805e-03
8.510359999999999800e-03
8.570150000000000337e-03
9.106579999999999536e-03
9.162150000000000849e-03
8.914490000000000608e-03
8.617470000000000338e-03
8.709170000000000453e-03
8.435639999999999458e-03
8.419579999999999426e-03
9.378990000000000243e-03
9.632979999999999321e-03
9.743949999999999487e-03
8.757110000000000241e-03
8.387669999999999848e-03
8.881309999999999899e-03
9.321660000000000709e-03
8.927990000000000231e-03
8.835930000000000520e-03
8.925509999999999347e-03
8.552970000000000017e-03
8.398350000000000606e-03
8.792859999999999565e-03
9.318850000000000050e-03
7.654939999999999835e-03
