7.451329999999999933e-03
8.487480000000000371e-03
8.327970000000000511e-03
8.828590000000000743e-03
9.000819999999999654e-03
8.929700000000000484e-03
8.835849999999999260e-03
8.370910000000000503e-03
8.205179999999999418e-03
8.552139999999999742e-03
8.842020000000000782e-03
8.809199999999999670e-03
8.490799999999999736e-03
8.428969999999999171e-03
8.535839999999999400e-03
8.597550000000000678e-03
9.249379999999999755e-03
9.003139999999999754e-03
8.872579999999999703e-03
8.534820000000000254e-03
8.547980000000000161e-03
8.590159999999999463e-03
8.887479999999999686e-03
8.514120000000000021e-03
8.362079999999999166e-03
8.693829999999999614e-03
8.902699999999999503e-03
9.502959999999999532e-03
9.472879999999999495e-03
8.392169999999999144e-03
8.745469999999999980e-03
8.879089999999999205e-03
9.392110000000000389e-03
9.372510000000000563e-03
8.971269999999999939e-03
9.038749999999999910e-03
8.855119999999999311e-03
9.760190000000000185e-03
1.019812999999999970e-02
8.982340000000000116e-03
8.674760000000000110e-03
9.124520000000000547e-03
1.031725999999999997e-02
1.070754999999999971e-02
1.047298999999999973e-02
8.963989999999999805e-03
8.624780000000000293e-03
9.320240000000000469e-03
1.190754999999999938e-02
1.470830000000000054e-02
1.891378000000000156e-02
1.922944000000000042e-02
2.222002000000000005e-02
2.348365999999999995e-02
2.115099999999999966e-02
1.714867999999999948e-02
1.362035999999999976e-02
1.156419000000000023e-02
1.035035999999999942e-02
9.337339999999999529e-03
8.512109999999999815e-03
8.619510000000000366e-03
8.340379999999999669e-03
7.597719999999999647e-03
