7.516319999999999946e-03
8.955619999999999206e-03
9.685249999999999415e-03
8.812840000000000604e-03
8.880940000000000362e-03
9.583339999999999220e-03
9.527640000000000414e-03
9.955310000000000201e-03
1.046968000000000031e-02
1.065707999999999933e-02
9.694390000000000646e-03
8.987230000000000565e-03
8.329869999999999636e-03
8.785559999999999550e-03
1.015134999999999996e-02
1.034501999999999991e-02
1.156794000000000051e-02
9.514069999999999472e-03
9.704569999999999169e-03
1.211641999999999927e-02
1.430607000000000059e-02
1.187069999999999965e-02
9.859430000000000624e-03
8.611620000000000386e-03
8.973929999999999754e-03
1.413597999999999938e-02
2.095144999999999993e-02
2.822498999999999841e-02
3.427150999999999809e-02
2.952936000000000102e-02
2.558092000000000005e-02
2.278138000000000038e-02
1.765150000000000052e-02
1.219624000000000055e-02
9.675750000000000323e-03
8.619160000000000710e-03
9.007140000000000285e-03
1.042639000000000066e-02
1.089899000000000076e-02
1.168030999999999930e-02
1.277047000000000078e-02
1.267592000000000024e-02
1.182883000000000025e-02
1.031192000000000046e-02
9.884330000000000199e-03
8.614089999999999595e-03
8.873870000000000716e-03
8.856519999999999671e-03
8.635800000000000767e-03
9.397910000000000638e-03
9.565610000000000432e-03
9.084319999999999895e-03
9.270799999999999180e-03
9.452260000000000523e-03
8.693980000000000458e-03
8.354870000000000352e-03
8.357859999999999942e-03
8.495449999999999877e-03
8.739810000000000634e-03
8.931309999999999596e-03
9.317189999999999500e-03
8.751510000000000539e-03
8.301859999999999448e-03
7.485419999999999574e-03
