7.459689999999999724e-03
8.262810000000000640e-03
8.342850000000000613e-03
8.273120000000000127e-03
8.585719999999999810e-03
8.563930000000000847e-03
8.519020000000000412e-03
8.463679999999999468e-03
8.310239999999999988e-03
8.381519999999999943e-03
8.548490000000000602e-03
8.112360000000000751e-03
8.485889999999999406e-03
8.599539999999999268e-03
8.630099999999999924e-03
8.674970000000000597e-03
8.946030000000000648e-03
8.759889999999999344e-03
8.270710000000000561e-03
8.339910000000000725e-03
8.374780000000000071e-03
8.225470000000000351e-03
8.442440000000000708e-03
8.184600000000000208e-03
8.598540000000000003e-03
8.430139999999999162e-03
8.573040000000000521e-03
8.788290000000000685e-03
8.540529999999999303e-03
8.300949999999999648e-03
8.214060000000000458e-03
8.590669999999999903e-03
8.501810000000000270e-03
8.572899999999999618e-03
8.334009999999999335e-03
8.480349999999999347e-03
8.253399999999999279e-03
8.235819999999999599e-03
8.463470000000000715e-03
8.275100000000000511e-03
8.347719999999999446e-03
8.542450000000000043e-03
8.450890000000000832e-03
8.830170000000000033e-03
8.540189999999999587e-03
8.457529999999999562e-03
8.955299999999999372e-03
8.935850000000000390e-03
8.723150000000000695e-03
9.269970000000000640e-03
9.438069999999999793e-03
9.300970000000000418e-03
9.067109999999999753e-03
9.289600000000000288e-03
9.273669999999999483e-03
9.320169999999999150e-03
8.623280000000000528e-03
8.417060000000000514e-03
8.549839999999999524e-03
9.284570000000000670e-03
1.023837000000000011e-02
1.228458999999999975e-02
1.241637999999999943e-02
7.423159999999999828e-03
