8.118800000000000669e-03
9.590349999999999223e-03
9.099269999999999581e-03
9.562450000000000117e-03
8.458759999999999196e-03
8.667180000000000023e-03
8.541470000000000659e-03
8.492400000000000643e-03
8.475200000000000441e-03
8.695939999999999226e-03
9.305050000000000474e-03
8.662100000000000702e-03
1.024543999999999976e-02
1.126648000000000059e-02
1.215589000000000079e-02
1.113713000000000029e-02
8.795960000000000237e-03
8.700249999999999651e-03
9.429130000000000844e-03
9.986099999999999491e-03
9.526720000000000674e-03
9.525840000000000696e-03
1.152454999999999972e-02
1.169171999999999920e-02
1.194428999999999977e-02
1.269437999999999990e-02
1.218838000000000039e-02
1.073901000000000022e-02
1.075202999999999923e-02
1.613103000000000106e-02
2.079701000000000119e-02
2.564519999999999994e-02
2.954839000000000077e-02
4.167848999999999859e-02
3.075761000000000120e-02
2.864134000000000124e-02
2.352819000000000091e-02
1.730419999999999875e-02
1.108843999999999975e-02
8.728579999999999672e-03
8.456119999999999262e-03
9.526780000000000317e-03
1.038961000000000051e-02
1.137173999999999997e-02
1.216361000000000005e-02
1.304257999999999980e-02
1.401225000000000040e-02
1.461330999999999915e-02
1.115109000000000065e-02
9.466799999999999174e-03
8.781550000000000814e-03
8.885540000000000799e-03
8.608430000000000248e-03
9.473860000000000614e-03
1.015744000000000022e-02
1.007497000000000080e-02
1.023135000000000017e-02
1.028018999999999981e-02
1.102204000000000031e-02
9.845710000000000572e-03
8.456679999999999406e-03
8.822510000000000421e-03
8.380510000000000737e-03
7.674450000000000195e-03
