7.382810000000000067e-03
8.467560000000000711e-03
8.395559999999999828e-03
8.511219999999999897e-03
8.660720000000000224e-03
8.497299999999999298e-03
8.531030000000000210e-03
8.389409999999999923e-03
8.374380000000000712e-03
8.546150000000000621e-03
8.655829999999999774e-03
8.301040000000000849e-03
8.358920000000000586e-03
8.428549999999999931e-03
8.540020000000000597e-03
8.740549999999999708e-03
8.963930000000000162e-03
8.785839999999999622e-03
8.308309999999999307e-03
8.394020000000000301e-03
8.302260000000000542e-03
8.571640000000000162e-03
8.767169999999999477e-03
8.512530000000000791e-03
8.380439999999999418e-03
8.653849999999999390e-03
9.025729999999999170e-03
9.075919999999999474e-03
8.727900000000000241e-03
8.384839999999999308e-03
8.409279999999999880e-03
8.549869999999999345e-03
9.028879999999999545e-03
8.654669999999999724e-03
8.336510000000000101e-03
8.446439999999999504e-03
8.414220000000000033e-03
8.252789999999999432e-03
8.487319999999999587e-03
8.381039999999999324e-03
8.407960000000000780e-03
8.404889999999999931e-03
8.513899999999999593e-03
9.271750000000000477e-03
8.973729999999999207e-03
8.889910000000000867e-03
8.652349999999999625e-03
8.779350000000000001e-03
8.676780000000000256e-03
9.001270000000000451e-03
9.038620000000000682e-03
8.957220000000000112e-03
9.005620000000000638e-03
9.095239999999999228e-03
9.312960000000000335e-03
1.000529999999999996e-02
9.134740000000000568e-03
8.684690000000000118e-03
8.586059999999999526e-03
8.872829999999999953e-03
9.251260000000000733e-03
1.113459999999999971e-02
1.051520000000000059e-02
7.424899999999999903e-03
