7.367560000000000428e-03
9.511250000000000607e-03
8.957130000000000647e-03
8.724859999999999213e-03
9.298209999999999462e-03
9.540250000000000119e-03
9.419669999999999779e-03
8.964259999999999937e-03
8.536800000000000638e-03
8.383339999999999542e-03
8.522129999999999289e-03
8.744570000000000121e-03
8.946549999999999295e-03
9.164459999999999273e-03
9.117240000000000413e-03
8.591859999999999775e-03
8.698869999999999172e-03
8.492509999999999989e-03
9.278740000000000598e-03
8.889090000000000533e-03
9.785129999999999523e-03
9.262720000000000328e-03
9.811610000000000123e-03
1.119433000000000060e-02
1.022037999999999940e-02
9.830520000000000577e-03
9.092110000000000469e-03
9.052030000000000839e-03
9.087879999999999570e-03
9.431389999999999565e-03
9.409749999999999712e-03
1.113067000000000049e-02
1.185684000000000043e-02
1.134276000000000034e-02
1.148904000000000071e-02
1.081162999999999916e-02
9.741649999999999268e-03
9.311649999999999441e-03
1.217221999999999922e-02
1.578798000000000007e-02
2.040236999999999953e-02
2.861319999999999836e-02
3.120610999999999871e-02
2.951403000000000013e-02
2.501750000000000154e-02
2.264706000000000011e-02
1.526090000000000085e-02
1.354456000000000063e-02
1.024576999999999953e-02
8.701540000000000663e-03
8.648660000000000722e-03
9.008910000000000182e-03
1.004495000000000041e-02
1.215919000000000028e-02
1.588886000000000118e-02
1.857191000000000050e-02
1.732633000000000090e-02
1.392213999999999952e-02
1.249293999999999925e-02
1.152394999999999982e-02
1.065048000000000036e-02
9.187489999999999546e-03
8.891970000000000776e-03
7.580500000000000432e-03
