7.824279999999999430e-03
9.280939999999999676e-03
8.331770000000000495e-03
9.610099999999999892e-03
1.182047999999999953e-02
1.489930000000000074e-02
1.913636999999999977e-02
2.214117000000000168e-02
2.296371999999999997e-02
2.325605000000000033e-02
2.430384000000000017e-02
2.040389999999999912e-02
1.748724999999999932e-02
1.464142000000000048e-02
1.004967000000000013e-02
8.896370000000000666e-03
8.672930000000000569e-03
8.373260000000000425e-03
8.752370000000000635e-03
9.123449999999999963e-03
9.962369999999999906e-03
1.094898000000000052e-02
1.104047000000000014e-02
1.035255000000000029e-02
1.084969000000000038e-02
9.806699999999999792e-03
9.127460000000000434e-03
8.685290000000000024e-03
9.028660000000000851e-03
8.754390000000000782e-03
8.610380000000000811e-03
8.546339999999999493e-03
8.675220000000000847e-03
8.694709999999999592e-03
8.567270000000000094e-03
8.301269999999999483e-03
8.534579999999999944e-03
9.115240000000000148e-03
8.744119999999999324e-03
8.219989999999999936e-03
8.193640000000000298e-03
8.117479999999999835e-03
9.190389999999999671e-03
8.947929999999999773e-03
8.535859999999999281e-03
8.309749999999999429e-03
8.391859999999999251e-03
8.320440000000000128e-03
8.559940000000000257e-03
9.026869999999999339e-03
8.796969999999999443e-03
8.711939999999999615e-03
8.050250000000000114e-03
8.563430000000000347e-03
9.090559999999999266e-03
9.329080000000000011e-03
9.035239999999999938e-03
8.255210000000000672e-03
8.212040000000000312e-03
8.343200000000000269e-03
8.545129999999999740e-03
8.771100000000000424e-03
8.496290000000000092e-03
7.308170000000000117e-03
