7.096619999999999664e-03
8.387510000000000798e-03
8.219320000000000445e-03
8.326089999999999533e-03
8.394240000000000729e-03
8.395190000000000291e-03
8.227369999999999475e-03
8.249039999999999151e-03
8.224149999999999516e-03
8.398420000000000191e-03
8.328779999999999170e-03
8.071200000000000596e-03
8.209080000000000543e-03
8.363590000000000607e-03
8.364180000000000573e-03
8.577519999999999936e-03
8.658300000000000718e-03
8.575390000000000443e-03
8.268489999999999868e-03
8.438640000000000724e-03
8.673739999999999228e-03
8.152990000000000584e-03
8.196200000000000707e-03
7.981030000000000069e-03
8.186429999999999749e-03
8.818789999999999962e-03
8.520540000000000058e-03
8.855129999999999252e-03
8.414029999999999426e-03
8.195569999999999244e-03
8.171339999999999160e-03
8.377930000000000446e-03
8.563450000000000228e-03
8.458339999999999956e-03
8.202930000000000638e-03
8.296069999999999139e-03
8.234119999999999287e-03
8.078129999999999339e-03
8.442540000000000114e-03
8.151059999999999903e-03
8.397359999999999547e-03
8.618199999999999472e-03
8.611860000000000695e-03
8.995319999999999358e-03
8.520379999999999274e-03
8.656799999999999218e-03
8.709629999999999456e-03
8.987739999999999271e-03
8.880570000000000824e-03
9.201060000000000488e-03
9.656579999999999678e-03
9.338749999999999829e-03
9.633080000000000462e-03
9.729929999999999482e-03
8.934789999999999746e-03
9.190250000000000502e-03
8.544909999999999312e-03
8.596480000000000093e-03
8.762519999999999337e-03
9.863999999999999505e-03
1.165157999999999992e-02
1.460754000000000045e-02
1.253744000000000039e-02
7.485590000000000299e-03
