9.122069999999999484e-03
1.254573999999999967e-02
1.095375999999999989e-02
9.630400000000000765e-03
9.132039999999999255e-03
8.786179999999999338e-03
8.557119999999999657e-03
8.723299999999999804e-03
8.752920000000000839e-03
8.684090000000000212e-03
9.200160000000000629e-03
9.562130000000000282e-03
1.008971999999999994e-02
1.117022999999999974e-02
1.218017000000000058e-02
9.991430000000000797e-03
9.316440000000000485e-03
8.603809999999999930e-03
8.486519999999999134e-03
8.457509999999999681e-03
8.750640000000000501e-03
8.689989999999999867e-03
8.504080000000000666e-03
8.093390000000000653e-03
8.136789999999999648e-03
8.245529999999999179e-03
8.411339999999999789e-03
8.576179999999999221e-03
8.313640000000000613e-03
8.282789999999999944e-03
8.387969999999999801e-03
8.251859999999999751e-03
8.538230000000000819e-03
8.477409999999999460e-03
8.460610000000000352e-03
8.363050000000000345e-03
8.120379999999999959e-03
8.408229999999999177e-03
8.616050000000000098e-03
8.463280000000000108e-03
8.389060000000000267e-03
8.354210000000000802e-03
8.368459999999999441e-03
8.446940000000000004e-03
8.549970000000000486e-03
8.844130000000000394e-03
8.641579999999999401e-03
8.655499999999999999e-03
8.199579999999999716e-03
8.517820000000000599e-03
8.598589999999999706e-03
8.496659999999999630e-03
8.614679999999999560e-03
8.620140000000000094e-03
8.501150000000000720e-03
8.778809999999999739e-03
8.435549999999999993e-03
8.562459999999999169e-03
8.691159999999999858e-03
8.287559999999999372e-03
8.285610000000000544e-03
8.580290000000000833e-03
8.548820000000000377e-03
7.306729999999999996e-03
