7.523550000000000376e-03
9.084010000000000001e-03
8.855319999999999858e-03
9.026519999999999683e-03
8.785110000000000488e-03
8.863420000000000326e-03
8.386239999999999667e-03
8.274339999999999820e-03
8.886770000000000433e-03
9.543849999999999556e-03
9.395850000000000729e-03
8.954800000000000607e-03
8.550489999999999133e-03
8.558380000000000848e-03
8.808560000000000001e-03
8.522899999999999920e-03
9.194280000000000855e-03
8.902560000000000334e-03
8.462980000000000155e-03
8.347210000000000740e-03
8.469789999999999611e-03
9.016700000000000756e-03
8.957259999999999875e-03
8.383039999999999589e-03
8.296039999999999318e-03
8.366510000000000613e-03
8.867730000000000751e-03
9.172659999999999147e-03
9.379520000000000565e-03
9.141579999999999845e-03
9.409870000000000734e-03
9.222549999999999498e-03
9.595380000000000575e-03
8.860359999999999417e-03
8.950349999999999279e-03
8.574959999999999527e-03
9.564760000000000276e-03
9.845609999999999432e-03
9.776150000000000811e-03
8.864910000000000151e-03
9.533059999999999451e-03
1.067184000000000015e-02
1.067283999999999941e-02
1.040588999999999924e-02
9.930730000000000460e-03
9.309990000000000626e-03
1.196217999999999934e-02
1.662227000000000149e-02
2.228675000000000100e-02
2.722205999999999931e-02
2.909267000000000103e-02
2.811895999999999840e-02
2.568932000000000160e-02
2.530280999999999850e-02
1.959798999999999916e-02
1.422770999999999932e-02
1.082421000000000078e-02
9.239259999999999140e-03
8.954300000000000107e-03
8.453050000000000147e-03
8.220989999999999201e-03
8.840529999999999222e-03
8.760119999999999713e-03
7.534240000000000208e-03
