7.464909999999999948e-03
8.645019999999999788e-03
8.467219999999999261e-03
8.305879999999999860e-03
8.357180000000000511e-03
8.975149999999999448e-03
9.012519999999999559e-03
9.181850000000000081e-03
9.341949999999999907e-03
8.750819999999999432e-03
8.448699999999999960e-03
8.296200000000000102e-03
8.568869999999999265e-03
8.929950000000000734e-03
8.853569999999999843e-03
8.925439999999999763e-03
8.650039999999999465e-03
8.406630000000000005e-03
8.696300000000000557e-03
9.067050000000000110e-03
8.757100000000000301e-03
8.948930000000000773e-03
9.017290000000000721e-03
8.944789999999999339e-03
8.541079999999999506e-03
8.978250000000000119e-03
9.044180000000000622e-03
8.873680000000000109e-03
8.394940000000000041e-03
8.552199999999999386e-03
8.585850000000000773e-03
8.605210000000000289e-03
8.691870000000000845e-03
8.902749999999999206e-03
9.240629999999999677e-03
9.200460000000000582e-03
8.766660000000000771e-03
8.882740000000000080e-03
8.927010000000000847e-03
9.045859999999999318e-03
8.699290000000000148e-03
8.977560000000000748e-03
9.286100000000000257e-03
9.606119999999999243e-03
9.921209999999999751e-03
9.688230000000000799e-03
1.087441999999999923e-02
1.095574000000000027e-02
9.600829999999999434e-03
8.865339999999999332e-03
9.029699999999999879e-03
9.091359999999999719e-03
1.116951000000000055e-02
1.413388999999999965e-02
1.700723000000000165e-02
1.702193999999999929e-02
1.887472999999999929e-02
1.904517999999999836e-02
1.803547000000000136e-02
1.744800999999999991e-02
1.350752000000000029e-02
1.126856000000000038e-02
1.014297999999999936e-02
7.578419999999999775e-03
