7.480589999999999636e-03
8.892670000000000088e-03
9.157840000000000424e-03
8.814330000000000429e-03
9.191879999999999495e-03
9.795240000000000197e-03
8.760479999999999309e-03
9.326610000000000802e-03
1.007375999999999931e-02
1.064788000000000019e-02
1.051104999999999921e-02
1.012849000000000041e-02
8.977070000000000188e-03
8.994919999999999999e-03
9.678720000000000032e-03
9.558900000000000383e-03
1.186240000000000037e-02
9.618859999999999910e-03
9.352320000000000771e-03
1.064080000000000061e-02
1.231154999999999923e-02
1.274816999999999964e-02
1.224480000000000013e-02
1.003275999999999994e-02
8.888349999999999723e-03
1.050224999999999943e-02
1.587828000000000156e-02
2.481678000000000009e-02
3.090077999999999922e-02
3.170474999999999682e-02
3.129907999999999996e-02
2.995862999999999998e-02
2.836707000000000117e-02
1.806539000000000061e-02
1.334056999999999951e-02
9.773270000000000568e-03
9.341939999999999966e-03
9.065820000000000475e-03
9.255269999999999470e-03
1.047083000000000041e-02
1.180478000000000083e-02
1.271996000000000064e-02
1.363485000000000044e-02
1.257943000000000082e-02
1.188629000000000074e-02
9.819059999999999247e-03
8.961230000000000584e-03
8.443370000000000389e-03
9.049389999999999171e-03
9.528299999999999964e-03
1.009412999999999977e-02
1.011895999999999976e-02
9.450319999999999901e-03
1.018306000000000072e-02
8.900339999999999641e-03
9.173910000000000398e-03
9.016079999999999234e-03
8.713929999999999940e-03
8.802640000000000464e-03
9.355779999999999305e-03
9.998119999999999230e-03
9.054770000000000180e-03
8.213069999999999399e-03
7.608260000000000370e-03
