7.624220000000000129e-03
8.284120000000000719e-03
8.630330000000000293e-03
8.307049999999999851e-03
8.553760000000000530e-03
8.585179999999999548e-03
8.377060000000000409e-03
8.553379999999999317e-03
8.338869999999999963e-03
8.647959999999999675e-03
8.667690000000000464e-03
8.381229999999999930e-03
8.355329999999999355e-03
8.579810000000000214e-03
8.759410000000000460e-03
8.738579999999999265e-03
8.897280000000000466e-03
8.698890000000000788e-03
8.419130000000000363e-03
8.474739999999999704e-03
8.478329999999999200e-03
8.390049999999999591e-03
8.422850000000000822e-03
8.174640000000000378e-03
8.352979999999999433e-03
8.828670000000000267e-03
8.639499999999999610e-03
8.790839999999999418e-03
8.567820000000000297e-03
8.377749999999999780e-03
8.261690000000000353e-03
8.569159999999999278e-03
8.985820000000000266e-03
8.553689999999999211e-03
8.287559999999999372e-03
8.614780000000000701e-03
8.217139999999999514e-03
8.322869999999999574e-03
8.732820000000000513e-03
8.263150000000000356e-03
8.492400000000000643e-03
8.817490000000000744e-03
8.680500000000000715e-03
8.927010000000000847e-03
8.822280000000000053e-03
8.854050000000000462e-03
8.947210000000000579e-03
9.512009999999999563e-03
8.754909999999999429e-03
9.427960000000000854e-03
9.535889999999999991e-03
9.254439999999999195e-03
9.005519999999999498e-03
9.432420000000000387e-03
9.118259999999999560e-03
9.632170000000000662e-03
8.738799999999999693e-03
8.541659999999999531e-03
8.841579999999999925e-03
9.619139999999999982e-03
1.129522999999999985e-02
1.332488000000000075e-02
1.224068000000000031e-02
7.505730000000000388e-03
