7.599210000000000340e-03
8.856779999999999861e-03
1.121650000000000078e-02
1.590077999999999978e-02
2.040410000000000140e-02
2.271882999999999889e-02
2.526058000000000123e-02
2.428042999999999868e-02
2.200993999999999867e-02
2.165813000000000113e-02
1.997907000000000155e-02
1.430472999999999988e-02
1.209023000000000042e-02
9.883269999999999555e-03
8.915350000000000705e-03
8.805620000000000114e-03
8.770349999999999674e-03
9.213030000000000524e-03
1.007119000000000070e-02
1.011645000000000079e-02
1.101301000000000016e-02
1.229441000000000041e-02
1.073261000000000007e-02
9.335140000000000451e-03
9.008979999999999766e-03
8.812689999999999760e-03
9.067689999999999778e-03
9.187499999999999487e-03
9.148679999999999313e-03
9.139309999999999448e-03
8.430160000000000778e-03
8.355289999999999592e-03
8.578590000000000521e-03
8.422930000000000347e-03
8.451540000000000441e-03
8.546720000000000705e-03
8.664909999999999626e-03
8.932169999999999693e-03
8.745759999999999992e-03
8.437840000000000271e-03
8.448409999999999948e-03
8.901469999999999869e-03
8.835179999999999770e-03
8.567929999999999643e-03
8.756089999999999360e-03
8.861749999999999836e-03
9.043700000000000003e-03
8.943049999999999264e-03
8.687890000000000196e-03
8.644070000000000226e-03
8.409639999999999477e-03
8.434679999999999955e-03
8.533199999999999466e-03
8.928369999999999709e-03
9.304589999999999736e-03
8.857759999999999245e-03
8.597449999999999537e-03
8.655180000000000165e-03
8.724559999999999260e-03
8.699939999999999757e-03
8.752100000000000504e-03
8.250310000000000282e-03
8.513899999999999593e-03
7.315559999999999598e-03
