7.967580000000000148e-03
1.339264000000000079e-02
1.129355999999999936e-02
1.011765000000000060e-02
9.274219999999999686e-03
8.869600000000000053e-03
8.674499999999999919e-03
8.618610000000000507e-03
8.432220000000000687e-03
8.555210000000000592e-03
8.894630000000000591e-03
9.160879999999999718e-03
9.608020000000000102e-03
1.047626999999999933e-02
1.077246999999999927e-02
9.772489999999999996e-03
8.901310000000000819e-03
8.595810000000000603e-03
8.496349999999999736e-03
8.756780000000000466e-03
8.537559999999999594e-03
8.742289999999999783e-03
8.560260000000000091e-03
8.326639999999999736e-03
8.213470000000000493e-03
8.563360000000000763e-03
8.491810000000000677e-03
8.619830000000000200e-03
8.679910000000000750e-03
8.478070000000000744e-03
8.296249999999999805e-03
8.241079999999999586e-03
8.658980000000000149e-03
8.442710000000000839e-03
8.458800000000000693e-03
8.574329999999999799e-03
8.369710000000000691e-03
8.506369999999999210e-03
8.667690000000000464e-03
8.817000000000000184e-03
8.616359999999999991e-03
8.493679999999999980e-03
8.503590000000000107e-03
8.372340000000000684e-03
8.372020000000000850e-03
8.933510000000000409e-03
8.576830000000000565e-03
8.443910000000000651e-03
8.352929999999999730e-03
8.451500000000000679e-03
8.480170000000000416e-03
8.763339999999999672e-03
8.721990000000000645e-03
8.602300000000000224e-03
8.526270000000000723e-03
8.583580000000000376e-03
8.578920000000000295e-03
8.773500000000000049e-03
8.711840000000000209e-03
8.598569999999999824e-03
8.474479999999999513e-03
8.325390000000000221e-03
8.490189999999999890e-03
7.370849999999999971e-03
