9.515199999999999700e-03
1.245242000000000050e-02
1.085468000000000023e-02
1.006925000000000008e-02
9.367759999999999282e-03
8.782260000000000066e-03
8.574099999999999430e-03
8.576769999999999186e-03
8.190630000000000827e-03
8.518660000000000815e-03
8.667489999999999917e-03
8.818640000000000853e-03
9.155389999999999362e-03
9.507760000000000516e-03
1.014012000000000073e-02
9.178520000000000775e-03
8.886919999999999542e-03
8.496659999999999630e-03
8.522999999999999327e-03
8.539410000000000750e-03
8.534220000000000347e-03
8.589569999999999497e-03
8.554650000000000448e-03
8.243810000000000721e-03
8.349530000000000840e-03
8.467149999999999677e-03
8.454530000000000031e-03
8.672350000000000544e-03
8.654169999999999224e-03
8.444659999999999667e-03
8.371440000000000825e-03
8.436169999999999780e-03
8.494639999999999483e-03
8.528920000000000598e-03
8.492080000000000808e-03
8.498179999999999276e-03
8.356209999999999333e-03
8.537120000000000472e-03
8.555379999999999582e-03
8.553740000000000648e-03
8.500650000000000220e-03
8.399860000000000312e-03
8.459299999999999459e-03
8.467789999999999345e-03
8.638589999999999811e-03
8.810530000000000445e-03
8.669180000000000288e-03
8.431420000000000234e-03
8.257320000000000285e-03
8.504380000000000620e-03
8.556700000000000417e-03
8.561279999999999238e-03
8.347649999999999862e-03
8.672920000000000629e-03
8.662490000000000120e-03
8.543169999999999237e-03
8.449299999999999866e-03
8.576030000000000111e-03
8.599449999999999802e-03
8.546289999999999790e-03
8.294740000000000099e-03
8.527669999999999348e-03
7.956919999999999271e-03
7.344810000000000227e-03
