7.110759999999999824e-03
9.943330000000000224e-03
9.332419999999999258e-03
8.658890000000000683e-03
9.003850000000000742e-03
9.596779999999999200e-03
9.402759999999999591e-03
9.000829999999999595e-03
8.745529999999999624e-03
8.422590000000000632e-03
8.487120000000000775e-03
8.941789999999999808e-03
8.938170000000000490e-03
9.142370000000000357e-03
9.230050000000000060e-03
8.485849999999999643e-03
8.466559999999999711e-03
8.776600000000000720e-03
9.458450000000000191e-03
9.178119999999999681e-03
9.675170000000000298e-03
9.406140000000000334e-03
9.901290000000000091e-03
1.182101999999999979e-02
1.000031000000000010e-02
1.004686999999999941e-02
9.352060000000000581e-03
8.998130000000000017e-03
9.073579999999999493e-03
9.188959999999999489e-03
9.957789999999999350e-03
1.054343999999999941e-02
1.211202999999999932e-02
1.186308999999999975e-02
1.273199000000000032e-02
1.279003000000000084e-02
1.060759000000000007e-02
9.734879999999999575e-03
1.172801000000000052e-02
1.450310999999999961e-02
1.795976999999999990e-02
3.064623000000000000e-02
3.375824999999999659e-02
3.410433999999999688e-02
3.174073000000000172e-02
2.591121000000000049e-02
1.859484999999999957e-02
1.513282999999999989e-02
1.189685000000000048e-02
8.904109999999999803e-03
8.628949999999999815e-03
8.872839999999999894e-03
9.835069999999999577e-03
1.114410000000000053e-02
1.527791000000000045e-02
1.894428000000000084e-02
1.602233000000000129e-02
1.418481000000000082e-02
1.285555000000000031e-02
1.215301000000000055e-02
1.093768999999999991e-02
8.993630000000000721e-03
8.575110000000000371e-03
7.793610000000000294e-03
