8.171549999999999647e-03
1.023425000000000029e-02
1.128040999999999940e-02
1.265314000000000022e-02
1.209049000000000061e-02
9.502830000000000304e-03
8.886160000000000586e-03
8.184210000000000790e-03
8.556950000000000667e-03
9.890780000000000058e-03
9.095439999999999775e-03
9.341540000000000607e-03
9.879779999999999465e-03
1.072337999999999937e-02
1.357749999999999929e-02
1.298695000000000058e-02
1.212010999999999991e-02
1.149415999999999979e-02
8.738849999999999396e-03
8.720900000000000180e-03
1.179190999999999920e-02
2.020834999999999992e-02
2.575434000000000057e-02
2.675775999999999849e-02
2.937789999999999846e-02
2.958312000000000094e-02
2.363919999999999910e-02
1.829973000000000016e-02
1.515659999999999924e-02
9.986590000000000050e-03
9.090110000000000204e-03
8.737919999999999715e-03
8.910970000000000696e-03
9.675829999999999848e-03
1.199418000000000012e-02
1.281570999999999926e-02
1.309597000000000018e-02
1.606292000000000136e-02
1.372140999999999986e-02
1.031534999999999917e-02
9.168070000000000386e-03
8.962019999999999362e-03
8.597300000000000428e-03
8.895909999999999929e-03
9.718130000000000171e-03
1.002656000000000033e-02
8.841150000000000744e-03
9.033579999999999388e-03
8.997790000000000302e-03
8.830640000000000711e-03
9.063270000000000007e-03
9.176200000000000676e-03
8.694069999999999923e-03
8.578660000000000105e-03
9.020149999999999349e-03
9.007060000000000760e-03
8.614190000000000735e-03
9.348270000000000537e-03
1.070637999999999972e-02
1.048910999999999941e-02
9.302160000000000289e-03
8.612269999999999995e-03
8.518269999999999662e-03
7.382119999999999828e-03
