7.975219999999999879e-03
8.716629999999999517e-03
8.292310000000000653e-03
8.525319999999999426e-03
9.039210000000000647e-03
9.215759999999999924e-03
9.322089999999999890e-03
9.125579999999999456e-03
8.783219999999999569e-03
9.160679999999999171e-03
9.795550000000000090e-03
8.680069999999999800e-03
9.078189999999999871e-03
9.789020000000000707e-03
9.953969999999999485e-03
9.728689999999999907e-03
9.723900000000000599e-03
1.243493000000000029e-02
1.049925999999999984e-02
9.740300000000000347e-03
8.907580000000000012e-03
8.706800000000000650e-03
9.945549999999999183e-03
1.078958000000000000e-02
1.021742999999999957e-02
1.060649999999999961e-02
1.133867000000000035e-02
1.711953000000000086e-02
1.589611999999999969e-02
1.485076999999999925e-02
1.103645999999999967e-02
8.528090000000000323e-03
1.285564999999999972e-02
2.269351000000000007e-02
2.959296999999999969e-02
3.909693000000000196e-02
4.382517999999999830e-02
4.564805999999999725e-02
4.270138999999999879e-02
2.788763000000000006e-02
1.644489000000000020e-02
1.114220999999999961e-02
9.711950000000000444e-03
9.321879999999999403e-03
9.513550000000000825e-03
1.061483000000000045e-02
1.221221999999999933e-02
1.391680999999999994e-02
1.417366999999999932e-02
1.734975000000000059e-02
1.693035000000000026e-02
1.640656999999999879e-02
1.166326999999999989e-02
1.088536000000000017e-02
1.044450000000000066e-02
1.077904000000000015e-02
1.017837000000000082e-02
1.225035000000000013e-02
1.116515000000000042e-02
9.844880000000000297e-03
1.109189000000000008e-02
1.213041999999999940e-02
1.118378000000000080e-02
8.192069999999999214e-03
