7.637610000000000406e-03
8.292590000000000725e-03
8.240940000000000418e-03
8.283250000000000682e-03
8.391169999999999879e-03
8.376839999999999981e-03
8.292060000000000403e-03
8.063120000000000009e-03
8.298440000000000677e-03
8.461130000000000734e-03
8.567309999999999856e-03
8.502529999999999463e-03
8.647250000000000422e-03
8.408240000000000852e-03
8.590079999999999938e-03
8.464859999999999399e-03
8.468510000000000273e-03
8.559169999999999626e-03
8.659969999999999474e-03
8.790519999999999584e-03
8.631859999999999880e-03
8.725659999999999666e-03
8.654820000000000568e-03
8.467499999999999333e-03
8.606120000000000089e-03
8.874129999999999172e-03
8.409009999999999749e-03
8.471630000000000826e-03
8.680639999999999884e-03
8.938120000000000787e-03
8.276999999999999635e-03
8.446459999999999385e-03
8.472300000000000317e-03
8.397140000000000853e-03
8.311789999999999456e-03
8.659019999999999911e-03
8.566560000000000841e-03
8.824020000000000127e-03
8.850089999999999693e-03
8.869339999999999863e-03
8.616789999999999172e-03
8.561199999999999713e-03
8.329490000000000158e-03
8.414790000000000117e-03
8.845089999999999897e-03
8.913870000000000821e-03
9.166270000000000667e-03
9.401090000000000835e-03
8.522309999999999955e-03
9.527980000000000130e-03
9.693190000000000833e-03
9.665500000000000480e-03
9.196289999999999326e-03
8.960740000000000025e-03
8.597550000000000678e-03
8.413659999999999889e-03
9.655820000000000722e-03
1.106919999999999953e-02
1.194636999999999956e-02
1.280980999999999960e-02
1.540862999999999955e-02
1.728856999999999963e-02
1.481639000000000046e-02
7.493819999999999995e-03
