7.388389999999999888e-03
8.306140000000000051e-03
8.149429999999999175e-03
8.318070000000000325e-03
8.377610000000000612e-03
8.407009999999999483e-03
8.302099999999999758e-03
8.089729999999999838e-03
8.245650000000000202e-03
8.348549999999999721e-03
8.506609999999999519e-03
8.270220000000000002e-03
8.474479999999999513e-03
8.537460000000000188e-03
8.753060000000000007e-03
8.404480000000000631e-03
8.466229999999999936e-03
8.289460000000000231e-03
8.382380000000000039e-03
8.669160000000000407e-03
8.562890000000000085e-03
8.497529999999999667e-03
8.437490000000000614e-03
8.183170000000000027e-03
8.293450000000000821e-03
8.694669999999999829e-03
8.672489999999999713e-03
8.342890000000000375e-03
8.433110000000000606e-03
8.239079999999999321e-03
8.244150000000000436e-03
8.440720000000000514e-03
8.624899999999999581e-03
8.295759999999999246e-03
8.371009999999999909e-03
8.380929999999999977e-03
8.540350000000000372e-03
8.371870000000000006e-03
8.521739999999999871e-03
8.512489999999999293e-03
8.505320000000000241e-03
8.432679999999999690e-03
8.346740000000000062e-03
8.237370000000000803e-03
8.747349999999999223e-03
8.830920000000000783e-03
9.337480000000000432e-03
9.060989999999999669e-03
8.500409999999999910e-03
9.167099999999999208e-03
9.173880000000000576e-03
9.163199999999999817e-03
9.004569999999999935e-03
8.785009999999999347e-03
8.653920000000000709e-03
8.553200000000000386e-03
8.905029999999999543e-03
8.887610000000000648e-03
9.879870000000000665e-03
1.091852999999999921e-02
1.236457000000000007e-02
1.414263999999999973e-02
1.238110000000000079e-02
7.307639999999999796e-03
