7.534350000000000422e-03
8.145249999999999713e-03
8.474070000000000213e-03
8.393829999999999694e-03
8.846339999999999412e-03
8.829810000000000436e-03
8.758840000000000375e-03
8.462680000000000202e-03
8.395069999999999269e-03
8.311850000000000835e-03
8.581969999999999529e-03
8.372169999999999959e-03
8.433269999999999655e-03
8.565969999999999140e-03
8.467459999999999570e-03
8.384229999999999461e-03
8.732860000000000275e-03
8.759569999999999509e-03
8.779739999999999420e-03
8.469249999999999348e-03
8.489280000000000090e-03
8.332650000000000473e-03
8.558359999999999232e-03
8.771309999999999177e-03
8.346340000000000703e-03
8.634720000000000242e-03
8.832039999999999336e-03
9.048930000000000168e-03
9.194549999999999251e-03
8.308380000000000626e-03
8.683599999999999652e-03
8.460129999999999734e-03
9.007460000000000119e-03
9.265239999999999240e-03
9.151170000000000138e-03
8.723200000000000398e-03
8.629740000000000327e-03
8.917889999999999498e-03
9.779420000000000474e-03
9.221299999999999983e-03
8.692170000000000799e-03
8.935959999999999737e-03
9.254590000000000038e-03
1.010705999999999931e-02
1.035535999999999922e-02
9.402459999999999637e-03
9.008320000000000216e-03
8.815250000000000169e-03
8.466889999999999486e-03
9.717989999999999268e-03
1.114383000000000040e-02
1.244129000000000068e-02
1.445433999999999955e-02
1.694087999999999844e-02
1.947139999999999982e-02
1.732718000000000105e-02
1.583518000000000078e-02
1.414118999999999966e-02
1.299668000000000004e-02
1.117093000000000079e-02
9.353679999999999634e-03
8.870350000000000804e-03
8.017760000000000511e-03
7.405750000000000006e-03
