7.548889999999999940e-03
8.270859999999999670e-03
8.253500000000000419e-03
8.398179999999999881e-03
8.380689999999999668e-03
8.564979999999999816e-03
8.328949999999999895e-03
8.181469999999999715e-03
8.306140000000000051e-03
8.421440000000000523e-03
8.701810000000000794e-03
8.687290000000000290e-03
8.616220000000000823e-03
8.721730000000000455e-03
8.538570000000000534e-03
8.608370000000000605e-03
8.414090000000000805e-03
8.251690000000000760e-03
8.660960000000000533e-03
9.010229999999999281e-03
8.648970000000000616e-03
8.923149999999999485e-03
8.827800000000000230e-03
8.700199999999999947e-03
8.697079999999999395e-03
9.072679999999999634e-03
8.578830000000000830e-03
8.591279999999999750e-03
8.749889999999999751e-03
8.653360000000000565e-03
8.438750000000000070e-03
8.321300000000000224e-03
8.550149999999999417e-03
8.423419999999999172e-03
8.321399999999999630e-03
8.600530000000000327e-03
8.715449999999999586e-03
9.215740000000000043e-03
9.222970000000000473e-03
8.915140000000000217e-03
8.914409999999999348e-03
8.574139999999999193e-03
8.526489999999999417e-03
8.594179999999999875e-03
9.172589999999999563e-03
9.516020000000000034e-03
9.887160000000000740e-03
9.635480000000000086e-03
8.981819999999999735e-03
9.583670000000000730e-03
9.556190000000000864e-03
9.893680000000000183e-03
9.278190000000000395e-03
8.748409999999999867e-03
8.872879999999999656e-03
8.999319999999999889e-03
1.018461000000000019e-02
1.200461000000000063e-02
1.430692000000000075e-02
1.566897000000000081e-02
1.697277999999999981e-02
1.945565000000000142e-02
1.617280999999999927e-02
7.417149999999999958e-03
