7.768999999999999864e-03
9.116209999999999591e-03
9.662439999999999571e-03
9.570699999999999694e-03
9.046719999999999415e-03
8.959220000000000378e-03
8.697359999999999466e-03
8.396690000000000056e-03
8.486499999999999252e-03
9.532950000000000104e-03
9.670649999999999386e-03
9.365160000000000845e-03
8.691960000000000311e-03
8.720719999999999514e-03
9.368440000000000448e-03
1.031450000000000075e-02
1.080475000000000012e-02
8.792309999999999362e-03
8.208899999999999877e-03
8.711959999999999496e-03
9.498180000000000164e-03
9.072759999999999159e-03
9.718030000000000765e-03
9.594530000000000419e-03
1.049512000000000014e-02
1.159376999999999977e-02
1.173241000000000041e-02
1.021624999999999964e-02
9.453869999999999635e-03
9.067979999999999791e-03
8.958650000000000294e-03
9.875800000000000550e-03
1.082646999999999950e-02
1.100535000000000055e-02
1.167162000000000061e-02
1.308737999999999915e-02
1.330631999999999995e-02
1.345672000000000014e-02
1.135675000000000053e-02
9.615939999999999904e-03
9.277999999999999789e-03
1.391388000000000000e-02
2.309504999999999891e-02
3.138831000000000260e-02
3.582002000000000103e-02
3.775379999999999708e-02
3.651850000000000235e-02
3.291271999999999948e-02
2.396672000000000038e-02
1.394084999999999942e-02
1.192041999999999928e-02
1.099217000000000076e-02
8.654490000000000793e-03
9.165960000000000774e-03
1.120057999999999991e-02
1.192215999999999936e-02
1.177212000000000050e-02
1.256061999999999977e-02
1.283581999999999952e-02
1.659947999999999979e-02
1.609177999999999997e-02
1.301220999999999975e-02
9.933859999999999219e-03
7.732730000000000159e-03
