7.581349999999999721e-03
9.602460000000000162e-03
8.576639999999999958e-03
8.512330000000000244e-03
8.515029999999999821e-03
8.409250000000000058e-03
8.257940000000000072e-03
8.621619999999999978e-03
9.218860000000000596e-03
8.661079999999999821e-03
8.591760000000000369e-03
8.521179999999999727e-03
9.183669999999999681e-03
9.639089999999999464e-03
9.024700000000000083e-03
8.411659999999999623e-03
8.375340000000000215e-03
8.179139999999999674e-03
8.651050000000000406e-03
8.830549999999999511e-03
8.460439999999999627e-03
8.821080000000000240e-03
8.660050000000000733e-03
8.806970000000000770e-03
9.167629999999999529e-03
9.142710000000000073e-03
8.501009999999999817e-03
9.046840000000000437e-03
9.429939999999999503e-03
1.061052000000000002e-02
1.002531000000000082e-02
8.539359999999999312e-03
8.837630000000000832e-03
8.743370000000000308e-03
9.097710000000000172e-03
9.509890000000000010e-03
9.699219999999999717e-03
9.688870000000000468e-03
1.026549000000000038e-02
1.120135000000000054e-02
1.175715999999999914e-02
1.113568000000000023e-02
9.400149999999999478e-03
9.007400000000000476e-03
1.055467000000000037e-02
1.510963000000000063e-02
1.914729000000000084e-02
2.126501000000000086e-02
2.482496000000000008e-02
2.382746000000000169e-02
2.433851000000000070e-02
2.379511999999999947e-02
1.816908000000000065e-02
1.659924000000000122e-02
1.158644999999999987e-02
9.242590000000000180e-03
8.662319999999999395e-03
8.520440000000000652e-03
8.647820000000000507e-03
9.009899999999999506e-03
9.228800000000000545e-03
9.458720000000000322e-03
9.599699999999999206e-03
7.709579999999999732e-03
