7.315959999999999824e-03
8.011179999999999690e-03
8.414369999999999142e-03
8.510550000000000406e-03
8.656809999999999158e-03
9.115260000000000029e-03
9.079040000000000027e-03
8.840950000000000197e-03
8.835710000000000092e-03
8.361749999999999391e-03
8.309830000000000688e-03
8.330779999999999436e-03
8.701709999999999653e-03
8.805000000000000326e-03
8.517020000000000146e-03
8.349940000000000140e-03
8.798679999999999696e-03
8.765320000000000056e-03
9.031539999999999360e-03
8.988640000000000865e-03
8.743370000000000308e-03
8.441159999999999636e-03
8.780279999999999682e-03
8.658539999999999293e-03
8.710690000000000099e-03
9.028080000000000827e-03
8.697810000000000263e-03
9.317779999999999466e-03
8.932290000000000715e-03
8.328050000000000036e-03
8.567329999999999737e-03
8.433339999999999240e-03
8.564940000000000053e-03
9.179249999999999909e-03
9.399110000000000451e-03
9.244600000000000387e-03
8.450869999999999216e-03
9.032989999999999423e-03
9.308010000000000242e-03
8.976559999999999748e-03
8.725429999999999298e-03
8.714829999999999799e-03
9.449010000000000742e-03
1.081704999999999993e-02
1.105273000000000019e-02
1.035294999999999965e-02
9.919620000000000520e-03
9.908729999999999274e-03
8.922690000000000482e-03
9.889749999999999236e-03
1.305007000000000042e-02
1.368951000000000022e-02
1.699151000000000133e-02
2.109578999999999968e-02
2.345210000000000003e-02
2.137715999999999922e-02
2.070715000000000056e-02
1.854132000000000002e-02
1.658149000000000081e-02
1.360547999999999966e-02
1.115751000000000069e-02
9.737590000000000828e-03
8.511239999999999778e-03
7.548240000000000331e-03
