7.084240000000000329e-03
8.380340000000000011e-03
8.281709999999999419e-03
8.620010000000000866e-03
8.830499999999999808e-03
9.124000000000000166e-03
8.809360000000000454e-03
8.502060000000000520e-03
8.477770000000000791e-03
8.429380000000000206e-03
8.737800000000000428e-03
8.521380000000000274e-03
8.512570000000000553e-03
8.536220000000000613e-03
8.473839999999999845e-03
8.368360000000000035e-03
9.008250000000000632e-03
8.809529999999999444e-03
8.664820000000000161e-03
8.673510000000000594e-03
8.537919999999999190e-03
8.680339999999999931e-03
8.574260000000000215e-03
8.642600000000000282e-03
8.668989999999999682e-03
8.479810000000000819e-03
8.686430000000000193e-03
9.019479999999999859e-03
9.217070000000000818e-03
8.488390000000000171e-03
8.425550000000000400e-03
8.695770000000000235e-03
9.036040000000000391e-03
9.161749999999999755e-03
9.257150000000000448e-03
8.897389999999999813e-03
8.628520000000000634e-03
8.930330000000000212e-03
9.432839999999999628e-03
8.948470000000000035e-03
8.600550000000000209e-03
8.758329999999999935e-03
9.534900000000000667e-03
1.023535000000000070e-02
1.031143999999999984e-02
9.100880000000000428e-03
8.911870000000000555e-03
8.882330000000000780e-03
9.552480000000000346e-03
1.218352999999999971e-02
1.501853000000000042e-02
1.664581000000000047e-02
1.787006000000000011e-02
2.006546999999999845e-02
1.975686999999999929e-02
1.672527000000000041e-02
1.412554000000000066e-02
1.267152000000000035e-02
1.134697999999999957e-02
9.947720000000000173e-03
9.119570000000000454e-03
8.504629999999999135e-03
7.993069999999999689e-03
7.414249999999999834e-03
