9.023369999999999308e-03
1.245870999999999958e-02
1.093550000000000078e-02
9.922610000000000111e-03
9.098550000000000387e-03
8.705060000000000575e-03
8.490140000000000187e-03
8.366580000000000197e-03
8.471799999999999817e-03
8.604129999999999764e-03
8.925999999999999907e-03
8.979789999999999647e-03
9.759689999999999685e-03
1.091123999999999913e-02
1.181784999999999954e-02
1.049405999999999950e-02
9.483619999999999897e-03
8.792309999999999362e-03
8.725780000000000688e-03
8.784500000000000641e-03
8.805399999999999686e-03
8.694179999999999270e-03
8.741389999999999924e-03
8.256440000000000307e-03
8.217359999999999942e-03
8.472260000000000554e-03
8.600339999999999721e-03
8.292380000000000237e-03
8.430659999999999543e-03
8.415970000000000048e-03
8.332559999999999273e-03
8.458709999999999493e-03
8.421309999999999560e-03
8.321429999999999452e-03
8.358400000000000205e-03
8.563950000000000728e-03
8.278310000000000529e-03
8.374170000000000225e-03
8.347929999999999934e-03
8.705070000000000516e-03
8.390919999999999629e-03
8.273980000000000223e-03
8.307429999999999329e-03
8.262109999999999593e-03
8.525420000000000567e-03
8.728939999999999269e-03
8.733259999999999634e-03
8.529639999999999792e-03
8.385419999999999333e-03
8.266819999999999377e-03
8.464479999999999921e-03
8.473390000000000782e-03
8.637819999999999179e-03
8.583659999999999901e-03
8.487420000000000728e-03
8.523070000000000646e-03
8.312740000000000753e-03
8.547070000000000362e-03
8.605569999999999886e-03
8.518450000000000327e-03
8.451069999999999763e-03
8.280799999999999619e-03
8.191500000000000864e-03
7.300830000000000340e-03
