7.624200000000000248e-03
8.845169999999999422e-03
9.633370000000000474e-03
9.808249999999999261e-03
9.446690000000000642e-03
9.143820000000000420e-03
8.607780000000000639e-03
8.372430000000000150e-03
8.644999999999999907e-03
9.957159999999999622e-03
1.130682000000000041e-02
8.627040000000000750e-03
9.115230000000000207e-03
1.018179999999999953e-02
1.106281999999999925e-02
1.117661000000000002e-02
1.026472999999999969e-02
9.593279999999999169e-03
8.535179999999999850e-03
8.723289999999999864e-03
8.910029999999999339e-03
9.484589999999999341e-03
1.085220999999999929e-02
1.069126999999999925e-02
1.078598000000000057e-02
1.221413000000000013e-02
1.431315000000000018e-02
1.544577999999999923e-02
1.070321999999999940e-02
9.914159999999999986e-03
1.191922999999999941e-02
1.694303999999999949e-02
2.484648000000000065e-02
3.539039000000000074e-02
3.302225999999999773e-02
3.439749000000000279e-02
3.469918000000000308e-02
2.536365000000000147e-02
1.722624000000000030e-02
1.172942000000000082e-02
8.591289999999999691e-03
8.783229999999999510e-03
9.198559999999999723e-03
9.149970000000000325e-03
1.080201000000000078e-02
1.279124000000000060e-02
1.614087000000000161e-02
1.496592000000000061e-02
1.207823000000000056e-02
1.156023999999999941e-02
9.914589999999999168e-03
1.008301999999999983e-02
8.473210000000000117e-03
8.849110000000000309e-03
1.033882000000000030e-02
1.015805000000000007e-02
1.050507000000000003e-02
1.174160999999999955e-02
1.233145000000000074e-02
1.013640000000000027e-02
8.889380000000000545e-03
9.713120000000000434e-03
8.399280000000000287e-03
7.871239999999999834e-03
