7.279869999999999917e-03
8.856899999999999148e-03
9.021059999999999149e-03
9.445510000000000711e-03
9.399710000000000357e-03
9.494630000000000430e-03
8.633979999999999433e-03
8.389509999999999329e-03
8.681160000000000265e-03
9.212480000000000321e-03
9.816280000000000144e-03
9.518439999999999540e-03
9.269640000000000865e-03
9.433179999999999343e-03
9.284979999999999969e-03
1.037067000000000024e-02
1.038975999999999962e-02
8.748090000000000033e-03
8.122620000000000534e-03
8.571739999999999568e-03
8.892310000000000492e-03
9.134170000000000483e-03
1.009924000000000065e-02
8.919500000000000345e-03
9.936030000000000209e-03
1.092442000000000066e-02
1.176730999999999958e-02
1.135696999999999922e-02
1.015020999999999979e-02
9.776850000000000124e-03
9.053679999999999714e-03
9.664249999999999230e-03
1.050121000000000041e-02
1.094766999999999962e-02
1.131119000000000048e-02
1.218731999999999975e-02
1.267936000000000063e-02
1.395970000000000023e-02
1.254295000000000063e-02
1.094910999999999975e-02
9.594969999999999541e-03
1.203019999999999957e-02
1.706854000000000010e-02
2.700976999999999892e-02
3.361984999999999973e-02
3.634826000000000029e-02
3.683038999999999757e-02
3.509381999999999779e-02
3.310546999999999795e-02
1.810575999999999852e-02
1.531046999999999964e-02
1.376962999999999972e-02
9.983650000000000163e-03
9.617429999999999729e-03
9.903769999999999241e-03
1.044840000000000005e-02
1.046153000000000013e-02
1.126820000000000078e-02
1.236131000000000035e-02
1.594028000000000111e-02
1.694154000000000146e-02
1.419040000000000058e-02
1.084512999999999970e-02
8.204229999999999856e-03
