1.131903000000000076e-02
2.011401999999999982e-02
2.355915000000000092e-02
2.434650999999999829e-02
2.217999999999999833e-02
2.273642000000000024e-02
1.943506999999999874e-02
1.379396999999999915e-02
1.133822999999999949e-02
1.043104000000000080e-02
9.407250000000000681e-03
8.696590000000000570e-03
8.888190000000000673e-03
9.301850000000000396e-03
9.443230000000000374e-03
1.083119999999999916e-02
1.140848000000000036e-02
1.245714000000000023e-02
1.148837999999999943e-02
1.013212999999999961e-02
9.953399999999999401e-03
9.211630000000000165e-03
8.903809999999999850e-03
8.655970000000000678e-03
8.686519999999999658e-03
9.488009999999999847e-03
8.455940000000000331e-03
8.644000000000000641e-03
8.814640000000000322e-03
9.123950000000000463e-03
8.579569999999999905e-03
8.624829999999999997e-03
8.623179999999999387e-03
8.397850000000000106e-03
8.564820000000000766e-03
8.383559999999999970e-03
8.359049999999999814e-03
8.512520000000000850e-03
8.808830000000000132e-03
8.846929999999999378e-03
8.431740000000000068e-03
8.808760000000000548e-03
9.184190000000000062e-03
9.192679999999999949e-03
9.289159999999999431e-03
8.830249999999999558e-03
8.467370000000000105e-03
8.760060000000000069e-03
8.743360000000000368e-03
8.457829999999999515e-03
8.444999999999999382e-03
8.641640000000000779e-03
8.412370000000000611e-03
8.384539999999999355e-03
8.712630000000000721e-03
9.028899999999999426e-03
8.741300000000000459e-03
8.876719999999999403e-03
8.756530000000000216e-03
8.290230000000000862e-03
8.502080000000000401e-03
8.608549999999999536e-03
8.248739999999999198e-03
7.524499999999999938e-03
