8.169499999999999679e-03
1.168301000000000062e-02
1.435991000000000004e-02
1.680390999999999829e-02
1.777495999999999937e-02
1.901519000000000126e-02
1.762483000000000105e-02
1.542870000000000005e-02
1.402299000000000080e-02
1.261717000000000047e-02
1.217821000000000008e-02
9.497349999999999889e-03
8.892000000000000598e-03
8.499929999999999292e-03
8.629720000000000446e-03
8.855299999999999977e-03
8.804829999999999601e-03
1.003973000000000018e-02
1.008580000000000067e-02
9.761830000000000854e-03
1.073672999999999988e-02
1.022611000000000006e-02
9.813670000000000032e-03
8.928089999999999637e-03
8.446220000000000810e-03
8.583870000000000389e-03
8.402049999999999449e-03
8.656630000000000227e-03
8.740120000000000527e-03
8.887189999999999673e-03
8.304439999999999739e-03
8.303299999999999570e-03
8.389519999999999270e-03
8.438990000000000380e-03
8.106969999999999801e-03
8.462700000000000083e-03
8.423299999999999885e-03
8.301140000000000255e-03
8.712640000000000662e-03
8.495279999999999151e-03
8.396690000000000056e-03
8.279709999999999154e-03
8.368479999999999322e-03
8.557419999999999610e-03
8.639360000000000442e-03
8.896799999999999847e-03
8.644930000000000322e-03
8.480619999999999478e-03
8.194989999999999220e-03
8.237849999999999687e-03
8.271580000000000599e-03
8.521849999999999217e-03
8.477590000000000126e-03
8.537090000000000650e-03
8.525750000000000342e-03
8.601549999999999474e-03
8.375550000000000703e-03
8.758880000000000138e-03
8.935739999999999308e-03
8.415219999999999298e-03
8.468170000000000558e-03
8.174310000000000603e-03
7.872699999999999837e-03
7.259340000000000410e-03
