9.639550000000000202e-03
1.462102000000000020e-02
1.966949999999999948e-02
2.178474999999999856e-02
2.293285000000000115e-02
2.294525000000000037e-02
2.164384999999999920e-02
1.685270999999999991e-02
1.392001999999999996e-02
1.259876000000000051e-02
1.217303999999999956e-02
9.659169999999999909e-03
8.664609999999999673e-03
8.729960000000000150e-03
9.060489999999999169e-03
9.402010000000000575e-03
9.974049999999999930e-03
1.091886000000000072e-02
1.069760999999999976e-02
1.019925999999999992e-02
1.027690000000000027e-02
1.031285000000000014e-02
9.200120000000000867e-03
8.668939999999999979e-03
8.480849999999999847e-03
8.663060000000000205e-03
8.381400000000000655e-03
8.541969999999999424e-03
8.791619999999999990e-03
9.089399999999999216e-03
8.358829999999999386e-03
8.462080000000000296e-03
8.623810000000000850e-03
8.364180000000000573e-03
8.242509999999999767e-03
8.185519999999999949e-03
8.418909999999999935e-03
8.433150000000000368e-03
8.689350000000000199e-03
8.749889999999999751e-03
8.317210000000000228e-03
8.355720000000000508e-03
8.541780000000000553e-03
8.595300000000000162e-03
8.938710000000000752e-03
8.745990000000000361e-03
8.393190000000000026e-03
8.303780000000000189e-03
8.390599999999999795e-03
8.215580000000000105e-03
8.282640000000000835e-03
8.470439999999999220e-03
8.317490000000000300e-03
8.298859999999999917e-03
8.649659999999999987e-03
8.901799999999999644e-03
8.636080000000000839e-03
8.876459999999999212e-03
8.838069999999999954e-03
8.512389999999999887e-03
8.372670000000000459e-03
8.418010000000000076e-03
8.134930000000000286e-03
7.444499999999999729e-03
