7.350930000000000311e-03
8.558770000000000266e-03
9.450049999999999770e-03
1.246302000000000000e-02
1.373700999999999915e-02
1.606312999999999838e-02
1.861551999999999998e-02
1.980847999999999984e-02
2.048246999999999915e-02
1.964203000000000129e-02
1.970169999999999907e-02
1.477761999999999999e-02
1.227139000000000008e-02
1.056885999999999937e-02
8.753489999999999188e-03
8.671250000000000138e-03
8.480589999999999656e-03
8.939839999999999245e-03
9.135429999999999939e-03
9.247679999999999442e-03
1.117513000000000013e-02
1.141303999999999930e-02
1.044367000000000038e-02
9.385289999999999258e-03
9.577969999999999887e-03
9.258650000000000213e-03
9.471800000000000705e-03
8.822299999999999934e-03
9.316090000000000829e-03
8.805669999999999817e-03
8.470089999999999564e-03
8.647770000000000803e-03
8.690269999999999939e-03
8.456139999999999143e-03
8.314490000000000769e-03
8.562959999999999669e-03
8.654550000000000437e-03
8.817349999999999841e-03
8.790070000000000522e-03
8.356399999999999939e-03
8.389139999999999792e-03
8.701449999999999463e-03
9.025790000000000549e-03
8.800499999999999295e-03
8.408189999999999414e-03
8.432409999999999559e-03
8.691410000000000108e-03
8.675560000000000563e-03
8.649509999999999144e-03
8.775629999999999542e-03
8.528410000000000157e-03
8.496729999999999214e-03
8.547650000000000386e-03
8.842940000000000522e-03
9.083290000000000808e-03
8.962970000000000659e-03
8.966000000000000011e-03
8.479799999999999144e-03
8.515339999999999715e-03
8.495910000000000614e-03
8.720900000000000180e-03
8.760270000000000556e-03
8.309530000000000735e-03
7.477899999999999998e-03
