7.429800000000000293e-03
1.021844000000000051e-02
9.251689999999999914e-03
8.932179999999999634e-03
8.559109999999999982e-03
8.325690000000000174e-03
8.234280000000000072e-03
8.203349999999999878e-03
8.248609999999999970e-03
8.384640000000000495e-03
8.484059999999999865e-03
8.611580000000000623e-03
8.984169999999999656e-03
9.459220000000000822e-03
1.040228999999999980e-02
9.227950000000000388e-03
8.887020000000000683e-03
8.543769999999999143e-03
8.433249999999999774e-03
8.496019999999999961e-03
8.490219999999999712e-03
8.581790000000000598e-03
8.216180000000000011e-03
8.086090000000000638e-03
8.218839999999999826e-03
8.352139999999999218e-03
8.562939999999999788e-03
8.423840000000000147e-03
8.318650000000000350e-03
8.172560000000000588e-03
8.066230000000000622e-03
8.265969999999999221e-03
8.284289999999999710e-03
8.320239999999999581e-03
8.386569999999999442e-03
8.379869999999999333e-03
8.064470000000000666e-03
8.350470000000000462e-03
8.531300000000000341e-03
8.170449999999999241e-03
8.249289999999999401e-03
8.273789999999999617e-03
8.207030000000000575e-03
8.209050000000000721e-03
8.357699999999999158e-03
8.367780000000000010e-03
8.275960000000000608e-03
8.483789999999999734e-03
8.316419999999999715e-03
8.355980000000000699e-03
8.270410000000000608e-03
8.138859999999999498e-03
8.351439999999999905e-03
8.392180000000000820e-03
8.369530000000000025e-03
8.431519999999999640e-03
8.366069999999999757e-03
8.445909999999999182e-03
8.336259999999999851e-03
8.368850000000000594e-03
8.400470000000000159e-03
8.343309999999999615e-03
7.907219999999999527e-03
7.186549999999999883e-03
