7.506040000000000281e-03
9.731770000000000698e-03
1.166663000000000075e-02
1.152672000000000072e-02
1.295258999999999994e-02
1.500899999999999977e-02
1.253101000000000041e-02
1.077176000000000002e-02
9.524849999999999636e-03
8.541049999999999684e-03
9.214589999999999934e-03
1.282557999999999962e-02
1.968057999999999960e-02
2.442209999999999867e-02
2.904427999999999871e-02
3.233492000000000310e-02
3.269829999999999959e-02
2.540357999999999852e-02
2.143660999999999831e-02
1.306809999999999916e-02
1.041440000000000074e-02
8.981390000000000554e-03
8.838359999999999966e-03
9.072020000000000084e-03
1.011444000000000058e-02
1.089186999999999968e-02
1.207359000000000036e-02
1.445838999999999978e-02
1.345591999999999969e-02
1.256544000000000064e-02
1.211393000000000018e-02
9.825350000000000056e-03
9.952950000000000338e-03
9.994869999999999449e-03
1.007188000000000007e-02
1.071167999999999947e-02
9.848869999999999153e-03
8.653050000000000672e-03
9.064189999999999747e-03
9.036340000000000344e-03
9.097759999999999875e-03
8.637159999999999629e-03
8.846579999999999722e-03
8.588709999999999400e-03
8.570829999999999768e-03
8.307260000000000338e-03
9.123249999999999416e-03
9.769109999999999253e-03
9.838339999999999239e-03
1.028858000000000029e-02
9.259319999999999704e-03
8.765149999999999331e-03
8.351499999999999549e-03
8.865819999999999951e-03
9.576219999999999871e-03
9.623849999999999766e-03
9.489110000000000253e-03
9.004969999999999294e-03
8.423450000000000729e-03
8.967799999999999730e-03
9.040269999999999556e-03
9.116020000000000720e-03
9.358099999999999405e-03
7.745270000000000279e-03
