7.792000000000000315e-03
1.144660999999999942e-02
1.020801999999999994e-02
8.891949999999999160e-03
8.562590000000000132e-03
9.152699999999999725e-03
1.210257999999999994e-02
1.663807000000000133e-02
2.040275999999999895e-02
2.506243999999999833e-02
2.529313999999999868e-02
2.408601000000000145e-02
2.339832000000000023e-02
1.978156000000000012e-02
1.424799000000000031e-02
1.176063999999999929e-02
1.029924999999999938e-02
8.719100000000000461e-03
8.566239999999999272e-03
8.623709999999999709e-03
8.805699999999999639e-03
8.993690000000000365e-03
1.009109000000000048e-02
1.067597999999999984e-02
1.179354999999999987e-02
1.182379000000000069e-02
1.020684999999999995e-02
8.846460000000000434e-03
8.846599999999999603e-03
8.454559999999999853e-03
8.710489999999999552e-03
8.908859999999999349e-03
8.723559999999999995e-03
9.045110000000000303e-03
9.197699999999999626e-03
8.974799999999999792e-03
8.927670000000000397e-03
8.950740000000000432e-03
9.045920000000000696e-03
8.980530000000000457e-03
8.277510000000000076e-03
8.614649999999999738e-03
8.695190000000000211e-03
8.896299999999999347e-03
8.755529999999999216e-03
8.710290000000000740e-03
8.659270000000000161e-03
8.449750000000000663e-03
8.525450000000000389e-03
8.872460000000000416e-03
9.326859999999999318e-03
9.415770000000000389e-03
9.003870000000000623e-03
8.553079999999999364e-03
8.587330000000000657e-03
9.060949999999999907e-03
9.032139999999999266e-03
8.640339999999999826e-03
9.126050000000000134e-03
8.546349999999999433e-03
8.355809999999999974e-03
8.474650000000000238e-03
8.603349999999999193e-03
7.576480000000000020e-03
