7.472559999999999619e-03
8.273259999999999295e-03
8.135710000000000858e-03
8.198040000000000188e-03
8.271850000000000730e-03
8.228920000000000678e-03
8.147359999999999325e-03
8.047689999999999705e-03
8.132079999999999864e-03
8.156919999999999796e-03
8.392719999999999347e-03
8.462640000000000440e-03
8.415799999999999323e-03
8.490559999999999427e-03
8.338659999999999475e-03
8.253069999999999504e-03
8.106149999999999467e-03
7.959890000000000715e-03
8.315839999999999690e-03
8.628479999999999137e-03
8.562709999999999419e-03
8.506949999999999235e-03
8.390540000000000151e-03
8.372910000000000769e-03
8.406610000000000124e-03
8.604169999999999527e-03
8.345699999999999300e-03
8.317659999999999290e-03
8.363560000000000785e-03
8.394089999999999885e-03
8.297739999999999630e-03
8.281500000000000666e-03
8.357049999999999548e-03
8.290429999999999675e-03
8.247670000000000348e-03
8.443700000000000164e-03
8.151190000000000865e-03
8.571469999999999437e-03
8.646920000000000647e-03
8.522000000000000061e-03
8.164559999999999526e-03
8.267160000000000827e-03
8.211480000000000168e-03
8.227979999999999322e-03
8.299060000000000464e-03
8.704899999999999791e-03
8.756029999999999716e-03
8.809610000000000704e-03
8.173490000000000269e-03
8.932950000000000265e-03
9.118479999999999988e-03
9.564390000000000738e-03
8.880549999999999208e-03
8.770210000000000505e-03
8.468430000000000749e-03
8.551029999999999395e-03
9.272350000000000383e-03
1.011416000000000051e-02
1.132098999999999953e-02
1.259494000000000065e-02
1.401658000000000071e-02
1.488248000000000001e-02
1.169276999999999990e-02
7.132590000000000284e-03
