7.622209999999999923e-03
1.343998000000000068e-02
1.156303000000000018e-02
1.059126999999999985e-02
9.281920000000000795e-03
8.874150000000000788e-03
8.570190000000000100e-03
8.420220000000000829e-03
8.497799999999999798e-03
8.490549999999999486e-03
8.909929999999999933e-03
9.066410000000000441e-03
9.514589999999999853e-03
1.102389999999999967e-02
1.136062000000000009e-02
9.711459999999999884e-03
9.222380000000000508e-03
8.664059999999999470e-03
8.448920000000000388e-03
8.515929999999999681e-03
8.691149999999999917e-03
8.584490000000000176e-03
8.488640000000000421e-03
8.054270000000000526e-03
8.250649999999999998e-03
8.479560000000000569e-03
8.434840000000000740e-03
8.739459999999999243e-03
8.354790000000000827e-03
8.334340000000000845e-03
8.241810000000000455e-03
8.154460000000000527e-03
8.512089999999999934e-03
8.342570000000000541e-03
8.099119999999999583e-03
8.393869999999999457e-03
8.183950000000000599e-03
8.497019999999999226e-03
8.600099999999999412e-03
8.446520000000000764e-03
8.474550000000000832e-03
8.062569999999999806e-03
8.191369999999999901e-03
8.317440000000000597e-03
8.337290000000000673e-03
8.740289999999999518e-03
8.794919999999999474e-03
8.548399999999999402e-03
8.326880000000000046e-03
8.305790000000000395e-03
8.297119999999999843e-03
8.453000000000000444e-03
8.600740000000000815e-03
8.547680000000000208e-03
8.465850000000000458e-03
8.503580000000000166e-03
8.455729999999999844e-03
8.667519999999999739e-03
8.651580000000000728e-03
8.434139999999999693e-03
8.256930000000000866e-03
8.336529999999999982e-03
8.110930000000000570e-03
7.388539999999999865e-03
