7.946579999999999963e-03
9.376560000000000797e-03
8.882630000000000733e-03
9.347410000000000441e-03
8.309050000000000116e-03
8.659599999999999936e-03
8.898039999999999422e-03
8.731980000000000297e-03
8.801959999999999298e-03
8.694310000000000233e-03
9.075259999999999924e-03
9.123219999999999594e-03
1.084864999999999961e-02
1.216153000000000026e-02
1.164017999999999997e-02
1.037885000000000023e-02
8.651239999999999278e-03
8.650230000000000072e-03
9.264619999999999453e-03
9.878239999999999937e-03
9.635140000000000371e-03
1.057383999999999928e-02
1.221093000000000005e-02
1.236379999999999944e-02
1.245361000000000037e-02
1.251989000000000053e-02
1.112186000000000077e-02
1.048993999999999968e-02
1.050197999999999930e-02
1.706770999999999983e-02
2.632955000000000018e-02
3.312472999999999806e-02
4.164202999999999655e-02
4.220855999999999913e-02
3.358631000000000116e-02
2.975289999999999879e-02
2.411964999999999942e-02
1.463329000000000019e-02
1.095526999999999959e-02
8.713759999999999215e-03
9.108180000000000442e-03
9.509000000000000091e-03
1.204163999999999929e-02
1.257402999999999993e-02
1.396314000000000062e-02
1.432753999999999972e-02
1.451420999999999961e-02
1.469019000000000054e-02
1.113138999999999969e-02
8.738700000000000287e-03
8.833010000000000514e-03
8.897530000000000716e-03
9.243899999999999340e-03
9.184140000000000359e-03
1.001125999999999926e-02
1.014871000000000002e-02
1.035481000000000075e-02
1.032286999999999962e-02
1.022712999999999921e-02
9.737320000000000697e-03
8.962919999999999221e-03
9.103470000000000659e-03
8.888490000000000626e-03
7.934760000000000771e-03
