7.366400000000000378e-03
8.176749999999999990e-03
8.251349999999999310e-03
8.170520000000000560e-03
8.432049999999999962e-03
8.389799999999999341e-03
8.236189999999999137e-03
8.157019999999999202e-03
8.142359999999999529e-03
8.482079999999999481e-03
8.532359999999999250e-03
8.120650000000000091e-03
8.385810000000000486e-03
8.375399999999999859e-03
8.498709999999999598e-03
8.696159999999999654e-03
9.066549999999999609e-03
8.781229999999999244e-03
8.530720000000000316e-03
8.536079999999999710e-03
8.321169999999999262e-03
8.388140000000000526e-03
8.427799999999999181e-03
8.242899999999999186e-03
8.177079999999999765e-03
8.540419999999999956e-03
8.607019999999999949e-03
8.830019999999999189e-03
8.612420000000000839e-03
8.241939999999999683e-03
8.181040000000000534e-03
8.380600000000000202e-03
8.727600000000000288e-03
8.634170000000000039e-03
8.316179999999999406e-03
8.193970000000000073e-03
8.513470000000000412e-03
8.207040000000000515e-03
8.340820000000000525e-03
8.321230000000000640e-03
8.424370000000000469e-03
8.586279999999999954e-03
8.710940000000000349e-03
8.989509999999999168e-03
8.806090000000000792e-03
8.699079999999999660e-03
8.785190000000000013e-03
9.093570000000000472e-03
8.577380000000000768e-03
9.109940000000000399e-03
9.011140000000000816e-03
9.023790000000000283e-03
9.124800000000000619e-03
9.205629999999999369e-03
9.114689999999999945e-03
9.433669999999999903e-03
8.503659999999999691e-03
8.502579999999999166e-03
8.815609999999999766e-03
9.099879999999999428e-03
1.028664999999999961e-02
1.243374000000000042e-02
1.328102999999999922e-02
7.278480000000000366e-03
