7.980579999999999272e-03
1.219444000000000083e-02
1.742932000000000162e-02
2.278385999999999953e-02
2.610078999999999871e-02
2.785672000000000148e-02
2.914483000000000004e-02
2.466343000000000008e-02
2.310705999999999871e-02
1.986985000000000140e-02
1.864990999999999871e-02
1.304199999999999977e-02
1.158844000000000020e-02
9.120659999999999185e-03
9.158799999999999927e-03
9.029699999999999879e-03
9.513119999999999910e-03
1.034507999999999955e-02
1.075272000000000033e-02
1.082946000000000082e-02
1.214734999999999947e-02
1.238129999999999960e-02
1.118781999999999936e-02
9.350350000000000328e-03
8.956300000000000372e-03
8.863330000000000861e-03
9.217579999999999524e-03
9.386320000000000080e-03
9.249290000000000289e-03
9.812809999999999935e-03
8.538089999999999916e-03
8.608380000000000545e-03
8.491230000000000652e-03
8.400319999999999315e-03
8.527979999999999242e-03
8.826670000000000002e-03
8.818950000000000747e-03
8.761190000000000297e-03
8.993720000000000186e-03
8.865710000000000604e-03
8.786920000000000147e-03
8.924380000000000854e-03
8.854759999999999714e-03
8.702019999999999547e-03
8.904389999999999875e-03
9.473109999999999864e-03
9.218799999999999217e-03
8.949479999999999241e-03
8.497100000000000486e-03
8.581280000000000158e-03
8.516150000000000109e-03
8.894729999999999998e-03
8.856170000000000014e-03
9.103949999999999543e-03
9.288670000000000607e-03
8.913259999999999239e-03
8.574679999999999455e-03
9.307100000000000442e-03
9.089730000000000726e-03
8.849549999999999431e-03
8.770260000000000208e-03
8.381710000000000549e-03
8.310740000000000488e-03
7.470349999999999734e-03
