7.544610000000000205e-03
8.348730000000000387e-03
8.396439999999999806e-03
8.334609999999999241e-03
8.385850000000000248e-03
8.384479999999999711e-03
8.306380000000000360e-03
8.299849999999999242e-03
8.531260000000000579e-03
8.850649999999999837e-03
8.488209999999999505e-03
8.480599999999999597e-03
8.343919999999999462e-03
8.309179999999999344e-03
8.466690000000000674e-03
8.726499999999999882e-03
8.528759999999999813e-03
8.397170000000000675e-03
8.114329999999999460e-03
8.210620000000000071e-03
8.573479999999999643e-03
8.881639999999999674e-03
9.411889999999999146e-03
8.292610000000000606e-03
8.326059999999999711e-03
8.290739999999999568e-03
8.729209999999999400e-03
8.510260000000000394e-03
8.700970000000000579e-03
8.340780000000000763e-03
8.255210000000000672e-03
8.643589999999999607e-03
8.533610000000000501e-03
8.506049999999999375e-03
8.311479999999999563e-03
8.518460000000000268e-03
8.692719999999999267e-03
9.315769999999999260e-03
9.198359999999999176e-03
8.527399999999999217e-03
8.123119999999999299e-03
8.372350000000000625e-03
8.831230000000000677e-03
9.244270000000000612e-03
9.403409999999999200e-03
9.169909999999999867e-03
9.493379999999999180e-03
9.769629999999999634e-03
9.531490000000000101e-03
9.781820000000000098e-03
9.091180000000000788e-03
8.758159999999999210e-03
8.299410000000000120e-03
9.450059999999999710e-03
1.110508999999999975e-02
1.215170999999999960e-02
1.451453999999999939e-02
1.587575000000000097e-02
1.675590000000000065e-02
1.614507999999999915e-02
1.493385000000000025e-02
1.473061999999999983e-02
1.128004999999999980e-02
7.332830000000000251e-03
