7.418400000000000341e-03
8.229949999999999766e-03
8.567349999999999619e-03
8.465580000000000327e-03
8.608259999999999523e-03
8.243489999999999152e-03
8.193550000000000832e-03
8.245860000000000689e-03
8.381970000000000739e-03
8.624379999999999200e-03
8.452640000000000847e-03
8.188990000000000158e-03
8.335350000000000051e-03
8.353930000000000730e-03
8.399119999999999503e-03
8.736980000000000093e-03
8.907780000000000559e-03
8.548590000000000008e-03
8.390869999999999926e-03
8.051839999999999345e-03
8.394930000000000100e-03
8.459309999999999399e-03
8.328669999999999823e-03
8.154909999999999590e-03
8.367339999999999153e-03
8.660130000000000258e-03
8.800540000000000793e-03
8.958580000000000709e-03
8.564040000000000194e-03
8.251949999999999216e-03
8.349789999999999296e-03
8.188430000000000014e-03
8.934259999999999424e-03
8.918920000000000320e-03
8.286669999999999453e-03
8.209759999999999974e-03
8.327980000000000452e-03
8.390200000000000435e-03
8.671029999999999710e-03
8.250570000000000473e-03
8.415989999999999929e-03
8.433049999999999227e-03
8.664589999999999792e-03
9.129379999999999440e-03
8.666449999999999154e-03
8.623129999999999684e-03
8.743169999999999761e-03
8.649320000000000272e-03
8.570720000000000421e-03
9.190490000000000811e-03
9.188270000000000118e-03
8.830090000000000508e-03
8.891390000000000751e-03
9.208410000000000206e-03
9.357219999999999427e-03
9.592979999999999216e-03
8.929370000000000709e-03
8.587259999999999338e-03
8.310569999999999763e-03
8.701350000000000057e-03
9.290049999999999350e-03
1.125482000000000045e-02
1.017503999999999978e-02
7.420419999999999620e-03
