7.487259999999999922e-03
1.042369999999999929e-02
1.004939000000000006e-02
9.013119999999999465e-03
8.723140000000000754e-03
9.322030000000000247e-03
9.394009999999999513e-03
9.510589999999999322e-03
8.602699999999999583e-03
8.675900000000000278e-03
8.463329999999999811e-03
8.294889999999999208e-03
8.866050000000000320e-03
9.032729999999999232e-03
9.653739999999999197e-03
8.910420000000000493e-03
8.610529999999999920e-03
9.025149999999999145e-03
9.720309999999999367e-03
9.522070000000000534e-03
1.014475999999999919e-02
9.412409999999999527e-03
1.001434999999999999e-02
1.177795000000000057e-02
1.079783999999999952e-02
1.132601999999999914e-02
1.021431000000000075e-02
8.283729999999999566e-03
8.798800000000000718e-03
9.439519999999999855e-03
9.996279999999999749e-03
1.097310999999999946e-02
1.290599000000000086e-02
1.312001999999999960e-02
1.469328999999999948e-02
1.489146000000000046e-02
1.156120000000000064e-02
1.040337000000000033e-02
1.137026000000000009e-02
1.494716999999999921e-02
2.214419999999999930e-02
3.513147999999999965e-02
4.237736000000000280e-02
4.233900000000000163e-02
3.782631000000000188e-02
3.143117000000000133e-02
2.319465000000000068e-02
1.904314999999999827e-02
1.438520000000000076e-02
9.267289999999999209e-03
8.639449999999999907e-03
8.915569999999999398e-03
9.800740000000000493e-03
1.194265000000000083e-02
1.446029000000000064e-02
2.243196999999999899e-02
1.939472999999999892e-02
1.659195000000000114e-02
1.469132000000000077e-02
1.368674999999999926e-02
1.281021000000000069e-02
9.429079999999999406e-03
8.750890000000000751e-03
7.976389999999999869e-03
