7.547540000000000152e-03
8.671319999999999723e-03
7.963990000000000652e-03
8.529500000000000623e-03
8.701969999999999844e-03
8.500729999999999745e-03
8.245670000000000083e-03
8.100559999999999705e-03
8.304739999999999692e-03
8.754210000000000116e-03
8.782780000000000448e-03
8.944099999999999967e-03
8.940580000000000055e-03
8.362400000000000735e-03
8.534079999999999444e-03
8.824190000000000852e-03
8.742800000000000224e-03
8.511229999999999837e-03
8.400029999999999303e-03
8.382809999999999220e-03
8.884760000000000227e-03
9.506519999999999207e-03
9.798499999999999918e-03
8.662460000000000299e-03
8.393160000000000204e-03
8.566999999999999962e-03
8.810820000000000457e-03
8.853269999999999890e-03
9.152099999999999819e-03
8.865990000000000676e-03
8.435710000000000777e-03
8.346960000000000490e-03
8.846790000000000209e-03
8.844859999999999528e-03
8.463609999999999883e-03
8.610579999999999623e-03
8.757360000000000491e-03
9.679270000000000235e-03
9.578329999999999483e-03
9.008620000000000169e-03
8.353889999999999233e-03
8.360070000000000695e-03
8.659450000000000827e-03
8.941980000000000414e-03
9.367989999999999651e-03
9.763229999999999478e-03
9.328909999999999286e-03
1.023334000000000049e-02
9.414610000000000339e-03
1.048048000000000035e-02
9.990070000000000200e-03
1.011200999999999940e-02
8.861700000000000133e-03
8.956360000000000016e-03
1.042911000000000012e-02
1.113242000000000051e-02
1.376945000000000079e-02
1.497284999999999935e-02
1.690298999999999968e-02
1.836470999999999937e-02
1.868124999999999994e-02
1.916754999999999848e-02
1.472888999999999969e-02
7.518979999999999761e-03
