7.249479999999999986e-03
9.144199999999999898e-03
1.083639999999999950e-02
1.107708999999999951e-02
1.163940999999999934e-02
1.201152999999999943e-02
1.110853000000000014e-02
1.324906000000000000e-02
1.575974999999999945e-02
1.701159000000000004e-02
1.573408999999999919e-02
1.060959000000000034e-02
8.866640000000000285e-03
1.209568999999999922e-02
1.666246000000000047e-02
2.856105999999999923e-02
4.025143999999999944e-02
3.859408999999999756e-02
4.202945999999999765e-02
3.809031999999999696e-02
3.698596999999999996e-02
2.266349999999999962e-02
1.533691000000000047e-02
1.117685000000000033e-02
8.888840000000000283e-03
8.966429999999999192e-03
9.753120000000000539e-03
1.018347000000000002e-02
9.863679999999999670e-03
1.742760999999999963e-02
1.847920999999999939e-02
1.619589999999999919e-02
1.538489000000000002e-02
1.221115000000000048e-02
1.165920999999999971e-02
1.101593000000000017e-02
9.597369999999999166e-03
9.597829999999999903e-03
9.203489999999999935e-03
1.052294999999999967e-02
9.279970000000000233e-03
9.734839999999999813e-03
8.829349999999999699e-03
8.743610000000000618e-03
8.665569999999999176e-03
9.212859999999999799e-03
9.321529999999999747e-03
8.885600000000000442e-03
8.504720000000000335e-03
9.269009999999999402e-03
1.075643000000000085e-02
1.063755000000000082e-02
1.038647000000000008e-02
9.303729999999999639e-03
8.440980000000000705e-03
8.418459999999999138e-03
9.065220000000000569e-03
9.683829999999999175e-03
1.039926000000000045e-02
9.553890000000000646e-03
8.678540000000000212e-03
8.939900000000000624e-03
8.754090000000000829e-03
7.815700000000000078e-03
