8.021520000000000733e-03
1.134353999999999918e-02
9.775469999999999646e-03
8.984050000000000369e-03
8.701940000000000022e-03
8.591780000000000250e-03
8.411520000000000455e-03
8.502590000000000842e-03
8.449200000000000460e-03
8.756649999999999504e-03
9.013419999999999419e-03
9.211119999999999725e-03
9.287999999999999381e-03
9.349180000000000337e-03
9.742300000000000612e-03
8.640149999999999220e-03
8.633639999999999717e-03
8.237829999999999805e-03
8.241220000000000490e-03
8.489220000000000446e-03
8.485629999999999215e-03
8.581870000000000123e-03
8.475500000000000395e-03
8.417159999999999920e-03
8.232899999999999593e-03
8.239079999999999321e-03
8.445960000000000620e-03
8.643849999999999797e-03
8.691809999999999467e-03
8.470230000000000467e-03
8.442790000000000364e-03
8.266030000000000599e-03
8.686209999999999765e-03
8.425900000000000056e-03
8.463009999999999977e-03
8.400319999999999315e-03
8.264900000000000371e-03
8.372340000000000684e-03
8.750829999999999373e-03
8.656280000000000571e-03
8.241029999999999883e-03
8.489750000000000768e-03
8.457960000000000478e-03
8.550089999999999774e-03
8.712650000000000602e-03
8.657790000000000277e-03
8.552840000000000789e-03
8.553130000000000802e-03
8.426279999999999534e-03
8.579279999999999892e-03
8.663330000000000336e-03
8.294420000000000265e-03
8.610839999999999814e-03
8.528819999999999457e-03
8.421110000000000748e-03
8.825029999999999333e-03
8.541039999999999743e-03
8.547179999999999708e-03
8.415080000000000129e-03
8.275299999999999323e-03
8.491230000000000652e-03
8.749170000000000558e-03
8.023429999999999798e-03
7.382709999999999793e-03
