7.231200000000000128e-03
9.420410000000000589e-03
9.104169999999999971e-03
8.386110000000000439e-03
8.073290000000000327e-03
8.659059999999999674e-03
8.750390000000000251e-03
8.800070000000000114e-03
8.403739999999999821e-03
8.644169999999999632e-03
8.466420000000000542e-03
8.230350000000000860e-03
8.452579999999999469e-03
8.550540000000000571e-03
9.413720000000000421e-03
8.663189999999999433e-03
8.470729999999999232e-03
8.211370000000000821e-03
9.017529999999999296e-03
8.709980000000000847e-03
9.504119999999999582e-03
8.849889999999999146e-03
8.362549999999999845e-03
1.046735000000000027e-02
9.997600000000000584e-03
1.012222999999999942e-02
9.488119999999999193e-03
8.419700000000000448e-03
8.427179999999999394e-03
8.605820000000000136e-03
9.545009999999999606e-03
9.187050000000000424e-03
1.113390000000000039e-02
1.079612999999999927e-02
1.160159000000000017e-02
1.272123000000000004e-02
1.073038999999999937e-02
9.194729999999999917e-03
9.921990000000000323e-03
1.202830000000000045e-02
1.501744999999999990e-02
2.377423000000000036e-02
2.875604000000000007e-02
2.908393999999999910e-02
2.734206999999999957e-02
2.350065000000000140e-02
1.764688999999999841e-02
1.496154000000000060e-02
1.224002000000000076e-02
8.933860000000000065e-03
8.220810000000000270e-03
8.322210000000000024e-03
8.772830000000000558e-03
1.102302999999999963e-02
1.453932999999999962e-02
1.721951999999999858e-02
1.540061000000000034e-02
1.378219999999999966e-02
1.255052000000000077e-02
1.196282000000000074e-02
1.087474000000000079e-02
8.967740000000000086e-03
8.431450000000000056e-03
7.424700000000000223e-03
