7.109609999999999715e-03
8.915229999999999683e-03
8.629819999999999852e-03
9.047110000000000568e-03
1.020176000000000069e-02
1.030026000000000032e-02
9.405560000000000309e-03
9.624439999999999731e-03
1.140531000000000010e-02
1.264216999999999945e-02
1.496012000000000036e-02
1.271319999999999915e-02
1.003820000000000059e-02
8.738279999999999312e-03
9.134540000000000021e-03
1.326663999999999968e-02
1.643562000000000148e-02
2.102325000000000027e-02
2.591591999999999854e-02
2.870518000000000028e-02
3.073591999999999991e-02
2.609150999999999831e-02
1.931851000000000054e-02
1.401677999999999952e-02
1.018562999999999934e-02
9.229370000000000629e-03
8.599179999999999671e-03
8.787180000000000338e-03
9.228099999999999498e-03
1.119041999999999953e-02
1.177780999999999967e-02
1.159444999999999920e-02
1.429507999999999994e-02
1.308716000000000046e-02
1.249736000000000076e-02
9.411579999999999252e-03
8.718709999999999308e-03
9.046860000000000318e-03
9.199789999999999357e-03
9.706309999999999244e-03
8.949469999999999301e-03
9.252369999999999345e-03
9.524200000000000027e-03
9.239999999999999949e-03
8.363209999999999394e-03
8.666580000000000117e-03
8.500119999999999898e-03
8.821920000000000456e-03
8.661749999999999311e-03
8.486089999999999953e-03
8.876669999999999700e-03
9.627850000000000297e-03
9.498360000000000830e-03
9.626239999999999450e-03
9.071960000000000440e-03
9.030369999999999370e-03
8.680629999999999943e-03
8.485090000000000687e-03
8.648509999999999878e-03
8.604399999999999896e-03
9.269430000000000378e-03
9.482930000000000526e-03
8.596100000000000615e-03
7.470959999999999580e-03
