8.166150000000000492e-03
9.205289999999999653e-03
8.432880000000000237e-03
8.286049999999999666e-03
8.427270000000000594e-03
8.405189999999999884e-03
8.403239999999999321e-03
8.772840000000000499e-03
9.231599999999999528e-03
8.827939999999999399e-03
8.419670000000000626e-03
8.781100000000000017e-03
9.509929999999999772e-03
1.016840999999999925e-02
9.754159999999999567e-03
8.525130000000000555e-03
8.293510000000000465e-03
8.455459999999999712e-03
8.958509999999999390e-03
8.935749999999999249e-03
8.504420000000000382e-03
8.805449999999999389e-03
8.664540000000000089e-03
8.695569999999999689e-03
9.431290000000000159e-03
9.285919999999999591e-03
8.795620000000000521e-03
8.817409999999999484e-03
9.641449999999999326e-03
1.058843999999999931e-02
1.057840999999999990e-02
8.622299999999999409e-03
8.695069999999999188e-03
8.463999999999999302e-03
8.790529999999999525e-03
9.249769999999999173e-03
1.004530000000000006e-02
9.729240000000000110e-03
9.966010000000000840e-03
1.080112000000000086e-02
1.193984000000000018e-02
1.128257000000000045e-02
9.315210000000000851e-03
8.987510000000000637e-03
1.078232999999999969e-02
1.221699000000000049e-02
1.920467000000000007e-02
2.275179000000000090e-02
2.617618999999999849e-02
2.494083999999999884e-02
2.579912999999999998e-02
2.296157999999999880e-02
1.912557000000000146e-02
1.689099999999999976e-02
1.253101000000000041e-02
1.003980999999999971e-02
8.702160000000000450e-03
8.553059999999999483e-03
8.574729999999999158e-03
8.806780000000000164e-03
9.514629999999999616e-03
9.882429999999999340e-03
9.701619999999999341e-03
7.541130000000000055e-03
