7.389830000000000010e-03
9.741780000000000231e-03
8.978339999999999585e-03
9.076610000000000580e-03
8.958539999999999212e-03
8.889710000000000320e-03
8.229020000000000085e-03
8.293629999999999752e-03
8.823809999999999640e-03
9.436760000000000634e-03
9.591960000000000069e-03
9.083839999999999276e-03
8.570569999999999578e-03
8.928969999999999616e-03
8.907139999999999155e-03
8.710499999999999493e-03
9.322260000000000615e-03
9.083300000000000748e-03
8.818499999999999950e-03
8.577829999999999830e-03
8.319440000000000862e-03
9.262960000000000638e-03
9.409179999999999627e-03
8.576079999999999814e-03
8.632809999999999442e-03
8.704850000000000088e-03
9.018220000000000403e-03
9.390080000000000301e-03
9.581519999999999621e-03
8.926409999999999206e-03
9.854510000000000353e-03
9.187519999999999368e-03
9.590990000000000626e-03
9.019549999999999443e-03
8.950990000000000682e-03
8.575620000000000812e-03
9.813419999999999782e-03
1.021028000000000040e-02
1.025550000000000073e-02
9.331320000000000586e-03
9.580909999999999774e-03
1.144348000000000067e-02
1.140616000000000026e-02
1.085848000000000022e-02
9.839999999999999789e-03
9.645539999999999323e-03
1.116471999999999951e-02
1.378517999999999931e-02
1.820344999999999949e-02
2.120765000000000150e-02
2.620441999999999910e-02
2.608569999999999986e-02
2.403952000000000172e-02
2.438985999999999932e-02
2.096927999999999986e-02
1.431964999999999974e-02
1.121479000000000052e-02
1.016641000000000072e-02
9.155299999999999896e-03
8.630570000000000602e-03
8.530460000000000126e-03
8.708300000000000415e-03
8.956139999999999587e-03
7.741129999999999713e-03
