7.257330000000000204e-03
8.910269999999999649e-03
1.006221000000000025e-02
9.306659999999999586e-03
9.266119999999999218e-03
1.029311999999999935e-02
9.684899999999999759e-03
1.075994000000000082e-02
1.112061999999999946e-02
1.232446000000000062e-02
1.078434999999999984e-02
1.006040000000000059e-02
8.834039999999999601e-03
9.151889999999999331e-03
1.026484000000000077e-02
1.182840999999999927e-02
1.149130999999999937e-02
1.002425000000000017e-02
1.022720000000000053e-02
1.296349999999999933e-02
1.621285000000000087e-02
1.370011999999999966e-02
1.116145999999999978e-02
9.004109999999999198e-03
1.053380999999999935e-02
1.769518000000000132e-02
2.676813000000000109e-02
4.161708000000000074e-02
4.572999999999999982e-02
4.209248000000000156e-02
3.639821000000000029e-02
3.135298000000000251e-02
2.808907000000000070e-02
1.630648000000000167e-02
1.087448000000000060e-02
8.851599999999999399e-03
9.440310000000000368e-03
1.072508999999999962e-02
1.148701000000000062e-02
1.262088999999999919e-02
1.471909000000000065e-02
1.553182999999999994e-02
1.409622999999999952e-02
1.193612999999999966e-02
1.050411000000000053e-02
8.965179999999999677e-03
9.100689999999999821e-03
8.789270000000000069e-03
9.459650000000000003e-03
9.780660000000000048e-03
1.045820000000000083e-02
1.015641999999999934e-02
9.409719999999999890e-03
1.032205999999999922e-02
8.923699999999999688e-03
8.584450000000000414e-03
8.561100000000000307e-03
8.706240000000000506e-03
8.642099999999999782e-03
9.116100000000000245e-03
9.301800000000000693e-03
8.913400000000000142e-03
8.433879999999999502e-03
7.707460000000000179e-03
