7.674979999999999650e-03
9.067650000000000016e-03
9.234569999999999237e-03
9.017139999999999878e-03
9.525789999999999258e-03
9.589159999999999351e-03
9.127959999999999199e-03
8.908740000000000062e-03
9.473540000000000780e-03
1.016014999999999974e-02
9.841350000000000445e-03
1.096454999999999999e-02
1.033984999999999939e-02
1.045562000000000054e-02
1.051629999999999926e-02
9.136989999999999348e-03
1.031257000000000007e-02
9.966229999999999534e-03
9.771000000000000171e-03
9.652229999999999491e-03
1.114261000000000071e-02
1.289902000000000062e-02
1.433538999999999994e-02
1.278546000000000023e-02
1.078883999999999919e-02
9.400630000000000097e-03
1.204905000000000038e-02
1.507973999999999946e-02
2.719647999999999857e-02
3.511904999999999888e-02
3.936594999999999678e-02
4.122589000000000115e-02
4.056764999999999677e-02
3.543869000000000186e-02
2.096912000000000081e-02
1.476826000000000007e-02
1.125115999999999963e-02
8.750950000000000395e-03
9.584630000000000233e-03
1.112818999999999961e-02
1.202709000000000070e-02
1.242095000000000005e-02
1.595415000000000028e-02
1.583746999999999933e-02
1.646776999999999963e-02
1.286756000000000011e-02
1.008816000000000053e-02
9.315350000000000019e-03
1.001762999999999959e-02
9.850980000000000500e-03
1.099440999999999960e-02
1.049411999999999914e-02
9.805160000000000264e-03
1.043100999999999924e-02
9.139980000000000673e-03
1.021065999999999988e-02
9.969779999999999268e-03
9.140070000000000139e-03
8.718000000000000055e-03
9.617139999999999717e-03
1.063245999999999983e-02
9.370840000000000072e-03
9.000040000000000817e-03
7.726420000000000336e-03
