7.211640000000000064e-03
8.480420000000000666e-03
9.932409999999999156e-03
1.252280000000000060e-02
1.531450999999999993e-02
1.697366000000000152e-02
1.973845000000000113e-02
1.986504000000000048e-02
1.932671999999999862e-02
1.786462000000000119e-02
1.729259000000000004e-02
1.346236999999999955e-02
1.131313999999999931e-02
1.005168000000000034e-02
8.969970000000000721e-03
8.496750000000000830e-03
8.837690000000000476e-03
8.892789999999999376e-03
9.318109999999999241e-03
9.488639999999999575e-03
1.078511000000000053e-02
1.149375000000000049e-02
1.077756000000000026e-02
9.258920000000000344e-03
9.442900000000000599e-03
9.135630000000000486e-03
9.236460000000000156e-03
9.068400000000000766e-03
9.155419999999999184e-03
9.037579999999999919e-03
8.549579999999999333e-03
8.577339999999999270e-03
8.523440000000000183e-03
8.366850000000000329e-03
8.403610000000000593e-03
8.428669999999999218e-03
8.592040000000000441e-03
8.863779999999999923e-03
8.834889999999999757e-03
8.235169999999999990e-03
8.278040000000000398e-03
8.403499999999999512e-03
8.699780000000000707e-03
8.451439999999999300e-03
8.336460000000000398e-03
8.624240000000000031e-03
8.590429999999999594e-03
8.638800000000000298e-03
8.505940000000000029e-03
8.359659999999999661e-03
8.369140000000000607e-03
8.464549999999999505e-03
8.523529999999999648e-03
8.984600000000000572e-03
8.892479999999999482e-03
8.905579999999999746e-03
8.601150000000000115e-03
8.605780000000000374e-03
8.518799999999999983e-03
8.458800000000000693e-03
8.664609999999999673e-03
8.416420000000000845e-03
8.239979999999999180e-03
7.316060000000000098e-03
