7.394989999999999723e-03
8.328240000000000642e-03
8.379799999999999749e-03
8.315889999999999393e-03
8.531890000000000307e-03
8.464519999999999683e-03
8.357180000000000511e-03
8.357750000000000595e-03
8.427840000000000678e-03
8.659160000000000815e-03
8.473049999999999332e-03
8.239669999999999286e-03
8.449150000000000757e-03
8.647079999999999697e-03
8.492909999999999349e-03
8.647699999999999484e-03
8.717700000000000102e-03
8.606489999999999627e-03
8.414559999999999748e-03
8.699659999999999685e-03
8.720469999999999264e-03
8.587920000000000623e-03
8.412750000000000089e-03
8.294450000000000087e-03
8.321639999999999940e-03
8.908400000000000346e-03
8.979980000000000254e-03
8.604280000000000608e-03
8.444290000000000129e-03
8.503880000000000119e-03
8.243379999999999805e-03
8.514330000000000509e-03
8.751139999999999267e-03
8.332489999999999689e-03
8.314010000000000150e-03
8.503480000000000760e-03
8.288010000000000169e-03
8.452199999999999991e-03
8.418709999999999388e-03
8.815059999999999563e-03
8.661749999999999311e-03
8.872690000000000785e-03
8.909389999999999671e-03
9.018119999999999262e-03
8.791459999999999206e-03
8.900530000000000247e-03
9.337810000000000207e-03
9.473139999999999686e-03
8.952909999999999688e-03
9.456489999999999688e-03
9.565540000000000848e-03
9.466540000000000718e-03
9.210529999999999759e-03
9.624680000000000041e-03
9.249679999999999708e-03
9.038640000000000563e-03
8.704369999999999469e-03
9.000650000000000664e-03
9.349680000000000837e-03
1.021578000000000069e-02
1.234156999999999962e-02
1.493263000000000056e-02
1.316697000000000006e-02
7.266660000000000307e-03
