7.944529999999999995e-03
1.498234000000000024e-02
1.360121000000000073e-02
1.218379999999999984e-02
1.006022999999999987e-02
9.668919999999999251e-03
8.833280000000000645e-03
8.610380000000000811e-03
8.204680000000000653e-03
8.596140000000000378e-03
8.661020000000000177e-03
8.592479999999999563e-03
9.163279999999999342e-03
1.012369999999999937e-02
1.141496999999999998e-02
1.027292999999999956e-02
9.654209999999999875e-03
9.220070000000000349e-03
8.614449999999999191e-03
8.444739999999999192e-03
8.550210000000000796e-03
8.543969999999999690e-03
8.449629999999999641e-03
8.155759999999999746e-03
8.353080000000000574e-03
8.559249999999999151e-03
8.472179999999999295e-03
8.353609999999999161e-03
8.494619999999999602e-03
8.490620000000000805e-03
8.238320000000000365e-03
8.217389999999999764e-03
8.466629999999999295e-03
8.602389999999999690e-03
8.435279999999999861e-03
8.587070000000000466e-03
8.515200000000000546e-03
8.397659999999999500e-03
8.359510000000000551e-03
8.298200000000000368e-03
8.378810000000000424e-03
8.503319999999999976e-03
8.770450000000000815e-03
8.453389999999999863e-03
8.541280000000000053e-03
8.692790000000000586e-03
8.823849999999999402e-03
8.856569999999999374e-03
8.681480000000000100e-03
8.382409999999999861e-03
8.445640000000000785e-03
8.353330000000000824e-03
8.500610000000000457e-03
8.728680000000000813e-03
8.666669999999999582e-03
8.531060000000000032e-03
8.560299999999999854e-03
8.594159999999999994e-03
8.514020000000000615e-03
8.491179999999999214e-03
8.511390000000000622e-03
8.295020000000000171e-03
8.345200000000000534e-03
7.335880000000000352e-03
