7.158979999999999684e-03
9.684389999999999318e-03
8.830720000000000236e-03
9.345340000000000591e-03
9.098560000000000328e-03
9.086729999999999460e-03
8.612359999999999460e-03
8.259690000000000087e-03
8.540000000000000716e-03
9.110629999999999770e-03
9.762359999999999441e-03
9.485290000000000388e-03
8.713910000000000058e-03
8.532200000000000201e-03
8.971039999999999570e-03
8.924180000000000307e-03
9.563749999999999335e-03
9.428630000000000344e-03
9.051589999999999983e-03
8.450239999999999488e-03
8.926780000000000478e-03
9.569380000000000594e-03
9.510440000000000213e-03
8.660630000000000758e-03
8.504539999999999669e-03
8.657160000000000549e-03
9.448689999999999173e-03
1.014465999999999979e-02
9.875919999999999838e-03
9.388960000000000014e-03
9.776359999999999564e-03
9.787620000000000348e-03
1.008632999999999925e-02
9.865070000000000089e-03
9.411370000000000499e-03
8.702710000000000654e-03
1.024077999999999967e-02
1.075755999999999935e-02
1.126933999999999922e-02
9.553719999999999921e-03
9.400610000000000216e-03
1.110134999999999941e-02
1.184346000000000010e-02
1.235068999999999924e-02
1.153042999999999950e-02
9.932379999999999334e-03
1.029974999999999988e-02
1.367607000000000024e-02
1.901807999999999971e-02
2.534563999999999914e-02
3.120161000000000115e-02
3.218892999999999754e-02
3.268586999999999881e-02
3.299408999999999675e-02
2.638700000000000073e-02
1.820522000000000112e-02
1.411402999999999963e-02
1.213748000000000084e-02
1.058822000000000062e-02
8.947880000000000070e-03
8.525130000000000555e-03
8.941620000000000817e-03
9.263999999999999665e-03
7.874040000000000553e-03
