7.654809999999999739e-03
8.355059999999999223e-03
8.284269999999999828e-03
8.365509999999999613e-03
8.253250000000000169e-03
8.362520000000000023e-03
8.434360000000000121e-03
8.067319999999999353e-03
8.269580000000000333e-03
8.314089999999999675e-03
8.538320000000000284e-03
8.446350000000000038e-03
8.479540000000000688e-03
8.655360000000000831e-03
8.552370000000000111e-03
8.570160000000000278e-03
8.432520000000000640e-03
8.193270000000000761e-03
8.520649999999999405e-03
8.591599999999999585e-03
8.604910000000000336e-03
8.528759999999999813e-03
8.559080000000000160e-03
8.495990000000000139e-03
8.492380000000000762e-03
8.970920000000000283e-03
8.582420000000000326e-03
8.492470000000000227e-03
8.530809999999999782e-03
8.628240000000000562e-03
8.303899999999999476e-03
8.328359999999999930e-03
8.454829999999999984e-03
8.464720000000000230e-03
8.303879999999999595e-03
8.565329999999999472e-03
8.501639999999999545e-03
8.820249999999999965e-03
8.899449999999999722e-03
8.695629999999999332e-03
8.697899999999999729e-03
8.388380000000000836e-03
8.345540000000000250e-03
8.404280000000000084e-03
8.576769999999999186e-03
9.160069999999999324e-03
9.441130000000000702e-03
9.242020000000000096e-03
8.507439999999999794e-03
9.292170000000000638e-03
9.584560000000000649e-03
1.021317000000000058e-02
9.542870000000000172e-03
9.114479999999999457e-03
8.832869999999999611e-03
8.840199999999999447e-03
9.837659999999999808e-03
1.105491999999999933e-02
1.219226999999999984e-02
1.344239000000000024e-02
1.589031999999999945e-02
1.843863000000000099e-02
1.544014999999999971e-02
7.530850000000000391e-03
