7.740620000000000139e-03
1.247470000000000002e-02
1.319225000000000085e-02
1.325287999999999987e-02
1.205872000000000020e-02
9.484799999999999828e-03
8.349449999999999580e-03
8.579240000000000130e-03
9.841429999999999970e-03
1.107589999999999963e-02
1.008322000000000038e-02
9.808890000000000664e-03
1.149295000000000004e-02
1.263957999999999922e-02
1.539752999999999955e-02
1.260706999999999973e-02
1.102699000000000040e-02
9.636699999999999780e-03
9.571780000000000219e-03
1.370793000000000011e-02
2.050035999999999872e-02
3.340420999999999668e-02
3.714593000000000061e-02
3.454398999999999664e-02
3.254636999999999808e-02
2.957397999999999971e-02
2.267542000000000169e-02
1.486612999999999997e-02
1.129828000000000082e-02
8.618550000000000863e-03
8.884710000000000524e-03
9.597110000000000710e-03
9.584719999999999698e-03
1.147936999999999916e-02
1.462805000000000008e-02
1.365847000000000068e-02
1.449432999999999971e-02
1.470321999999999948e-02
1.242634999999999920e-02
9.681389999999999788e-03
9.573750000000000662e-03
9.765889999999999294e-03
9.268900000000000056e-03
8.779129999999999573e-03
8.755709999999999882e-03
9.291989999999999972e-03
9.084359999999999657e-03
8.748960000000000070e-03
8.759150000000000269e-03
8.704129999999999159e-03
9.108190000000000383e-03
9.582030000000000061e-03
8.729390000000000066e-03
8.558559999999999779e-03
8.579190000000000427e-03
8.818259999999999640e-03
8.927950000000000469e-03
9.525969999999999924e-03
1.121653000000000060e-02
1.095743000000000064e-02
8.717000000000000789e-03
8.508099999999999344e-03
8.454170000000000434e-03
7.697759999999999672e-03
