7.969979999999999773e-03
1.379940999999999980e-02
1.130228999999999956e-02
1.009736999999999961e-02
9.117220000000000532e-03
8.609570000000000417e-03
8.352870000000000086e-03
8.384610000000000674e-03
8.631110000000000865e-03
8.545840000000000727e-03
9.134269999999999889e-03
9.703629999999999547e-03
1.030797999999999957e-02
1.060813000000000034e-02
1.180446999999999920e-02
9.622350000000000000e-03
8.973830000000000348e-03
8.348500000000000018e-03
8.337000000000000660e-03
8.431730000000000128e-03
8.544349999999999168e-03
8.593530000000000266e-03
8.366039999999999935e-03
8.287440000000000084e-03
8.203310000000000116e-03
8.427759999999999418e-03
8.292580000000000784e-03
8.402830000000000021e-03
8.423899999999999791e-03
8.357269999999999976e-03
7.995169999999999361e-03
8.090389999999999388e-03
8.481050000000000394e-03
8.266849999999999199e-03
8.157090000000000521e-03
8.332640000000000532e-03
8.373250000000000484e-03
8.494279999999999886e-03
8.705970000000000375e-03
8.332509999999999570e-03
8.464370000000000574e-03
8.119609999999999328e-03
8.284420000000000672e-03
8.309270000000000544e-03
8.422249999999999182e-03
8.637870000000000617e-03
8.522429999999999242e-03
8.427429999999999644e-03
8.305019999999999764e-03
8.542120000000000268e-03
8.400249999999999731e-03
8.592680000000000110e-03
8.629650000000000862e-03
8.569679999999999659e-03
8.489369999999999555e-03
8.554680000000000270e-03
8.398110000000000297e-03
8.577150000000000399e-03
8.652929999999999650e-03
8.385629999999999820e-03
8.477089999999999625e-03
8.377539999999999293e-03
8.365710000000000160e-03
7.268550000000000358e-03
