8.736030000000000531e-03
1.165836999999999950e-02
1.026997999999999973e-02
9.458150000000000238e-03
9.003650000000000195e-03
8.890739999999999407e-03
8.315599999999999381e-03
8.488950000000000315e-03
8.593440000000000800e-03
8.554720000000000033e-03
8.985760000000000622e-03
9.342899999999999469e-03
9.693039999999999989e-03
1.034588999999999995e-02
1.164787999999999935e-02
9.902950000000000641e-03
9.066519999999999788e-03
8.542759999999999937e-03
8.466309999999999461e-03
8.596209999999999962e-03
8.387900000000000217e-03
8.494659999999999364e-03
8.581059999999999729e-03
8.284530000000000019e-03
8.035219999999999169e-03
8.242799999999999780e-03
8.470560000000000242e-03
8.523350000000000717e-03
8.565210000000000184e-03
8.413109999999999686e-03
8.166539999999999910e-03
8.181580000000000796e-03
8.424459999999999935e-03
8.534079999999999444e-03
8.363360000000000238e-03
8.493709999999999802e-03
8.240139999999999965e-03
8.424650000000000541e-03
8.775559999999999958e-03
8.321030000000000093e-03
8.297270000000000686e-03
8.202330000000000731e-03
8.154089999999999255e-03
8.331730000000000733e-03
8.571950000000000056e-03
8.821410000000000015e-03
8.457700000000000287e-03
8.679779999999999787e-03
8.156790000000000568e-03
8.506549999999999875e-03
8.358890000000000764e-03
8.370340000000000419e-03
8.474950000000000191e-03
8.476279999999999232e-03
8.319329999999999781e-03
8.531099999999999794e-03
8.393619999999999207e-03
8.536119999999999472e-03
8.482760000000000647e-03
8.158870000000000358e-03
8.146969999999999906e-03
8.345639999999999656e-03
7.918949999999999254e-03
7.176189999999999826e-03
