7.423980000000000162e-03
8.307129999999999376e-03
8.314560000000000353e-03
8.386960000000000595e-03
8.487190000000000359e-03
8.389249999999999138e-03
8.462159999999999821e-03
8.501379999999999354e-03
8.413669999999999830e-03
8.396199999999999497e-03
8.568889999999999146e-03
8.254610000000000766e-03
8.378669999999999521e-03
8.396590000000000650e-03
8.444629999999999845e-03
8.641370000000000648e-03
8.886289999999999814e-03
8.482790000000000469e-03
8.236469999999999209e-03
8.260069999999999565e-03
8.322680000000000702e-03
8.247880000000000836e-03
8.359830000000000386e-03
8.155759999999999746e-03
8.407649999999999152e-03
8.603639999999999205e-03
8.694600000000000245e-03
8.764700000000000268e-03
8.510010000000000144e-03
8.374849999999999656e-03
8.190180000000000030e-03
8.510860000000000300e-03
8.853520000000000140e-03
8.526660000000000142e-03
8.208520000000000399e-03
8.377690000000000137e-03
8.154569999999999874e-03
8.412489999999999898e-03
8.354179999999999245e-03
8.258929999999999397e-03
8.360809999999999770e-03
8.272869999999999877e-03
8.506549999999999875e-03
8.772129999999999511e-03
8.594769999999999840e-03
8.718119999999999342e-03
8.933359999999999565e-03
8.823650000000000590e-03
8.459599999999999412e-03
9.158639999999999143e-03
9.117810000000000498e-03
9.086399999999999685e-03
8.878209999999999227e-03
9.205780000000000213e-03
9.354879999999999446e-03
9.369090000000000057e-03
8.705690000000000303e-03
8.541339999999999696e-03
8.712779999999999830e-03
9.173960000000000101e-03
1.068248999999999935e-02
1.286901000000000017e-02
1.416220999999999973e-02
7.473399999999999835e-03
