7.307959999999999630e-03
8.796879999999999977e-03
8.347020000000000134e-03
8.541059999999999625e-03
8.568920000000000703e-03
8.640580000000000135e-03
8.225019999999999554e-03
8.272609999999999686e-03
8.106820000000000692e-03
8.946169999999999817e-03
8.886909999999999601e-03
9.023869999999999808e-03
8.633800000000000502e-03
8.432099999999999665e-03
8.448000000000000648e-03
8.734409999999999744e-03
8.837960000000000607e-03
8.497009999999999286e-03
8.525339999999999308e-03
8.443110000000000198e-03
8.652730000000000837e-03
9.507009999999999766e-03
9.897120000000000570e-03
8.949759999999999313e-03
8.451399999999999538e-03
8.620159999999999975e-03
9.005720000000000044e-03
8.842330000000000675e-03
9.209200000000000719e-03
8.695380000000000817e-03
8.281409999999999466e-03
8.393700000000000466e-03
9.186720000000000649e-03
8.798490000000000824e-03
8.651700000000000015e-03
8.452279999999999516e-03
9.064209999999999628e-03
1.008982999999999929e-02
9.747940000000000077e-03
8.950100000000000763e-03
8.528390000000000276e-03
8.412519999999999720e-03
8.822309999999999874e-03
9.141820000000000154e-03
9.632689999999999308e-03
9.672969999999999485e-03
9.967530000000000487e-03
1.003156000000000013e-02
9.791289999999999369e-03
1.052722000000000033e-02
1.025433000000000074e-02
1.015099000000000036e-02
8.802219999999999489e-03
8.994880000000000236e-03
1.034272999999999963e-02
1.185159000000000039e-02
1.484643000000000074e-02
1.694383000000000000e-02
1.901227000000000125e-02
2.012910000000000046e-02
2.007770999999999861e-02
2.077284000000000075e-02
1.871675999999999895e-02
7.581540000000000327e-03
