7.348419999999999605e-03
8.214310000000000708e-03
8.543330000000000021e-03
8.448179999999999579e-03
8.518329999999999305e-03
8.601889999999999190e-03
8.587730000000000016e-03
8.654649999999999843e-03
8.534430000000000835e-03
8.568759999999999918e-03
9.010580000000000672e-03
8.316129999999999703e-03
8.379779999999999868e-03
8.510270000000000334e-03
8.615489999999999954e-03
8.523879999999999305e-03
9.046230000000000590e-03
8.669549999999999826e-03
8.529300000000000076e-03
8.485259999999999678e-03
8.639070000000000429e-03
8.563279999999999503e-03
8.436350000000000446e-03
8.322289999999999549e-03
8.489979999999999402e-03
8.758909999999999960e-03
8.400740000000000290e-03
8.876469999999999153e-03
8.564070000000000016e-03
8.294849999999999446e-03
8.385890000000000011e-03
8.397830000000000225e-03
8.811680000000000554e-03
8.514340000000000450e-03
8.413330000000000114e-03
8.343879999999999700e-03
8.277380000000000848e-03
8.394040000000000182e-03
8.639189999999999717e-03
8.325529999999999389e-03
8.611680000000000029e-03
8.659679999999999461e-03
8.554920000000000579e-03
9.018579999999999999e-03
8.747879999999999545e-03
8.656070000000000084e-03
8.794190000000000340e-03
9.109509999999999483e-03
8.811829999999999663e-03
9.326009999999999162e-03
9.376960000000000156e-03
8.977930000000000285e-03
9.266329999999999706e-03
9.428060000000000260e-03
9.141009999999999761e-03
9.146730000000000485e-03
8.887469999999999745e-03
8.680220000000000644e-03
8.713149999999999368e-03
9.001109999999999667e-03
1.031657000000000060e-02
1.213263000000000015e-02
1.230967999999999993e-02
7.468029999999999634e-03
