7.519900000000000369e-03
8.384910000000000627e-03
8.163329999999999892e-03
8.263839999999999728e-03
8.397800000000000403e-03
8.433470000000000202e-03
8.229449999999999266e-03
8.281169999999999157e-03
8.124040000000000775e-03
8.370380000000000181e-03
8.490680000000000449e-03
8.314449999999999272e-03
8.439290000000000333e-03
8.599010000000000681e-03
8.412970000000000517e-03
8.354240000000000624e-03
8.462680000000000202e-03
8.291530000000000081e-03
8.626619999999999774e-03
8.551809999999999967e-03
8.577740000000000364e-03
8.331329999999999639e-03
8.389689999999999995e-03
8.254090000000000385e-03
8.292159999999999809e-03
8.819139999999999618e-03
8.576910000000000089e-03
8.356350000000000236e-03
8.664550000000000030e-03
8.291740000000000568e-03
8.384350000000000483e-03
8.132040000000000102e-03
8.702279999999999738e-03
8.273459999999999842e-03
8.129219999999999502e-03
8.582769999999999982e-03
8.369319999999999538e-03
8.345460000000000725e-03
8.503480000000000760e-03
8.340530000000000513e-03
8.613289999999999141e-03
8.490660000000000568e-03
8.476479999999999779e-03
8.422570000000000751e-03
8.624069999999999306e-03
8.807550000000000795e-03
9.081670000000000020e-03
9.244620000000000268e-03
8.386990000000000417e-03
8.978299999999999823e-03
9.354100000000000609e-03
8.992770000000000624e-03
9.155599999999999850e-03
9.020659999999999790e-03
8.612190000000000470e-03
8.795789999999999512e-03
8.617230000000000029e-03
9.272860000000000824e-03
1.015246000000000030e-02
1.075488999999999959e-02
1.260743999999999927e-02
1.468361999999999966e-02
1.324182999999999957e-02
7.287019999999999956e-03
