7.141259999999999969e-03
8.909610000000000099e-03
1.019955999999999988e-02
1.036298000000000080e-02
1.049714000000000029e-02
1.162193000000000080e-02
1.093597999999999966e-02
1.247417999999999964e-02
1.398812999999999966e-02
1.375674999999999988e-02
1.406172999999999972e-02
9.618629999999999541e-03
8.952109999999999235e-03
1.197668999999999991e-02
1.716809999999999864e-02
2.534087999999999966e-02
3.259139999999999954e-02
3.197788000000000019e-02
3.319667999999999924e-02
3.090568999999999955e-02
2.682125000000000134e-02
1.949282000000000098e-02
1.286552000000000008e-02
1.067841999999999923e-02
8.632410000000000083e-03
9.016879999999999687e-03
9.585049999999999473e-03
1.048572000000000046e-02
1.061998999999999929e-02
1.447800999999999949e-02
1.700103999999999851e-02
1.374529000000000029e-02
1.276504000000000007e-02
1.044133000000000040e-02
1.009022000000000044e-02
9.973020000000000843e-03
9.167200000000000348e-03
8.989560000000000606e-03
9.058599999999999985e-03
9.426040000000000113e-03
9.219639999999999433e-03
9.231829999999999897e-03
8.697329999999999645e-03
8.523070000000000646e-03
8.528060000000000501e-03
9.095449999999999716e-03
9.054009999999999489e-03
8.975230000000000707e-03
8.485730000000000356e-03
9.298839999999999190e-03
1.034138000000000071e-02
1.001681999999999920e-02
1.000685999999999937e-02
9.134210000000000246e-03
8.487079999999999277e-03
8.608609999999999179e-03
9.007579999999999407e-03
9.428340000000000332e-03
9.974840000000000442e-03
8.885560000000000680e-03
8.384179999999999758e-03
8.718290000000000067e-03
8.373500000000000734e-03
7.686260000000000314e-03
