8.110970000000000332e-03
9.740930000000000075e-03
9.581189999999999846e-03
8.914290000000000061e-03
8.338129999999999153e-03
8.546810000000000171e-03
8.731010000000000854e-03
8.880419999999999980e-03
8.865229999999999985e-03
9.125430000000000347e-03
9.393630000000000035e-03
8.459100000000000646e-03
8.409689999999999180e-03
8.528559999999999267e-03
9.385219999999999674e-03
9.592460000000000570e-03
9.707989999999999675e-03
8.492569999999999633e-03
8.465500000000000802e-03
8.863009999999999292e-03
9.329580000000000511e-03
8.619430000000000841e-03
8.549350000000000699e-03
9.805110000000000561e-03
1.013819000000000005e-02
1.083562000000000067e-02
1.045634999999999967e-02
8.532740000000000463e-03
8.514290000000000747e-03
8.759489999999999985e-03
9.408879999999999674e-03
1.025402000000000084e-02
1.157121000000000018e-02
1.092039000000000031e-02
1.140165999999999923e-02
1.285478999999999962e-02
1.187915999999999972e-02
1.115709999999999966e-02
9.521430000000000865e-03
9.537630000000000066e-03
1.302382000000000019e-02
2.018375000000000030e-02
2.775605000000000086e-02
3.127967999999999721e-02
3.287879999999999969e-02
3.103194999999999912e-02
2.650693000000000146e-02
2.404169000000000098e-02
2.038262999999999880e-02
1.170131999999999943e-02
9.476649999999999657e-03
9.263640000000000069e-03
8.399810000000000609e-03
9.251900000000000401e-03
1.230676999999999986e-02
1.452802000000000086e-02
1.321268999999999916e-02
1.302488000000000083e-02
1.385226999999999986e-02
1.505450000000000017e-02
1.339521999999999935e-02
1.083696999999999959e-02
8.926019999999999788e-03
7.592439999999999779e-03
