7.311480000000000409e-03
8.857109999999999636e-03
8.693809999999999732e-03
9.217970000000000677e-03
1.056507999999999926e-02
1.086510000000000080e-02
9.523850000000000371e-03
1.041674000000000072e-02
1.246824000000000023e-02
1.555061999999999937e-02
1.609468000000000010e-02
1.444409999999999965e-02
9.983399999999999913e-03
8.409150000000000652e-03
9.294830000000000453e-03
1.481787000000000035e-02
2.180284999999999862e-02
2.501350999999999922e-02
3.428468999999999961e-02
4.006201000000000206e-02
4.009034999999999682e-02
3.373779999999999835e-02
2.472887000000000002e-02
1.763407999999999989e-02
1.056216999999999920e-02
8.848689999999999334e-03
8.413149999999999448e-03
8.602649999999999880e-03
1.009455000000000074e-02
1.292541999999999996e-02
1.361686999999999967e-02
1.389175999999999953e-02
1.733588000000000143e-02
1.486391999999999922e-02
1.485390999999999968e-02
9.648580000000000351e-03
8.707660000000000747e-03
9.141969999999999263e-03
9.541439999999999991e-03
9.779390000000000652e-03
9.284000000000000585e-03
9.445109999999999617e-03
9.683419999999999875e-03
9.070530000000000259e-03
8.654729999999999368e-03
8.757189999999999766e-03
8.864820000000000685e-03
8.858879999999999533e-03
8.465939999999999924e-03
8.545940000000000134e-03
9.441009999999999680e-03
9.976779999999999329e-03
1.007907000000000074e-02
9.949919999999999251e-03
9.004879999999999829e-03
8.745609999999999148e-03
8.344120000000000009e-03
8.654870000000000271e-03
9.203720000000000304e-03
8.923109999999999722e-03
9.346190000000000747e-03
9.869179999999999967e-03
8.874490000000000503e-03
7.566029999999999631e-03
