1.080084000000000079e-02
1.779094999999999982e-02
1.731985999999999942e-02
1.623101000000000058e-02
1.389576000000000006e-02
1.310526000000000052e-02
1.180802000000000067e-02
9.476659999999999598e-03
8.471450000000000161e-03
8.558059999999999279e-03
8.588639999999999816e-03
8.589029999999999235e-03
8.777069999999999664e-03
9.479980000000000698e-03
1.066641999999999937e-02
1.106793000000000013e-02
1.037713999999999998e-02
1.069484000000000060e-02
9.988949999999999912e-03
8.997299999999999742e-03
8.667160000000000142e-03
8.554110000000000186e-03
8.542869999999999284e-03
8.466249999999999817e-03
8.749649999999999442e-03
8.888119999999999354e-03
8.573350000000000415e-03
8.727719999999999576e-03
8.381559999999999705e-03
8.580900000000000680e-03
8.286959999999999466e-03
8.405219999999999705e-03
8.749450000000000630e-03
8.479459999999999428e-03
8.306320000000000717e-03
8.455990000000000034e-03
8.500970000000000054e-03
8.741159999999999555e-03
8.577150000000000399e-03
8.272919999999999580e-03
8.263460000000000250e-03
8.591200000000000225e-03
8.922509999999999816e-03
8.918280000000000651e-03
8.982689999999999772e-03
8.655940000000000856e-03
8.457869999999999278e-03
8.542859999999999343e-03
8.509070000000000522e-03
8.400480000000000100e-03
8.370509999999999409e-03
8.485619999999999274e-03
8.064649999999999597e-03
8.612579999999999888e-03
8.597570000000000559e-03
8.656129999999999727e-03
8.634499999999999814e-03
8.442520000000000233e-03
8.456230000000000344e-03
8.492410000000000583e-03
8.637580000000000605e-03
8.661059999999999939e-03
8.314369999999999747e-03
7.532360000000000097e-03
