7.983099999999999918e-03
9.542719999999999328e-03
8.379759999999999986e-03
9.375490000000000212e-03
1.206637999999999981e-02
1.562322000000000016e-02
2.037134000000000167e-02
2.322677000000000075e-02
2.506494999999999904e-02
2.723967000000000055e-02
2.596073999999999951e-02
2.086330000000000129e-02
1.795708999999999847e-02
1.563557999999999962e-02
1.055675000000000016e-02
8.988629999999999190e-03
9.195959999999999551e-03
8.350069999999999368e-03
8.644479999999999525e-03
8.983110000000000747e-03
9.738069999999999712e-03
1.111873000000000028e-02
1.149371000000000073e-02
1.035170000000000014e-02
1.134890000000000031e-02
1.026728000000000016e-02
9.941790000000000696e-03
8.752930000000000779e-03
8.836109999999999451e-03
8.699969999999999579e-03
8.617349999999999316e-03
8.749349999999999489e-03
8.559249999999999151e-03
8.628959999999999755e-03
8.729080000000000172e-03
8.439749999999999336e-03
8.554060000000000483e-03
9.216870000000000271e-03
9.111730000000000176e-03
8.239780000000000368e-03
8.114379999999999163e-03
8.293830000000000299e-03
9.220819999999999364e-03
9.076219999999999427e-03
8.935079999999999759e-03
8.462900000000000630e-03
8.577229999999999924e-03
8.528459999999999860e-03
8.753540000000000626e-03
9.354110000000000549e-03
9.073309999999999362e-03
8.718979999999999439e-03
8.272949999999999401e-03
8.473549999999999832e-03
8.882750000000000021e-03
9.502210000000000517e-03
9.205259999999999831e-03
8.297499999999999321e-03
8.194699999999999207e-03
8.352679999999999480e-03
8.276949999999999932e-03
8.765860000000000318e-03
8.925980000000000025e-03
7.339810000000000431e-03
