8.507940000000000294e-03
1.515618999999999994e-02
1.737866000000000063e-02
1.902451999999999963e-02
1.877948999999999938e-02
1.828549999999999967e-02
1.737371000000000054e-02
1.383747999999999923e-02
1.127163999999999944e-02
1.013124999999999963e-02
9.447330000000000311e-03
8.625539999999999249e-03
8.597900000000000334e-03
8.730119999999999200e-03
8.836129999999999332e-03
9.262470000000000078e-03
9.489360000000000503e-03
1.064521000000000044e-02
9.892849999999999908e-03
9.531760000000000232e-03
9.005970000000000295e-03
8.849020000000000843e-03
8.352540000000000311e-03
8.167680000000000079e-03
8.210469999999999227e-03
8.643079999999999166e-03
8.463059999999999680e-03
8.396630000000000413e-03
8.620400000000000285e-03
8.615889999999999313e-03
8.303519999999999998e-03
8.393289999999999432e-03
8.511170000000000194e-03
8.172419999999999685e-03
8.261690000000000353e-03
8.297930000000000236e-03
8.094519999999999146e-03
8.611979999999999982e-03
8.637749999999999595e-03
8.461299999999999724e-03
8.147329999999999503e-03
8.244939999999999214e-03
8.506859999999999769e-03
8.694479999999999223e-03
8.871189999999999284e-03
8.471750000000000114e-03
8.366580000000000197e-03
8.403020000000000628e-03
8.321820000000000606e-03
8.143479999999999816e-03
8.430150000000000837e-03
8.481360000000000288e-03
8.212910000000000349e-03
8.299410000000000120e-03
8.366949999999999735e-03
8.447239999999999957e-03
8.450420000000000154e-03
8.600659999999999555e-03
8.515339999999999715e-03
8.363249999999999157e-03
8.276300000000000323e-03
8.404689999999999384e-03
8.041579999999999562e-03
7.239859999999999872e-03
