7.273710000000000071e-03
9.647019999999999207e-03
8.592950000000000241e-03
9.440820000000000808e-03
1.176333000000000066e-02
1.465478999999999914e-02
2.042172999999999905e-02
2.482380000000000003e-02
2.677946999999999966e-02
2.893756999999999927e-02
3.170194999999999957e-02
2.532741999999999979e-02
2.217111000000000082e-02
1.650779000000000135e-02
1.077752000000000050e-02
9.827789999999999443e-03
9.561069999999999638e-03
8.529319999999999957e-03
8.830599999999999214e-03
9.585049999999999473e-03
1.059220999999999947e-02
1.158778000000000065e-02
1.178920999999999962e-02
1.192908999999999983e-02
1.256263999999999992e-02
1.150564999999999921e-02
1.042092000000000018e-02
8.936529999999999821e-03
9.084909999999999861e-03
8.864640000000000020e-03
8.648990000000000497e-03
8.930030000000000259e-03
8.831620000000000095e-03
8.646380000000000385e-03
8.778189999999999951e-03
8.348700000000000565e-03
8.833030000000000395e-03
9.285969999999999294e-03
9.385150000000000090e-03
8.279339999999999616e-03
8.211790000000000062e-03
8.610649999999999207e-03
9.297100000000000850e-03
9.146079999999999141e-03
8.678289999999999962e-03
8.410410000000000108e-03
8.367430000000000354e-03
8.430949999999999556e-03
8.890149999999999442e-03
9.722810000000000133e-03
9.148540000000000144e-03
8.805379999999999804e-03
8.181380000000000249e-03
8.637370000000000117e-03
9.151629999999999140e-03
9.953240000000000351e-03
9.409070000000000281e-03
8.302689999999999723e-03
8.306569999999999232e-03
8.463510000000000477e-03
8.615750000000000144e-03
9.112349999999999964e-03
8.993370000000000530e-03
7.469420000000000052e-03
