7.250119999999999655e-03
8.470240000000000408e-03
8.352719999999999242e-03
8.518509999999999971e-03
8.665330000000000601e-03
8.511789999999999981e-03
8.226179999999999604e-03
8.035379999999999953e-03
8.392200000000000701e-03
8.776559999999999223e-03
8.796019999999999880e-03
8.846770000000000328e-03
8.542259999999999437e-03
8.451699999999999491e-03
8.626520000000000368e-03
8.650649999999999312e-03
8.642600000000000282e-03
8.254680000000000351e-03
8.203860000000000319e-03
8.299849999999999242e-03
8.594360000000000541e-03
9.272499999999999493e-03
9.229279999999999429e-03
8.472210000000000851e-03
8.493739999999999624e-03
8.456389999999999393e-03
8.589229999999999782e-03
8.945410000000000861e-03
9.090839999999999338e-03
8.448300000000000601e-03
8.457239999999999550e-03
8.578560000000000699e-03
8.695760000000000295e-03
8.562860000000000263e-03
8.436040000000000552e-03
8.519360000000000127e-03
8.923040000000000138e-03
9.349140000000000575e-03
9.173749999999999613e-03
8.886190000000000408e-03
8.194810000000000288e-03
8.245070000000000177e-03
8.838850000000000526e-03
9.163330000000000780e-03
9.516840000000000369e-03
9.613339999999999733e-03
9.392899999999999167e-03
9.883730000000000293e-03
9.241090000000000415e-03
9.941320000000000018e-03
9.405280000000000237e-03
9.750989999999999311e-03
8.539859999999999812e-03
9.039379999999999638e-03
1.025849000000000032e-02
1.054803999999999985e-02
1.292578999999999950e-02
1.464444999999999983e-02
1.647811999999999888e-02
1.624495999999999926e-02
1.682076999999999878e-02
1.639455999999999899e-02
1.273596999999999924e-02
7.287469999999999885e-03
