6.933820000000000261e-03
9.209629999999999900e-03
9.376219999999999347e-03
9.376459999999999656e-03
1.004208000000000010e-02
1.124157999999999928e-02
1.227230999999999982e-02
1.208131999999999956e-02
1.130280999999999994e-02
9.768090000000000106e-03
8.545409999999999812e-03
8.354659999999999864e-03
8.874520000000000325e-03
9.762720000000000772e-03
1.248336000000000064e-02
1.247089000000000010e-02
1.211683000000000031e-02
1.117826000000000063e-02
1.306670000000000054e-02
1.514930999999999917e-02
1.283955999999999986e-02
9.234519999999999534e-03
1.034961000000000041e-02
1.289023000000000078e-02
1.995881000000000044e-02
3.490908000000000205e-02
4.153441000000000077e-02
4.518797000000000091e-02
4.079461000000000198e-02
2.837603000000000000e-02
2.191498999999999878e-02
1.593572000000000044e-02
1.389105000000000027e-02
9.418019999999999170e-03
8.687820000000000611e-03
9.696450000000000555e-03
9.093769999999999284e-03
1.522251999999999980e-02
1.640780999999999837e-02
1.510101999999999972e-02
1.479795000000000069e-02
1.283196999999999983e-02
1.136302999999999966e-02
9.524569999999999564e-03
8.818420000000000425e-03
8.994709999999999511e-03
8.871240000000000722e-03
9.777209999999999721e-03
9.163189999999999877e-03
9.950640000000000179e-03
9.266780000000000503e-03
8.838699999999999682e-03
8.800550000000000733e-03
9.496289999999999246e-03
9.299480000000000593e-03
9.237959999999999922e-03
8.645419999999999147e-03
8.466450000000000364e-03
8.374529999999999821e-03
8.622960000000000694e-03
8.641160000000000160e-03
9.475799999999999501e-03
9.340050000000000782e-03
7.567479999999999693e-03
