7.200729999999999804e-03
8.387600000000000264e-03
8.156790000000000568e-03
8.129580000000000833e-03
8.281989999999999491e-03
8.583550000000000554e-03
9.151519999999999794e-03
8.928000000000000172e-03
9.164429999999999452e-03
8.617120000000000682e-03
8.223859999999999504e-03
8.262169999999999237e-03
8.533179999999999585e-03
8.844599999999999337e-03
8.747539999999999830e-03
8.714919999999999264e-03
8.481610000000000538e-03
8.439469999999999264e-03
8.439639999999999989e-03
9.091000000000000122e-03
8.803200000000000608e-03
8.559139999999999804e-03
8.856589999999999255e-03
9.049099999999999158e-03
8.419299999999999354e-03
9.489340000000000622e-03
8.953769999999999785e-03
8.730029999999999735e-03
8.468710000000000820e-03
8.398269999999999347e-03
8.380310000000000190e-03
8.650319999999999537e-03
8.561980000000000285e-03
8.925390000000000060e-03
9.700099999999999695e-03
9.584389999999999923e-03
8.570490000000000053e-03
8.689290000000000555e-03
8.886639999999999470e-03
9.109759999999999733e-03
8.915599999999999220e-03
8.941980000000000414e-03
9.506020000000000442e-03
9.713309999999999306e-03
1.042733000000000028e-02
1.012064000000000019e-02
1.047282000000000074e-02
1.103259000000000010e-02
9.281640000000000723e-03
9.051609999999999864e-03
1.019600000000000020e-02
1.088818000000000077e-02
1.372044000000000041e-02
1.653073999999999863e-02
2.334255000000000010e-02
2.301092000000000068e-02
2.272907999999999873e-02
2.177147000000000110e-02
2.046941000000000038e-02
1.708138000000000017e-02
1.360985999999999967e-02
1.115401000000000066e-02
8.806519999999999973e-03
7.563560000000000422e-03
