7.952739999999999809e-03
9.545299999999999618e-03
1.090667000000000025e-02
1.056222000000000064e-02
1.180102000000000061e-02
1.423803000000000048e-02
1.262857000000000042e-02
1.087990999999999958e-02
9.981719999999999482e-03
8.365579999999999197e-03
8.621049999999999894e-03
1.133726999999999999e-02
1.694850999999999996e-02
2.297998999999999875e-02
2.584764999999999979e-02
3.160442000000000112e-02
3.266535000000000272e-02
2.605098999999999956e-02
2.269213000000000133e-02
1.399941000000000033e-02
1.170702000000000027e-02
9.451100000000000473e-03
8.604250000000000786e-03
8.786320000000000241e-03
9.661879999999999427e-03
1.050986999999999928e-02
1.209046000000000079e-02
1.404977999999999956e-02
1.319495000000000043e-02
1.296454000000000009e-02
1.329746000000000053e-02
9.928730000000000194e-03
9.541289999999999147e-03
9.738290000000000141e-03
9.266709999999999184e-03
1.010287999999999985e-02
9.845519999999999966e-03
8.574190000000000630e-03
8.827279999999999849e-03
8.573340000000000474e-03
8.876200000000000756e-03
8.439810000000000714e-03
8.535030000000000741e-03
8.733390000000000597e-03
8.413059999999999983e-03
8.288419999999999468e-03
8.433579999999999549e-03
9.243589999999999446e-03
9.511060000000000000e-03
9.692269999999999358e-03
9.478429999999999495e-03
8.461009999999999712e-03
8.335659999999999945e-03
8.677020000000000566e-03
9.203509999999999816e-03
8.966999999999999277e-03
9.390290000000000789e-03
8.669579999999999648e-03
8.313030000000000766e-03
8.822450000000000778e-03
9.004130000000000814e-03
8.820949999999999278e-03
8.940009999999999971e-03
7.387630000000000065e-03
