7.288450000000000137e-03
8.321469999999999215e-03
8.441080000000000111e-03
8.319150000000000850e-03
8.621280000000000263e-03
8.812149999999999497e-03
9.059450000000000142e-03
8.852439999999999615e-03
8.502110000000000223e-03
8.242899999999999186e-03
8.437699999999999367e-03
8.578169999999999545e-03
8.520959999999999299e-03
8.629019999999999399e-03
8.509740000000000013e-03
8.596639999999999143e-03
8.609109999999999679e-03
8.735400000000000803e-03
8.809980000000000241e-03
8.991120000000000015e-03
8.642300000000000329e-03
8.483229999999999590e-03
8.795469999999999677e-03
8.963699999999999793e-03
8.475510000000000335e-03
8.956159999999999469e-03
8.664669999999999317e-03
9.264750000000000416e-03
9.274499999999999758e-03
8.514670000000000225e-03
8.438589999999999286e-03
8.634009999999999255e-03
8.781399999999999970e-03
9.327039999999999983e-03
9.549169999999999187e-03
8.910029999999999339e-03
8.637199999999999392e-03
9.407050000000000134e-03
9.912320000000000506e-03
9.444829999999999545e-03
8.789180000000000603e-03
8.812719999999999582e-03
9.585849999999999926e-03
1.070317999999999964e-02
1.038231000000000050e-02
9.598129999999999856e-03
9.231569999999999707e-03
9.109479999999999661e-03
9.378920000000000659e-03
1.246912000000000020e-02
1.730761000000000105e-02
1.777422999999999850e-02
2.265495000000000009e-02
2.472509999999999986e-02
3.005015000000000117e-02
2.172715000000000063e-02
1.997849999999999973e-02
1.678941000000000114e-02
1.451154999999999980e-02
1.162388999999999957e-02
9.996410000000000712e-03
8.840529999999999222e-03
8.260109999999999328e-03
7.580400000000000159e-03
