7.660479999999999894e-03
8.491630000000000011e-03
8.570229999999999862e-03
8.346370000000000525e-03
8.437629999999999783e-03
9.109340000000000492e-03
9.463769999999999821e-03
9.269299999999999415e-03
9.391250000000000292e-03
8.526529999999999179e-03
8.258909999999999516e-03
8.386740000000000167e-03
8.679759999999999906e-03
9.043100000000000097e-03
8.802809999999999455e-03
8.893319999999999698e-03
8.619760000000000616e-03
8.456160000000000759e-03
8.916129999999999542e-03
9.339409999999999379e-03
8.864399999999999710e-03
8.636319999999999414e-03
8.735839999999999925e-03
8.905559999999999865e-03
8.991940000000000349e-03
9.434289999999999690e-03
8.614460000000000867e-03
8.831020000000000189e-03
8.770689999999999389e-03
8.443080000000000376e-03
8.616409999999999694e-03
8.667120000000000379e-03
8.766440000000000343e-03
9.163489999999999830e-03
9.869509999999999741e-03
9.528260000000000202e-03
8.549340000000000758e-03
8.664720000000000755e-03
8.978569999999999954e-03
9.300710000000000227e-03
8.834859999999999935e-03
8.908390000000000405e-03
9.436369999999999481e-03
1.005728000000000004e-02
1.109750999999999967e-02
1.091969999999999920e-02
1.125791999999999939e-02
1.141948999999999916e-02
9.267430000000000112e-03
1.012167999999999922e-02
1.167696000000000012e-02
1.121038000000000069e-02
1.732355999999999827e-02
2.006012999999999893e-02
2.736345999999999917e-02
2.468006000000000019e-02
2.460537000000000141e-02
2.373170999999999961e-02
2.180508000000000099e-02
1.911165000000000086e-02
1.371717000000000075e-02
1.180974000000000086e-02
9.568290000000000128e-03
7.678909999999999729e-03
