7.639380000000000302e-03
1.010761999999999945e-02
1.223027999999999962e-02
1.535679000000000037e-02
1.691507000000000080e-02
1.886074000000000084e-02
1.852670000000000011e-02
1.709930999999999951e-02
1.512386999999999933e-02
1.424057999999999921e-02
1.437947000000000010e-02
1.069937999999999965e-02
1.014185000000000086e-02
8.792680000000000634e-03
8.854080000000000283e-03
8.603519999999999918e-03
8.822820000000000315e-03
9.642219999999999958e-03
9.953359999999999638e-03
1.011918000000000019e-02
1.123357000000000001e-02
1.160713000000000023e-02
1.035942999999999933e-02
8.936029999999999321e-03
8.742089999999999236e-03
8.768400000000000846e-03
8.701310000000000294e-03
8.888649999999999676e-03
9.150389999999999566e-03
9.030550000000000035e-03
8.367970000000000616e-03
8.373480000000000853e-03
8.550340000000000024e-03
8.269659999999999858e-03
8.422910000000000466e-03
8.577009999999999496e-03
8.542459999999999984e-03
8.607099999999999473e-03
8.660489999999999855e-03
8.704299999999999884e-03
8.436030000000000612e-03
8.665910000000000626e-03
8.526340000000000308e-03
8.575680000000000455e-03
8.494309999999999708e-03
8.818460000000000187e-03
8.790100000000000344e-03
8.640890000000000029e-03
8.539410000000000750e-03
8.390130000000000851e-03
8.450430000000000094e-03
8.389819999999999223e-03
8.410030000000000630e-03
8.911799999999999236e-03
8.877420000000000450e-03
8.567810000000000356e-03
8.559010000000000576e-03
8.854040000000000521e-03
8.677149999999999794e-03
8.586460000000000620e-03
8.808240000000000167e-03
8.280650000000000510e-03
8.391169999999999879e-03
7.405379999999999602e-03
