7.517440000000000233e-03
1.218326999999999952e-02
1.279827000000000048e-02
1.041334000000000010e-02
1.002674999999999920e-02
9.500319999999999598e-03
9.377679999999999350e-03
1.177964999999999915e-02
1.532579000000000059e-02
2.292498000000000105e-02
2.612980999999999984e-02
2.918882999999999894e-02
3.233826000000000062e-02
3.260347999999999719e-02
2.356636000000000147e-02
2.100308999999999857e-02
1.805609000000000033e-02
1.240302000000000071e-02
9.855920000000000653e-03
8.482359999999999553e-03
8.842789999999999678e-03
8.975429999999999520e-03
9.578390000000000862e-03
9.963369999999999171e-03
1.343450000000000026e-02
1.470401999999999994e-02
1.323909000000000023e-02
1.080632999999999941e-02
9.419800000000000742e-03
8.780059999999999254e-03
9.090370000000000394e-03
9.069179999999999603e-03
9.516149999999999262e-03
9.984879999999999797e-03
9.898109999999999895e-03
9.906049999999999578e-03
9.147509999999999322e-03
8.934980000000000352e-03
9.125249999999999681e-03
9.101400000000000809e-03
8.614129999999999357e-03
8.791419999999999443e-03
8.588349999999999804e-03
8.714529999999999846e-03
8.741729999999999640e-03
9.304069999999999355e-03
9.227430000000000007e-03
9.213390000000000121e-03
8.961169999999999206e-03
8.706759999999999153e-03
9.227720000000000020e-03
9.812120000000000564e-03
9.666930000000000661e-03
9.320399999999999519e-03
8.801820000000000130e-03
8.546079999999999302e-03
8.489329999999999793e-03
8.824949999999999808e-03
9.353959999999999705e-03
8.953199999999999700e-03
8.996530000000000846e-03
9.195820000000000383e-03
8.413109999999999686e-03
7.788559999999999928e-03
