7.843690000000000384e-03
1.002785999999999955e-02
1.172406999999999963e-02
1.159773000000000054e-02
1.177554999999999921e-02
1.393716000000000052e-02
1.372929999999999984e-02
1.425863999999999951e-02
1.431703999999999963e-02
1.280092000000000035e-02
1.250088000000000067e-02
9.150149999999999256e-03
1.125926000000000010e-02
1.688593999999999859e-02
2.409501000000000004e-02
3.503401999999999905e-02
3.950432000000000249e-02
3.760427000000000214e-02
3.429643000000000275e-02
3.032887000000000083e-02
2.372424999999999881e-02
1.561592000000000015e-02
1.155060999999999935e-02
9.502689999999999401e-03
9.150570000000000231e-03
9.432930000000000828e-03
1.096747999999999994e-02
1.181134000000000003e-02
1.323655999999999965e-02
1.682076000000000057e-02
1.649996999999999922e-02
1.325741000000000072e-02
1.219055999999999959e-02
9.674099999999999713e-03
1.043316000000000035e-02
1.051672000000000023e-02
1.005641000000000000e-02
9.318369999999999431e-03
9.177640000000000797e-03
9.865159999999999554e-03
9.782199999999999576e-03
9.215489999999999793e-03
8.546820000000000112e-03
8.853790000000000271e-03
8.438650000000000664e-03
8.965439999999999868e-03
9.033229999999999732e-03
9.082619999999999583e-03
8.928049999999999875e-03
9.439839999999999690e-03
1.092667999999999938e-02
1.027281000000000027e-02
9.427430000000000532e-03
8.731469999999999856e-03
8.683490000000000306e-03
8.794820000000000068e-03
9.372319999999999957e-03
9.654450000000000184e-03
1.013624999999999943e-02
9.098969999999999628e-03
8.494569999999999899e-03
8.756399999999999254e-03
8.449869999999999950e-03
7.789319999999999751e-03
