7.172350000000000080e-03
8.494269999999999946e-03
8.215659999999999630e-03
8.564949999999999994e-03
8.352639999999999718e-03
8.388470000000000301e-03
8.110040000000000651e-03
8.117569999999999300e-03
8.247310000000000751e-03
8.534879999999999897e-03
8.638750000000000595e-03
8.804120000000000348e-03
8.686320000000000846e-03
8.553319999999999673e-03
8.268640000000000712e-03
8.815289999999999931e-03
8.547870000000000815e-03
8.478480000000000044e-03
8.462559999999999180e-03
8.288419999999999468e-03
8.731449999999999975e-03
9.169480000000000686e-03
9.464010000000000131e-03
8.535539999999999447e-03
8.466500000000000067e-03
8.456299999999999928e-03
8.749200000000000380e-03
8.673909999999999954e-03
9.118730000000000238e-03
8.848039999999999725e-03
8.255709999999999438e-03
8.566400000000000056e-03
8.865160000000000401e-03
8.470500000000000598e-03
8.520009999999999736e-03
8.388170000000000348e-03
8.398930000000000631e-03
9.721840000000000689e-03
9.779809999999999892e-03
9.000930000000000736e-03
8.477560000000000304e-03
8.287710000000000216e-03
8.553299999999999792e-03
9.189569999999999336e-03
9.391119999999999329e-03
9.566430000000000766e-03
9.878929999999999309e-03
9.989919999999999356e-03
9.311019999999999713e-03
1.007158000000000012e-02
9.672939999999999663e-03
9.931930000000000272e-03
8.564079999999999956e-03
9.217990000000000558e-03
1.041516999999999964e-02
1.231263999999999970e-02
1.523184999999999990e-02
1.693566999999999989e-02
1.884407000000000096e-02
1.979708000000000162e-02
1.919465999999999881e-02
1.932236000000000023e-02
1.515985000000000076e-02
7.541439999999999949e-03
