7.501210000000000343e-03
8.351090000000000249e-03
8.584299999999999570e-03
8.372090000000000434e-03
8.379269999999999427e-03
8.736080000000000234e-03
9.088320000000000426e-03
8.923810000000000769e-03
8.884919999999999277e-03
8.400859999999999578e-03
8.418989999999999460e-03
8.246190000000000464e-03
8.587960000000000385e-03
8.798939999999999886e-03
8.665010000000000767e-03
8.731219999999999606e-03
8.558490000000000195e-03
8.584569999999999701e-03
8.754349999999999285e-03
9.313890000000000016e-03
8.911070000000000102e-03
8.745940000000000658e-03
8.702100000000000807e-03
9.249419999999999517e-03
8.697909999999999670e-03
9.405260000000000356e-03
8.671450000000000685e-03
8.836999999999999370e-03
8.812719999999999582e-03
8.484929999999999903e-03
8.359840000000000326e-03
8.377350000000000421e-03
8.570670000000000718e-03
9.114900000000000432e-03
9.647499999999999826e-03
9.910940000000000027e-03
8.678949999999999512e-03
8.848059999999999606e-03
9.134039999999999521e-03
9.501930000000000445e-03
9.043409999999999990e-03
9.090859999999999219e-03
9.522819999999999549e-03
9.822080000000000394e-03
1.099201999999999992e-02
1.001726999999999999e-02
1.028313999999999964e-02
1.067395999999999970e-02
9.023869999999999808e-03
8.957039999999999447e-03
1.100262999999999936e-02
1.249561000000000074e-02
1.459018999999999941e-02
1.879988999999999966e-02
2.226732999999999837e-02
2.085077000000000111e-02
2.037583999999999923e-02
1.928329000000000154e-02
1.785816000000000139e-02
1.581300999999999887e-02
1.278251000000000040e-02
1.051642000000000028e-02
8.766770000000000118e-03
7.586690000000000100e-03
