7.194599999999999780e-03
8.685530000000000334e-03
8.349509999999999224e-03
8.545719999999999705e-03
8.564280000000000503e-03
8.732850000000000334e-03
8.234619999999999787e-03
8.348309999999999412e-03
8.299380000000000299e-03
8.909449999999999315e-03
8.988559999999999606e-03
9.002559999999999729e-03
8.573390000000000177e-03
8.516130000000000227e-03
8.621089999999999656e-03
9.107280000000000583e-03
9.043419999999999931e-03
8.670980000000000007e-03
8.324720000000000730e-03
8.234059999999999643e-03
8.588770000000000779e-03
9.842439999999999176e-03
1.037724999999999932e-02
8.957929999999999365e-03
8.270410000000000608e-03
8.536870000000000222e-03
8.848450000000000759e-03
8.933999999999999234e-03
9.247740000000000821e-03
8.677400000000000044e-03
8.352319999999999883e-03
8.467999999999999833e-03
8.831169999999999298e-03
8.814459999999999656e-03
8.793759999999999424e-03
8.616789999999999172e-03
9.062920000000000351e-03
1.002444000000000078e-02
9.366209999999999813e-03
8.644870000000000679e-03
8.414059999999999248e-03
8.223930000000000823e-03
8.929899999999999297e-03
9.430940000000000503e-03
9.454749999999999613e-03
9.571490000000000206e-03
1.051538999999999946e-02
1.072889999999999955e-02
1.033954999999999944e-02
1.115584000000000020e-02
1.022617999999999965e-02
9.849810000000000509e-03
8.682350000000000137e-03
9.693620000000000014e-03
1.174141000000000074e-02
1.364362000000000040e-02
1.681422000000000125e-02
1.941487999999999894e-02
2.070978000000000055e-02
2.128096000000000154e-02
2.111303999999999959e-02
1.977235999999999924e-02
1.823616000000000126e-02
7.727679999999999792e-03
