7.185040000000000177e-03
8.550059999999999952e-03
9.298189999999999580e-03
9.756749999999999798e-03
9.905499999999999375e-03
9.895330000000000792e-03
8.894390000000000282e-03
8.456540000000000237e-03
8.406040000000000040e-03
1.029314999999999918e-02
1.154664000000000038e-02
9.074830000000000743e-03
9.332439999999999139e-03
9.997600000000000584e-03
1.131336999999999968e-02
1.227512000000000048e-02
1.163725000000000002e-02
1.195614000000000052e-02
9.239270000000000815e-03
8.509020000000000819e-03
8.983800000000000119e-03
9.484170000000000100e-03
1.183990000000000042e-02
1.187771999999999960e-02
1.087494999999999955e-02
1.256284000000000046e-02
1.667236999999999886e-02
1.828638999999999959e-02
1.407815999999999929e-02
1.061994999999999953e-02
9.930059999999999235e-03
1.363439999999999964e-02
2.048989000000000019e-02
3.667799000000000059e-02
3.586392000000000052e-02
4.418621999999999828e-02
4.741324000000000233e-02
3.935388000000000081e-02
2.965305000000000024e-02
1.823177999999999951e-02
1.039931000000000015e-02
8.465449999999999364e-03
8.572450000000000556e-03
9.200500000000000345e-03
9.825260000000000590e-03
1.210445999999999918e-02
1.722560999999999884e-02
1.893540000000000154e-02
1.367258000000000015e-02
1.658466999999999927e-02
1.366353000000000012e-02
1.161447999999999994e-02
9.167420000000000777e-03
1.002567000000000041e-02
1.023341000000000008e-02
1.098930000000000046e-02
1.155987999999999981e-02
1.282617999999999953e-02
1.315514999999999914e-02
1.033465000000000078e-02
1.077696000000000036e-02
1.157164999999999930e-02
1.020147000000000068e-02
8.191510000000000805e-03
