7.902599999999999208e-03
9.048709999999999740e-03
8.665130000000000055e-03
9.214679999999999399e-03
9.942960000000000687e-03
1.104044000000000032e-02
9.438030000000000030e-03
9.781859999999999861e-03
1.125177999999999942e-02
1.412945999999999994e-02
1.573072000000000012e-02
1.385729999999999948e-02
1.035360999999999920e-02
8.927600000000000813e-03
9.251920000000000283e-03
1.336291000000000041e-02
1.878876000000000157e-02
2.344210999999999864e-02
3.168693000000000204e-02
3.750190999999999941e-02
3.734566999999999748e-02
3.015471999999999944e-02
2.410827999999999929e-02
1.701766000000000043e-02
1.167370000000000040e-02
9.607519999999999602e-03
8.801990000000000855e-03
8.887940000000000423e-03
9.694619999999999280e-03
1.301159999999999990e-02
1.370549000000000073e-02
1.485298000000000000e-02
1.625035999999999842e-02
1.502366999999999939e-02
1.330667999999999955e-02
9.666179999999999911e-03
8.832780000000000145e-03
9.144599999999999257e-03
9.567390000000000269e-03
9.713839999999999628e-03
9.266969999999999374e-03
8.966850000000000168e-03
9.781069999999999348e-03
9.070669999999999428e-03
8.696680000000000035e-03
8.974279999999999410e-03
8.892030000000000420e-03
8.825130000000000474e-03
8.448229999999999282e-03
8.638099999999999251e-03
9.308490000000000861e-03
9.914769999999999833e-03
9.958720000000000766e-03
9.854969999999999355e-03
9.230830000000000632e-03
8.952850000000000044e-03
8.378570000000000115e-03
8.571109999999999840e-03
8.950289999999999635e-03
8.810149999999999232e-03
9.218260000000000690e-03
9.841819999999999388e-03
9.110599999999999948e-03
7.762259999999999993e-03
