7.647750000000000034e-03
8.488060000000000396e-03
8.471160000000000148e-03
8.242140000000000230e-03
8.212060000000000193e-03
8.631220000000000211e-03
8.599300000000000693e-03
8.808919999999999598e-03
8.804670000000000551e-03
8.801180000000000461e-03
8.428160000000000512e-03
8.373320000000000068e-03
8.441719999999999779e-03
8.603080000000000796e-03
8.693080000000000598e-03
8.863110000000000432e-03
8.575769999999999921e-03
8.366580000000000197e-03
8.203039999999999984e-03
8.440059999999999230e-03
8.641120000000000398e-03
8.902389999999999609e-03
8.833250000000000823e-03
8.479379999999999903e-03
8.257129999999999678e-03
8.742039999999999533e-03
8.732089999999999644e-03
8.689739999999999617e-03
8.404369999999999549e-03
8.360470000000000054e-03
8.354359999999999911e-03
8.429290000000000740e-03
8.595979999999999593e-03
8.689040000000000305e-03
9.116970000000000282e-03
9.336819999999999148e-03
8.762110000000000037e-03
8.979859999999999232e-03
8.867009999999999822e-03
8.888200000000000614e-03
8.687669999999999768e-03
8.697049999999999573e-03
9.275560000000000402e-03
9.603979999999999809e-03
9.521440000000000806e-03
9.494910000000000502e-03
1.019157000000000049e-02
1.092092000000000063e-02
9.506590000000000526e-03
8.871999999999999678e-03
8.855149999999999133e-03
9.576289999999999455e-03
1.169350000000000077e-02
1.447526000000000021e-02
1.788206000000000170e-02
1.804860000000000145e-02
1.952100000000000016e-02
1.949553000000000050e-02
1.911126999999999965e-02
1.747622999999999885e-02
1.409812000000000044e-02
1.250330000000000018e-02
9.224170000000000286e-03
7.374900000000000205e-03
