7.728249999999999877e-03
8.996920000000000264e-03
8.693879999999999317e-03
9.110830000000000317e-03
9.233629999999999616e-03
9.021200000000000052e-03
8.990849999999999884e-03
8.364329999999999682e-03
8.231079999999999994e-03
8.956469999999999362e-03
9.429420000000000857e-03
9.065619999999999928e-03
8.711810000000000387e-03
8.511060000000000847e-03
8.637169999999999570e-03
8.776819999999999414e-03
9.439750000000000224e-03
9.370289999999999869e-03
8.987709999999999450e-03
8.381670000000000786e-03
8.466950000000000864e-03
9.325929999999999637e-03
9.550209999999999949e-03
8.917750000000000329e-03
8.505209999999999160e-03
8.627549999999999455e-03
9.380770000000000081e-03
1.028274000000000028e-02
1.002587999999999917e-02
9.047549999999999690e-03
9.382669999999999205e-03
9.682069999999999219e-03
9.910969999999999849e-03
9.663500000000000215e-03
9.178749999999999409e-03
8.976249999999999854e-03
9.382329999999999490e-03
1.004898000000000076e-02
1.037690999999999961e-02
9.165380000000000749e-03
9.076849999999999155e-03
1.022236999999999972e-02
1.159787999999999965e-02
1.189832000000000042e-02
1.078538000000000066e-02
9.110979999999999426e-03
8.896569999999999478e-03
1.004722000000000080e-02
1.204440000000000024e-02
1.788955999999999880e-02
2.347261999999999960e-02
2.525793000000000135e-02
2.716346000000000038e-02
2.860019999999999923e-02
2.543783000000000155e-02
2.065857000000000110e-02
1.552447000000000028e-02
1.301417000000000025e-02
1.068729000000000033e-02
9.462730000000000793e-03
8.399590000000000181e-03
8.760709999999999678e-03
8.509789999999999716e-03
7.814430000000000681e-03
