7.468019999999999693e-03
8.388619999999999410e-03
8.241580000000000086e-03
8.400809999999999875e-03
8.581280000000000158e-03
8.817000000000000184e-03
9.143029999999999907e-03
8.960040000000000712e-03
8.707299999999999415e-03
8.238979999999999915e-03
8.379819999999999630e-03
8.462169999999999762e-03
8.507900000000000532e-03
8.651249999999999218e-03
8.675590000000000385e-03
8.469590000000000798e-03
8.582080000000000611e-03
8.388939999999999245e-03
8.747470000000000245e-03
8.857159999999999339e-03
8.666429999999999273e-03
8.460509999999999212e-03
8.743660000000000321e-03
9.283170000000000310e-03
8.540829999999999256e-03
9.085750000000000076e-03
8.840680000000000066e-03
8.845769999999999328e-03
8.999669999999999545e-03
8.354769999999999211e-03
8.616779999999999232e-03
8.363519999999999288e-03
8.517649999999999874e-03
9.060059999999999988e-03
9.601600000000000065e-03
9.640660000000000548e-03
8.595419999999999450e-03
8.571050000000000196e-03
9.251109999999999889e-03
9.378060000000000562e-03
9.081000000000000530e-03
8.748419999999999808e-03
9.719159999999999258e-03
1.011793000000000067e-02
1.041835999999999977e-02
9.618269999999999945e-03
9.711539999999999409e-03
9.220040000000000527e-03
9.085519999999999707e-03
1.121394000000000037e-02
1.353962000000000047e-02
1.453617999999999924e-02
1.815204999999999944e-02
2.053632000000000027e-02
2.475598000000000035e-02
2.371424999999999922e-02
2.142929000000000014e-02
1.867318000000000103e-02
1.702941999999999997e-02
1.427823999999999934e-02
1.147965999999999917e-02
9.695979999999999877e-03
8.600629999999999734e-03
7.648849999999999573e-03
