7.147099999999999981e-03
8.199309999999999585e-03
8.175119999999999262e-03
8.403549999999999215e-03
8.251110000000000735e-03
8.271620000000000361e-03
8.325739999999999877e-03
8.085069999999999757e-03
8.200640000000000360e-03
8.310200000000000226e-03
8.381130000000000524e-03
8.072440000000000171e-03
8.190370000000000636e-03
8.423260000000000122e-03
8.382199999999999374e-03
8.499780000000000182e-03
8.712350000000000649e-03
8.418939999999999757e-03
8.196069999999999744e-03
8.213530000000000136e-03
8.275660000000000655e-03
8.168869999999999951e-03
8.385599999999999998e-03
8.293649999999999634e-03
8.302139999999999520e-03
8.379150000000000140e-03
8.616020000000000276e-03
8.599860000000000837e-03
8.551410000000000608e-03
8.266859999999999140e-03
8.326689999999999439e-03
8.383470000000000505e-03
8.598049999999999443e-03
8.767139999999999656e-03
8.288230000000000597e-03
8.390109999999999235e-03
8.237770000000000162e-03
8.519640000000000199e-03
8.583649999999999960e-03
8.378589999999999996e-03
8.276630000000000098e-03
8.432900000000000118e-03
8.580360000000000417e-03
8.916270000000000445e-03
8.730500000000000413e-03
8.470609999999999945e-03
8.573320000000000593e-03
8.516489999999999824e-03
8.592600000000000585e-03
8.925759999999999597e-03
9.036300000000000582e-03
8.580229999999999455e-03
8.765059999999999865e-03
8.813470000000000332e-03
8.897469999999999338e-03
9.269009999999999402e-03
8.886089999999999267e-03
8.374720000000000428e-03
8.543139999999999415e-03
8.590850000000000569e-03
8.617849999999999816e-03
9.701490000000000113e-03
9.539769999999999500e-03
7.384049999999999642e-03
