7.185429999999999595e-03
8.210010000000000224e-03
8.394040000000000182e-03
8.428669999999999218e-03
8.264119999999999799e-03
8.710410000000000028e-03
8.393579999999999444e-03
8.587950000000000444e-03
8.434640000000000193e-03
8.502680000000000307e-03
8.733279999999999516e-03
8.196319999999999995e-03
8.312719999999999138e-03
8.326969999999999511e-03
8.587229999999999516e-03
8.865339999999999332e-03
9.064640000000000544e-03
8.944090000000000026e-03
8.490829999999999558e-03
8.323169999999999527e-03
8.353879999999999292e-03
8.634779999999999886e-03
8.423969999999999375e-03
8.254779999999999757e-03
8.403920000000000487e-03
8.615960000000000632e-03
8.808790000000000370e-03
9.136419999999999264e-03
8.761039999999999453e-03
8.398930000000000631e-03
8.442720000000000780e-03
8.725439999999999238e-03
8.843870000000000203e-03
8.869300000000000100e-03
8.534979999999999303e-03
8.235889999999999184e-03
8.497849999999999501e-03
8.558369999999999173e-03
8.522609999999999908e-03
8.475530000000000216e-03
8.512540000000000731e-03
8.746159999999999352e-03
8.758119999999999447e-03
9.389420000000000752e-03
8.912679999999999214e-03
8.858080000000000814e-03
9.170050000000000770e-03
9.107060000000000155e-03
8.822049999999999684e-03
9.518030000000000240e-03
9.617360000000000145e-03
9.226410000000000861e-03
9.395080000000000098e-03
9.492369999999999974e-03
9.570469999999999325e-03
9.443200000000000552e-03
9.025679999999999467e-03
8.726650000000000726e-03
8.537400000000000544e-03
8.967229999999999646e-03
1.005559999999999961e-02
1.217428000000000086e-02
1.209562999999999958e-02
7.394010000000000339e-03
