7.240220000000000336e-03
8.553480000000000458e-03
8.318900000000000600e-03
8.151620000000000046e-03
8.577509999999999996e-03
8.831830000000000583e-03
8.988839999999999678e-03
9.198210000000000067e-03
9.186420000000000696e-03
8.729330000000000422e-03
8.437889999999999974e-03
8.302119999999999639e-03
8.695500000000000104e-03
9.171290000000000345e-03
9.000990000000000379e-03
9.079240000000000574e-03
8.552689999999999945e-03
8.411520000000000455e-03
8.955289999999999431e-03
8.911769999999999414e-03
9.032349999999999754e-03
8.972539999999999336e-03
8.935300000000000187e-03
8.894769999999999760e-03
8.907939999999999608e-03
9.605020000000000571e-03
9.108420000000000752e-03
8.716710000000000777e-03
8.503059999999999785e-03
8.399270000000000347e-03
8.775700000000000861e-03
8.597379999999999953e-03
8.855570000000000108e-03
9.140830000000000830e-03
9.803829999999999489e-03
9.576470000000000121e-03
8.862560000000000229e-03
8.898309999999999553e-03
9.062600000000000516e-03
9.096019999999999800e-03
9.101959999999999218e-03
9.039359999999999756e-03
9.466560000000000599e-03
9.990860000000000712e-03
1.045700999999999922e-02
1.047322000000000010e-02
1.119893999999999924e-02
1.102004000000000004e-02
9.537669999999999829e-03
9.168499999999999567e-03
9.664610000000000561e-03
1.021097999999999971e-02
1.327897999999999926e-02
1.570933000000000052e-02
2.207175000000000109e-02
2.045568999999999860e-02
2.212317000000000103e-02
2.205071999999999935e-02
2.102278999999999953e-02
1.837052999999999950e-02
1.395660999999999950e-02
1.282277000000000070e-02
9.320000000000000159e-03
7.469589999999999910e-03
