8.108100000000000029e-03
1.101196999999999940e-02
1.095729999999999968e-02
1.002778999999999997e-02
9.235639999999999822e-03
8.813039999999999416e-03
8.407450000000000340e-03
8.585920000000000357e-03
8.903940000000000812e-03
1.028847999999999915e-02
9.459179999999999325e-03
9.632399999999999296e-03
1.097949999999999968e-02
1.155995999999999933e-02
1.176318999999999976e-02
1.031158000000000075e-02
9.272199999999999540e-03
8.651630000000000431e-03
1.020768000000000023e-02
1.448064999999999942e-02
2.054749000000000159e-02
2.560139999999999985e-02
2.534426999999999860e-02
2.292761999999999925e-02
2.013641999999999863e-02
1.771469999999999989e-02
1.339619000000000053e-02
1.087057999999999948e-02
9.318029999999999716e-03
8.375509999999999206e-03
8.790579999999999228e-03
9.516729999999999287e-03
9.977259999999999948e-03
1.122390000000000020e-02
1.275120000000000073e-02
1.135314999999999935e-02
1.114835999999999952e-02
1.087566000000000054e-02
9.883660000000000709e-03
8.870050000000000850e-03
9.057380000000000292e-03
9.174730000000000732e-03
8.991600000000000634e-03
8.580580000000000845e-03
8.599539999999999268e-03
8.720389999999999739e-03
8.732389999999999597e-03
8.404629999999999740e-03
8.326999999999999333e-03
8.761680000000000856e-03
8.682419999999999721e-03
8.831379999999999786e-03
8.369790000000000216e-03
8.362889999999999560e-03
8.351469999999999727e-03
8.456919999999999715e-03
8.843129999999999394e-03
8.828390000000000196e-03
9.516999999999999418e-03
9.702920000000000295e-03
8.377559999999999174e-03
8.566600000000000603e-03
8.174640000000000378e-03
7.683149999999999702e-03
