7.507400000000000011e-03
9.172490000000000157e-03
8.939970000000000208e-03
9.040970000000000603e-03
1.032350999999999928e-02
1.112790999999999954e-02
9.010729999999999781e-03
8.662390000000000714e-03
8.315309999999999369e-03
8.064699999999999300e-03
8.835110000000000186e-03
9.162129999999999233e-03
9.047170000000000212e-03
8.795620000000000521e-03
8.425619999999999984e-03
8.639000000000000845e-03
8.921270000000000241e-03
8.961339999999999931e-03
9.176770000000000760e-03
9.208110000000000253e-03
1.067197999999999931e-02
1.085620999999999982e-02
1.107192000000000072e-02
1.091868999999999999e-02
9.358109999999999346e-03
8.818380000000000662e-03
9.326549999999999424e-03
1.013316000000000043e-02
9.589200000000000848e-03
9.653119999999999409e-03
1.001586999999999963e-02
1.125535000000000077e-02
1.395647000000000033e-02
1.160274000000000028e-02
1.059587000000000029e-02
9.653969999999999566e-03
9.246129999999999974e-03
1.385545000000000006e-02
2.044104000000000060e-02
2.520746000000000098e-02
2.893851999999999883e-02
3.549519999999999759e-02
3.498856000000000188e-02
3.024523999999999962e-02
2.330385999999999916e-02
1.757832999999999965e-02
1.265238999999999947e-02
1.070010000000000058e-02
8.799420000000000505e-03
8.552070000000000158e-03
9.087790000000000104e-03
9.815139999999999976e-03
1.183151999999999988e-02
1.413904000000000029e-02
1.555701999999999953e-02
1.979213000000000153e-02
1.776464999999999989e-02
1.239723000000000040e-02
1.145540999999999920e-02
1.001283000000000034e-02
9.237040000000000181e-03
8.846460000000000434e-03
8.771809999999999677e-03
7.684100000000000132e-03
