7.593789999999999568e-03
8.940309999999999924e-03
1.005862000000000075e-02
9.204769999999999272e-03
9.293469999999999856e-03
1.024751999999999955e-02
9.252589999999999773e-03
9.699350000000000679e-03
1.100658000000000018e-02
1.186811999999999936e-02
1.097597999999999976e-02
1.089713999999999960e-02
9.902539999999999606e-03
9.960349999999999759e-03
9.832499999999999227e-03
1.080366999999999959e-02
1.233496000000000072e-02
1.020306999999999985e-02
9.762019999999999725e-03
1.208275999999999968e-02
1.412322000000000057e-02
1.517985999999999988e-02
1.411623000000000044e-02
1.128064999999999971e-02
9.122099999999999306e-03
1.157054000000000069e-02
1.802915000000000073e-02
2.837544999999999998e-02
4.289485999999999993e-02
4.409873000000000265e-02
4.524424999999999975e-02
4.466732999999999815e-02
3.971957000000000265e-02
2.698404000000000080e-02
1.534135000000000013e-02
1.046059000000000051e-02
9.472599999999999423e-03
8.855649999999999633e-03
1.053870999999999974e-02
1.237857000000000020e-02
1.468961000000000051e-02
1.462242000000000056e-02
1.738937000000000122e-02
1.525422000000000063e-02
1.412345999999999914e-02
1.051461000000000062e-02
8.978609999999999716e-03
8.944699999999999873e-03
9.493690000000000809e-03
1.052437999999999985e-02
1.136248999999999940e-02
1.035312000000000038e-02
1.002453000000000025e-02
1.003966000000000060e-02
8.974779999999999910e-03
9.540440000000000725e-03
9.444730000000000139e-03
8.824449999999999308e-03
8.841699999999999213e-03
9.473840000000000733e-03
1.079518999999999965e-02
9.286859999999999213e-03
8.377010000000000706e-03
7.728050000000000197e-03
