7.306280000000000066e-03
8.515570000000000084e-03
8.403670000000000237e-03
8.310770000000000310e-03
8.359349999999999767e-03
8.447639999999999316e-03
8.434489999999999349e-03
8.466100000000000708e-03
8.373300000000000187e-03
8.277700000000000682e-03
8.710000000000000728e-03
8.219789999999999389e-03
8.302800000000000805e-03
8.411599999999999980e-03
8.512429999999999650e-03
8.705910000000000731e-03
8.930199999999999250e-03
8.746779999999999139e-03
8.315299999999999428e-03
8.334640000000000798e-03
8.228040000000000700e-03
8.407490000000000102e-03
8.399999999999999481e-03
8.314459999999999212e-03
8.460530000000000828e-03
8.331659999999999414e-03
8.750060000000000476e-03
8.787470000000000350e-03
8.711689999999999365e-03
8.294469999999999968e-03
8.250169999999999379e-03
8.351970000000000227e-03
8.758580000000000185e-03
8.751039999999999860e-03
8.369649999999999312e-03
8.333949999999999692e-03
8.283900000000000291e-03
8.429469999999999671e-03
8.665279999999999164e-03
8.430760000000000684e-03
8.432210000000000746e-03
8.447740000000000457e-03
8.742240000000000080e-03
9.141909999999999620e-03
8.960640000000000618e-03
8.689509999999999248e-03
8.653229999999999603e-03
8.805089999999999792e-03
8.665010000000000767e-03
9.473689999999999889e-03
9.224380000000000773e-03
9.022580000000000530e-03
9.145749999999999366e-03
9.399770000000000000e-03
9.343950000000000172e-03
9.578140000000000612e-03
8.966949999999999574e-03
8.448209999999999401e-03
8.572849999999999915e-03
8.639300000000000798e-03
9.297120000000000731e-03
1.052552999999999996e-02
1.230944999999999956e-02
7.254690000000000270e-03
