7.285469999999999620e-03
8.308650000000000757e-03
8.050150000000000708e-03
8.388200000000000170e-03
8.282049999999999135e-03
8.213319999999999649e-03
8.314929999999999891e-03
8.224510000000000848e-03
8.144200000000000744e-03
8.329700000000000645e-03
8.396110000000000032e-03
8.044320000000000637e-03
8.045419999999999308e-03
8.166279999999999720e-03
8.303420000000000592e-03
8.599920000000000481e-03
8.841909999999999700e-03
8.566999999999999962e-03
8.233350000000000390e-03
8.180279999999999843e-03
8.254310000000000813e-03
8.168939999999999535e-03
8.421720000000000594e-03
8.280789999999999679e-03
8.284720000000000625e-03
8.430850000000000150e-03
8.584960000000000854e-03
8.745680000000000467e-03
8.446570000000000467e-03
8.227619999999999725e-03
8.043220000000000230e-03
8.274069999999999689e-03
8.799819999999999864e-03
8.541329999999999756e-03
8.215760000000000771e-03
8.311050000000000382e-03
8.278539999999999163e-03
8.263780000000000084e-03
8.295230000000000659e-03
8.188469999999999777e-03
8.253869999999999957e-03
8.236979999999999649e-03
8.568950000000000525e-03
8.780190000000000217e-03
8.667209999999999845e-03
8.507759999999999628e-03
8.753250000000000614e-03
8.619220000000000353e-03
8.664369999999999364e-03
9.309019999999999448e-03
9.204499999999999141e-03
9.002859999999999682e-03
8.749190000000000439e-03
9.049790000000000265e-03
9.143349999999999742e-03
9.494509999999999408e-03
8.947230000000000461e-03
8.394999999999999685e-03
8.222020000000000023e-03
8.604209999999999289e-03
9.592420000000000807e-03
1.117630000000000012e-02
1.202100000000000043e-02
7.219539999999999985e-03
