7.264080000000000016e-03
8.211970000000000727e-03
8.317420000000000715e-03
8.548270000000000174e-03
8.447490000000000207e-03
8.384479999999999711e-03
8.259690000000000087e-03
8.326540000000000330e-03
8.188660000000000383e-03
8.434300000000000477e-03
8.548419999999999283e-03
8.314310000000000103e-03
8.264769999999999409e-03
8.396300000000000638e-03
8.337560000000000804e-03
8.519340000000000246e-03
8.902850000000000347e-03
8.693899999999999198e-03
8.209549999999999487e-03
8.303500000000000117e-03
8.441840000000000802e-03
8.496770000000000711e-03
8.472429999999999545e-03
8.192460000000000367e-03
8.333810000000000523e-03
8.474399999999999988e-03
8.610339999999999314e-03
8.902119999999999478e-03
8.555570000000000189e-03
8.089070000000000288e-03
8.257920000000000191e-03
8.131640000000000743e-03
8.430480000000000612e-03
8.523670000000000552e-03
8.261320000000000816e-03
8.214890000000000733e-03
8.115729999999999819e-03
8.366679999999999603e-03
8.524699999999999639e-03
8.348239999999999827e-03
8.269580000000000333e-03
8.216690000000000452e-03
8.493280000000000621e-03
8.876329999999999984e-03
8.843089999999999631e-03
8.596960000000000712e-03
8.548790000000000555e-03
8.824449999999999308e-03
8.420479999999999285e-03
8.992709999999999246e-03
9.124320000000000000e-03
8.839510000000000076e-03
8.585610000000000464e-03
8.865740000000000426e-03
9.117880000000000082e-03
9.503660000000000579e-03
8.944719999999999754e-03
8.374420000000000475e-03
8.381510000000000002e-03
8.496560000000000223e-03
8.730190000000000519e-03
9.693709999999999480e-03
1.027742000000000065e-02
7.407949999999999952e-03
