7.654949999999999775e-03
8.729050000000000351e-03
8.723939999999999473e-03
9.025939999999999658e-03
9.221629999999999758e-03
9.089309999999999751e-03
8.960539999999999478e-03
8.075000000000000580e-03
8.596200000000000022e-03
8.990389999999999146e-03
9.375619999999999440e-03
9.098989999999999509e-03
8.426780000000000034e-03
8.474539999999999157e-03
8.660809999999999689e-03
8.613869999999999166e-03
9.447689999999999907e-03
9.249260000000000467e-03
8.711129999999999221e-03
8.548540000000000305e-03
8.611449999999999660e-03
9.132750000000000243e-03
9.205460000000000378e-03
8.772620000000000071e-03
8.369889999999999622e-03
8.325279999999999139e-03
8.854680000000000190e-03
1.002720000000000000e-02
9.897649999999999157e-03
8.750350000000000489e-03
9.014269999999999575e-03
9.014309999999999337e-03
9.672129999999999270e-03
9.234839999999999369e-03
9.070689999999999309e-03
9.062209999999999363e-03
9.045080000000000481e-03
1.002176999999999929e-02
1.005904999999999994e-02
9.037099999999999300e-03
8.928200000000000719e-03
9.849419999999999356e-03
1.067017999999999960e-02
1.178287000000000084e-02
1.114133999999999958e-02
9.380029999999999271e-03
8.767590000000000452e-03
1.036306000000000033e-02
1.264241999999999970e-02
1.736891999999999950e-02
2.115612999999999869e-02
2.208821999999999869e-02
2.522256999999999971e-02
2.584215000000000123e-02
2.329190999999999900e-02
1.827043000000000070e-02
1.434357999999999987e-02
1.221403000000000072e-02
1.046296000000000032e-02
8.950200000000000169e-03
8.604449999999999599e-03
8.831649999999999917e-03
8.605740000000000611e-03
7.646580000000000044e-03
