8.760640000000000094e-03
2.134884999999999908e-02
2.371451000000000114e-02
2.378863999999999979e-02
1.974501999999999854e-02
1.900183000000000080e-02
1.576195999999999847e-02
1.210231999999999974e-02
9.861109999999999320e-03
9.589359999999999898e-03
9.288960000000000619e-03
8.793860000000000565e-03
9.186849999999999877e-03
9.673509999999999748e-03
1.028154000000000047e-02
1.136031000000000020e-02
1.146687000000000053e-02
1.269007999999999942e-02
1.128200000000000036e-02
9.750019999999999867e-03
8.887660000000000352e-03
8.787690000000000778e-03
8.580809999999999479e-03
8.680339999999999931e-03
9.125960000000000669e-03
9.517819999999999753e-03
8.598259999999999931e-03
8.430540000000000256e-03
8.629130000000000481e-03
8.744999999999999302e-03
8.517959999999999768e-03
8.611850000000000754e-03
8.715719999999999718e-03
8.379829999999999571e-03
8.351920000000000524e-03
8.419390000000000554e-03
8.316630000000000203e-03
8.745179999999999967e-03
8.807360000000000189e-03
8.631319999999999618e-03
8.213289999999999827e-03
8.614749999999999144e-03
9.199680000000000010e-03
9.239010000000000625e-03
9.147769999999999513e-03
8.643919999999999382e-03
8.498399999999999704e-03
8.534409999999999219e-03
8.647270000000000303e-03
8.427689999999999834e-03
8.573529999999999346e-03
8.351080000000000308e-03
8.165340000000000098e-03
8.471980000000000482e-03
8.502590000000000842e-03
9.019569999999999324e-03
8.705420000000000172e-03
8.722799999999999304e-03
8.634279999999999386e-03
8.623749999999999472e-03
8.240060000000000440e-03
8.728959999999999150e-03
8.399039999999999978e-03
7.433569999999999588e-03
