8.075830000000000855e-03
1.421708000000000000e-02
1.914373000000000116e-02
2.245994000000000115e-02
2.476951999999999973e-02
2.626003999999999838e-02
2.484068000000000040e-02
1.972404000000000171e-02
1.733801000000000092e-02
1.553436000000000053e-02
1.521189000000000048e-02
1.082846999999999976e-02
9.788869999999999863e-03
8.777079999999999604e-03
9.015689999999999815e-03
9.219559999999999908e-03
9.560179999999999720e-03
1.143777999999999982e-02
1.122179000000000058e-02
1.052277000000000073e-02
1.149562999999999974e-02
1.131672000000000060e-02
1.000679999999999972e-02
8.981199999999999947e-03
8.535179999999999850e-03
8.600629999999999734e-03
8.688569999999999627e-03
8.724739999999999926e-03
8.929199999999999984e-03
9.240669999999999440e-03
8.708820000000000797e-03
8.384040000000000589e-03
8.494800000000000267e-03
8.532690000000000760e-03
8.453699999999999756e-03
8.546049999999999480e-03
8.286409999999999262e-03
8.483040000000000719e-03
8.738859999999999337e-03
8.852699999999999805e-03
8.580859999999999183e-03
8.783960000000000379e-03
8.872820000000000012e-03
8.782730000000000745e-03
8.952210000000000376e-03
9.153939999999999300e-03
8.977799999999999322e-03
8.710729999999999862e-03
8.346579999999999278e-03
8.395210000000000172e-03
8.457670000000000465e-03
8.802920000000000536e-03
8.624480000000000340e-03
8.752769999999999995e-03
8.741149999999999615e-03
8.719350000000000711e-03
8.763359999999999553e-03
9.117089999999999569e-03
9.069620000000000459e-03
8.560059999999999544e-03
8.586430000000000798e-03
8.360329999999999151e-03
7.870119999999999547e-03
7.583079999999999855e-03
