7.368200000000000097e-03
8.414649999999999214e-03
8.305820000000000217e-03
8.442800000000000304e-03
8.247130000000000086e-03
8.619550000000000128e-03
8.133819999999999939e-03
8.439550000000000524e-03
8.548009999999999983e-03
8.643029999999999463e-03
8.564449999999999494e-03
8.517580000000000290e-03
8.551780000000000145e-03
8.399329999999999991e-03
8.395690000000000791e-03
8.790710000000000190e-03
8.494109999999999161e-03
8.304509999999999323e-03
7.913720000000000823e-03
8.223940000000000763e-03
8.471819999999999698e-03
9.163479999999999889e-03
9.351800000000000390e-03
8.338780000000000497e-03
8.192599999999999535e-03
8.825980000000000630e-03
8.734079999999999969e-03
8.869470000000000826e-03
8.709899999999999587e-03
8.241109999999999408e-03
8.405839999999999493e-03
8.529999999999999388e-03
8.694149999999999448e-03
8.735440000000000565e-03
8.689640000000000211e-03
8.548389999999999461e-03
8.421559999999999810e-03
9.152610000000000259e-03
8.798860000000000361e-03
8.431750000000000009e-03
8.002179999999999363e-03
8.415159999999999654e-03
9.060649999999999954e-03
9.555120000000000280e-03
9.462810000000000318e-03
9.473089999999999983e-03
1.017674000000000009e-02
1.021164999999999920e-02
9.683459999999999637e-03
9.135020000000000640e-03
8.851509999999999934e-03
8.947510000000000532e-03
9.015709999999999696e-03
1.014968999999999941e-02
1.307068999999999939e-02
1.457922000000000037e-02
1.747078999999999993e-02
1.889609999999999901e-02
1.923530000000000031e-02
1.802859000000000059e-02
1.628711000000000048e-02
1.432868999999999983e-02
1.211599000000000009e-02
7.404909999999999791e-03
