7.954479999999999884e-03
9.496900000000000827e-03
9.193760000000000474e-03
8.454879999999999687e-03
8.756140000000000798e-03
9.100659999999999999e-03
9.144150000000000195e-03
9.137980000000000408e-03
8.509390000000000356e-03
8.556670000000000595e-03
8.369589999999999669e-03
8.397820000000000285e-03
8.715350000000000180e-03
8.637010000000000520e-03
9.137650000000000633e-03
8.592699999999999991e-03
8.464920000000000777e-03
8.685500000000000512e-03
9.024320000000000605e-03
8.943170000000000286e-03
9.372170000000000847e-03
8.681259999999999671e-03
9.210919999999999178e-03
1.052224000000000041e-02
9.584479999999999389e-03
9.933930000000000538e-03
9.356830000000000008e-03
8.485929999999999168e-03
8.740859999999999602e-03
9.005710000000000104e-03
8.947919999999999832e-03
9.361929999999999211e-03
1.070111999999999973e-02
1.042360999999999982e-02
1.139756999999999923e-02
1.121934999999999946e-02
1.032924999999999989e-02
9.549399999999999555e-03
1.039896000000000049e-02
1.235527999999999973e-02
1.655850000000000030e-02
2.365717000000000167e-02
2.633626999999999843e-02
2.790105999999999836e-02
2.747954000000000022e-02
2.392986000000000071e-02
1.815804000000000029e-02
1.524805000000000084e-02
1.186397999999999966e-02
9.119060000000000013e-03
8.563070000000000750e-03
8.353259999999999505e-03
8.707950000000000759e-03
1.031720000000000033e-02
1.245698999999999938e-02
1.610709000000000099e-02
1.476951999999999952e-02
1.327493000000000076e-02
1.203145000000000082e-02
1.230929000000000051e-02
1.063103999999999959e-02
9.234060000000000532e-03
8.455999999999999975e-03
7.579719999999999860e-03
