7.689380000000000000e-03
1.004147000000000026e-02
9.660979999999999568e-03
8.749039999999999595e-03
8.812240000000000698e-03
8.851259999999999684e-03
9.109390000000000195e-03
9.165859999999999633e-03
8.881909999999999805e-03
8.832210000000000061e-03
8.567909999999999762e-03
8.260079999999999506e-03
8.514940000000000356e-03
9.114769999999999470e-03
9.602899999999999284e-03
9.268139999999999365e-03
8.886949999999999364e-03
8.696449999999999667e-03
9.174119999999999150e-03
9.349760000000000362e-03
9.528550000000000214e-03
8.757040000000000657e-03
9.330339999999999467e-03
1.088430999999999947e-02
1.050118000000000058e-02
1.103517000000000040e-02
1.021274999999999961e-02
8.619669999999999416e-03
8.641899999999999235e-03
8.933629999999999696e-03
9.670520000000000158e-03
1.033182000000000024e-02
1.128753000000000048e-02
1.162052000000000050e-02
1.350107000000000043e-02
1.408562000000000008e-02
1.298377000000000038e-02
1.087174999999999947e-02
9.833629999999999455e-03
1.056055000000000015e-02
1.433525000000000077e-02
2.375986000000000070e-02
3.195275000000000198e-02
3.386493000000000142e-02
3.278994999999999826e-02
2.839722000000000079e-02
2.457571999999999882e-02
1.943309000000000009e-02
1.562062999999999993e-02
1.008763000000000021e-02
8.618729999999999794e-03
8.604759999999999492e-03
9.456259999999999319e-03
1.159968999999999931e-02
1.504544000000000020e-02
1.879236999999999921e-02
1.607087999999999919e-02
1.491072000000000057e-02
1.419786999999999959e-02
1.517582999999999953e-02
1.256307000000000083e-02
9.939520000000000299e-03
8.714869999999999561e-03
7.892849999999999866e-03
