7.294140000000000172e-03
8.233930000000000415e-03
8.175409999999999275e-03
8.247549999999999326e-03
8.377269999999999162e-03
8.472030000000000186e-03
8.307500000000000648e-03
8.219930000000000292e-03
8.160940000000000208e-03
8.384650000000000436e-03
8.318769999999999637e-03
8.289299999999999446e-03
8.226040000000000435e-03
8.422690000000000038e-03
8.311850000000000835e-03
8.403759999999999702e-03
8.672169999999999879e-03
8.421090000000000866e-03
8.096259999999999221e-03
8.178259999999999696e-03
8.225120000000000695e-03
8.313189999999999816e-03
8.446820000000000717e-03
8.231280000000000541e-03
8.304610000000000464e-03
8.174539999999999237e-03
8.509340000000000653e-03
8.746389999999999720e-03
8.572069999999999343e-03
8.187029999999999655e-03
8.123629999999999740e-03
8.292809999999999418e-03
8.606920000000000542e-03
8.521829999999999336e-03
8.263400000000000606e-03
8.247030000000000680e-03
8.272899999999999698e-03
8.356260000000000771e-03
8.532269999999999785e-03
8.266139999999999946e-03
8.328749999999999348e-03
8.201800000000000410e-03
8.350599999999999690e-03
9.055870000000000586e-03
8.675739999999999494e-03
8.439040000000000083e-03
8.393730000000000288e-03
8.677999999999999950e-03
8.440869999999999623e-03
8.828269999999999174e-03
8.955809999999999813e-03
8.783010000000000816e-03
8.555349999999999761e-03
8.582779999999999923e-03
8.788350000000000328e-03
8.952319999999999722e-03
8.605190000000000408e-03
8.422429999999999847e-03
8.447569999999999732e-03
8.411220000000000502e-03
8.775899999999999673e-03
9.802349999999999605e-03
9.717740000000000752e-03
7.268509999999999728e-03
