7.523099999999999579e-03
8.994000000000000258e-03
8.777039999999999842e-03
9.227529999999999413e-03
8.492279999999999621e-03
8.518070000000000849e-03
8.462739999999999846e-03
8.692689999999999445e-03
8.574550000000000227e-03
8.847680000000000128e-03
9.471520000000000633e-03
8.710670000000000218e-03
9.303950000000000067e-03
1.049692999999999980e-02
1.123452999999999952e-02
1.148756000000000083e-02
8.895369999999999666e-03
8.521179999999999727e-03
8.942059999999999939e-03
9.462279999999999996e-03
9.443989999999999330e-03
8.906429999999999902e-03
1.078920000000000053e-02
1.080251999999999948e-02
1.115316000000000050e-02
1.231989000000000001e-02
1.162507999999999944e-02
1.061917000000000069e-02
9.484670000000000600e-03
1.181222999999999995e-02
1.497078999999999945e-02
1.917893999999999849e-02
2.444647999999999960e-02
3.110645000000000077e-02
2.610064000000000134e-02
2.462703999999999935e-02
2.083211000000000090e-02
1.533823999999999951e-02
1.083573000000000001e-02
8.940919999999999770e-03
8.600999999999999271e-03
9.145510000000000791e-03
9.645809999999999454e-03
1.032981999999999997e-02
1.074931999999999971e-02
1.246532000000000022e-02
1.328127999999999947e-02
1.339491999999999940e-02
1.040758999999999955e-02
9.111390000000000461e-03
8.633000000000000049e-03
8.593999999999999209e-03
8.705159999999999981e-03
8.956369999999999956e-03
9.816570000000000157e-03
9.434579999999999703e-03
9.903580000000000369e-03
1.000006999999999979e-02
1.039367000000000069e-02
9.024640000000000439e-03
8.649020000000000319e-03
9.087569999999999676e-03
8.511980000000000587e-03
7.595819999999999655e-03
