7.680379999999999673e-03
1.016021999999999932e-02
9.253290000000000820e-03
8.756520000000000276e-03
8.484429999999999403e-03
8.421520000000000047e-03
8.333760000000000820e-03
8.232140000000000638e-03
8.433170000000000249e-03
8.621890000000000109e-03
8.761760000000000381e-03
8.749099999999999239e-03
9.255390000000000492e-03
9.861029999999999796e-03
1.124570000000000083e-02
9.546729999999999799e-03
9.239549999999999153e-03
8.695380000000000817e-03
8.524800000000000780e-03
8.706119999999999484e-03
8.572099999999999165e-03
8.526979999999999976e-03
8.346259999999999443e-03
8.364869999999999944e-03
8.178569999999999590e-03
8.352399999999999408e-03
8.415590000000000570e-03
8.567160000000000747e-03
8.406890000000000196e-03
8.399280000000000287e-03
8.310929999999999360e-03
8.144169999999999188e-03
8.524669999999999817e-03
8.389739999999999698e-03
8.371440000000000825e-03
8.510770000000000834e-03
8.240380000000000274e-03
8.482800000000000409e-03
8.546820000000000112e-03
8.493300000000000502e-03
8.237889999999999449e-03
8.445899999999999241e-03
8.137429999999999317e-03
8.394510000000000860e-03
8.301609999999999198e-03
8.686380000000000490e-03
8.369959999999999206e-03
8.465200000000000849e-03
8.331480000000000483e-03
8.387830000000000633e-03
8.249440000000000245e-03
8.464660000000000586e-03
8.454450000000000506e-03
8.471829999999999639e-03
8.463409999999999336e-03
8.546430000000000693e-03
8.441670000000000076e-03
8.395970000000000863e-03
8.421899999999999525e-03
8.216760000000000036e-03
8.341809999999999850e-03
8.294390000000000443e-03
8.084759999999999863e-03
7.207289999999999877e-03
