7.925339999999999469e-03
8.678359999999999547e-03
8.555119999999999392e-03
8.544720000000000440e-03
8.458649999999999849e-03
8.644169999999999632e-03
8.655130000000000462e-03
9.077379999999999477e-03
8.978490000000000429e-03
8.407599999999999449e-03
8.564260000000000622e-03
8.509310000000000831e-03
9.109690000000000148e-03
8.981259999999999591e-03
9.044929999999999637e-03
8.494120000000000836e-03
8.762779999999999528e-03
9.674429999999999488e-03
9.972850000000000117e-03
1.010889000000000058e-02
1.011728999999999927e-02
9.024199999999999583e-03
8.867480000000000501e-03
9.137140000000000192e-03
9.797449999999999215e-03
1.020210000000000040e-02
1.021354000000000012e-02
1.133434000000000004e-02
1.175449999999999932e-02
1.220218999999999991e-02
1.134672999999999932e-02
1.022553000000000004e-02
1.002512000000000021e-02
1.138914000000000072e-02
1.376183999999999914e-02
1.952900999999999943e-02
2.631019000000000066e-02
2.931442999999999896e-02
3.328699000000000241e-02
2.815998999999999933e-02
2.023934999999999970e-02
1.437993000000000084e-02
1.195843000000000080e-02
1.004121000000000007e-02
8.634809999999999708e-03
8.701260000000000591e-03
8.647919999999999913e-03
9.868039999999999798e-03
9.561059999999999698e-03
1.257033999999999929e-02
1.366698000000000045e-02
1.470639999999999968e-02
1.202862000000000028e-02
1.189370000000000011e-02
9.720809999999999867e-03
9.332599999999999923e-03
9.136270000000000155e-03
9.654259999999999578e-03
8.903070000000000775e-03
9.170869999999999370e-03
9.303030000000000327e-03
9.683709999999999887e-03
1.142577000000000002e-02
7.601590000000000083e-03
