7.750570000000000029e-03
9.014919999999999184e-03
8.958960000000000187e-03
9.507730000000000695e-03
1.093030000000000043e-02
1.145060999999999996e-02
1.008873000000000061e-02
1.066420000000000042e-02
1.337556999999999982e-02
1.599246000000000001e-02
1.666754000000000152e-02
1.310638000000000081e-02
9.812130000000000504e-03
8.987580000000000222e-03
9.803519999999999596e-03
1.616733000000000059e-02
2.289752000000000107e-02
2.540399000000000129e-02
3.362513000000000307e-02
4.054868999999999835e-02
3.954927999999999916e-02
3.009024000000000074e-02
2.273694000000000062e-02
1.583535999999999971e-02
1.042047999999999933e-02
8.996179999999999455e-03
8.683750000000000496e-03
8.856650000000000633e-03
9.974280000000000299e-03
1.350272999999999925e-02
1.413019000000000081e-02
1.529930000000000005e-02
1.537368000000000068e-02
1.429942000000000019e-02
1.263250999999999957e-02
9.929099999999999732e-03
8.602699999999999583e-03
9.260749999999999885e-03
9.598310000000000522e-03
9.498899999999999358e-03
9.063609999999999722e-03
9.097730000000000053e-03
9.415790000000000270e-03
9.119109999999999716e-03
8.754500000000000129e-03
8.930840000000000653e-03
9.184710000000000443e-03
9.253549999999999276e-03
8.463999999999999302e-03
8.646589999999999138e-03
9.799330000000000193e-03
1.000003000000000003e-02
1.037685999999999990e-02
9.797349999999999809e-03
9.255410000000000373e-03
8.928500000000000672e-03
8.451139999999999347e-03
8.881540000000000268e-03
9.316090000000000829e-03
8.922489999999999935e-03
9.528909999999999811e-03
9.780689999999999870e-03
9.228550000000000295e-03
7.755729999999999742e-03
