7.219439999999999712e-03
1.117225999999999983e-02
1.200002000000000013e-02
1.117854000000000070e-02
9.902779999999999916e-03
9.880569999999999978e-03
8.941910000000000830e-03
1.014491000000000004e-02
1.402777000000000017e-02
1.895383999999999958e-02
2.042180999999999857e-02
2.333810999999999872e-02
2.797209999999999974e-02
2.820889000000000035e-02
2.311987999999999890e-02
1.961774999999999977e-02
1.808324000000000042e-02
1.218089999999999971e-02
1.000926000000000073e-02
8.675109999999999766e-03
8.682930000000000162e-03
8.740970000000000684e-03
9.195019999999999930e-03
1.038803999999999943e-02
1.216910000000000040e-02
1.291485000000000029e-02
1.208891999999999953e-02
1.079335000000000017e-02
9.769669999999999396e-03
8.561779999999999738e-03
8.898869999999999697e-03
8.880590000000000706e-03
9.470219999999999680e-03
9.741150000000000503e-03
9.488359999999999503e-03
9.586060000000000414e-03
9.113140000000000476e-03
9.077550000000000202e-03
9.101969999999999159e-03
8.935729999999999368e-03
8.624019999999999603e-03
8.760479999999999309e-03
8.512749999999999484e-03
8.507280000000000744e-03
8.664869999999999864e-03
9.223689999999999667e-03
9.019430000000000155e-03
9.178630000000000122e-03
8.915970000000000492e-03
8.666939999999999714e-03
8.894060000000000507e-03
9.124369999999999703e-03
9.554470000000000671e-03
9.119540000000000632e-03
8.668739999999999432e-03
8.510979999999999587e-03
8.372440000000000090e-03
8.538270000000000581e-03
9.030490000000000392e-03
9.161390000000000158e-03
9.126810000000000825e-03
8.945520000000000208e-03
8.743199999999999583e-03
7.480879999999999648e-03
