8.697649999999999479e-03
1.113369999999999985e-02
1.031866000000000033e-02
8.780269999999999742e-03
8.542889999999999165e-03
8.552370000000000111e-03
1.024020999999999959e-02
1.389401000000000004e-02
1.657445000000000099e-02
2.088660999999999990e-02
2.255168999999999924e-02
2.184675999999999979e-02
2.135803999999999828e-02
1.813949999999999937e-02
1.356891000000000000e-02
1.173448000000000026e-02
1.116248000000000067e-02
9.059960000000000582e-03
8.675209999999999172e-03
8.707259999999999653e-03
8.741379999999999983e-03
9.268850000000000353e-03
9.836420000000000233e-03
1.134889000000000037e-02
1.280319000000000075e-02
1.327563000000000007e-02
1.060939999999999973e-02
9.095650000000000263e-03
8.780960000000000848e-03
8.424360000000000528e-03
8.871940000000000034e-03
8.704319999999999766e-03
8.936420000000000474e-03
9.157490000000000768e-03
9.118440000000000226e-03
9.283970000000000763e-03
8.824149999999999355e-03
8.933019999999999849e-03
8.897179999999999325e-03
8.549080000000000568e-03
8.439260000000000511e-03
8.517389999999999683e-03
8.662720000000000489e-03
8.762189999999999562e-03
8.825120000000000534e-03
8.811309999999999282e-03
8.675260000000000610e-03
8.437719999999999249e-03
8.501409999999999176e-03
9.034060000000000007e-03
9.449559999999999210e-03
9.718509999999999649e-03
9.021029999999999327e-03
8.558450000000000432e-03
8.620759999999999881e-03
8.731749999999999928e-03
8.589779999999999985e-03
8.855029999999999846e-03
9.051190000000000624e-03
8.755449999999999691e-03
8.461230000000000140e-03
8.825229999999999880e-03
8.712459999999999996e-03
7.466770000000000178e-03
