8.307139999999999316e-03
1.065524999999999979e-02
1.067683000000000000e-02
1.015431999999999967e-02
9.193230000000000152e-03
9.071159999999999987e-03
8.778990000000000404e-03
1.028917000000000026e-02
1.371614999999999987e-02
1.693812999999999916e-02
1.925055000000000169e-02
1.986152999999999877e-02
2.211631999999999834e-02
2.295128000000000099e-02
1.892548999999999967e-02
1.568245999999999876e-02
1.379551000000000041e-02
1.014351999999999962e-02
8.721180000000000251e-03
8.432069999999999843e-03
8.646519999999999553e-03
8.614310000000000023e-03
9.107910000000000311e-03
9.983989999999999879e-03
1.167642999999999980e-02
1.182978999999999975e-02
1.083331000000000051e-02
9.635400000000000562e-03
8.909769999999999149e-03
8.613519999999999510e-03
8.778259999999999535e-03
8.871379999999999891e-03
9.151180000000000078e-03
9.438759999999999165e-03
9.014080000000000703e-03
9.233540000000000150e-03
8.927799999999999625e-03
8.811130000000000351e-03
8.877289999999999487e-03
8.710030000000000550e-03
8.283920000000000172e-03
8.409899999999999667e-03
8.316250000000000725e-03
8.643619999999999429e-03
8.763979999999999340e-03
9.006109999999999463e-03
8.753109999999999710e-03
8.547159999999999827e-03
8.518889999999999449e-03
8.540920000000000456e-03
8.821110000000000062e-03
9.209629999999999900e-03
8.916739999999999389e-03
8.783320000000000710e-03
8.645869999999999944e-03
8.684519999999999393e-03
8.391459999999999891e-03
8.544660000000000796e-03
8.911969999999999961e-03
8.904270000000000587e-03
8.810810000000000516e-03
8.867999999999999147e-03
8.583129999999999579e-03
7.387870000000000374e-03
