7.177629999999999948e-03
8.302199999999999164e-03
8.324669999999999292e-03
8.288860000000000325e-03
8.374130000000000462e-03
8.381370000000000833e-03
8.291710000000000746e-03
8.538189999999999322e-03
8.616409999999999694e-03
8.631460000000000521e-03
8.509159999999999988e-03
8.364989999999999232e-03
8.221559999999999285e-03
8.215609999999999927e-03
8.481690000000000063e-03
8.669140000000000526e-03
8.625950000000000284e-03
8.212000000000000549e-03
8.211019999999999430e-03
8.364760000000000598e-03
8.498679999999999776e-03
9.071660000000000487e-03
9.033229999999999732e-03
8.338379999999999403e-03
8.178209999999999993e-03
8.573860000000000856e-03
8.683549999999999949e-03
8.763540000000000219e-03
8.303790000000000129e-03
8.300039999999999848e-03
8.351110000000000130e-03
8.312160000000000729e-03
8.564650000000000041e-03
8.486139999999999656e-03
8.281600000000000072e-03
8.568469999999999906e-03
8.752279999999999435e-03
9.191460000000000255e-03
8.661769999999999192e-03
8.413989999999999664e-03
8.115999999999999950e-03
8.444409999999999417e-03
8.902419999999999431e-03
9.192749999999999533e-03
9.000360000000000651e-03
9.272999999999999993e-03
9.679780000000000675e-03
1.008108999999999915e-02
9.401510000000000075e-03
9.245540000000000008e-03
8.476380000000000373e-03
8.708270000000000594e-03
8.543719999999999440e-03
9.970780000000000268e-03
1.290374000000000035e-02
1.471124000000000043e-02
1.675087000000000104e-02
1.768323000000000117e-02
1.791956999999999925e-02
1.698780999999999902e-02
1.517341999999999996e-02
1.422539999999999916e-02
1.084783999999999922e-02
7.291090000000000071e-03
