4.561466000000000132e-02
2.243678100000000009e-01
1.380835800000000113e-01
8.383227999999999513e-02
4.321177999999999825e-02
3.269441000000000014e-02
2.759466000000000002e-02
2.614870999999999862e-02
2.031335000000000085e-02
2.291017000000000053e-02
4.101366000000000039e-02
6.340516000000000207e-02
8.209439999999999793e-02
1.283781400000000017e-01
1.602059899999999926e-01
6.726674000000000542e-02
3.896828000000000097e-02
1.973882000000000067e-02
2.223881999999999942e-02
2.521788999999999975e-02
2.714917000000000025e-02
2.226080000000000073e-02
1.711450999999999945e-02
1.310649000000000015e-02
1.034678999999999981e-02
1.294586000000000001e-02
1.825318000000000079e-02
1.993825999999999932e-02
1.811675999999999911e-02
1.598360000000000058e-02
1.215552999999999946e-02
1.184506999999999921e-02
1.216183000000000021e-02
1.700594000000000064e-02
2.184888999999999928e-02
2.032764999999999919e-02
1.334655000000000043e-02
1.454833999999999988e-02
2.174956999999999932e-02
2.684287000000000131e-02
2.270136000000000029e-02
1.214057999999999977e-02
1.207324000000000071e-02
1.152888000000000003e-02
2.352484999999999993e-02
3.698509999999999992e-02
3.172636000000000206e-02
2.598303000000000071e-02
1.417835999999999923e-02
1.902480000000000143e-02
1.606600999999999863e-02
2.194248999999999852e-02
3.093181999999999876e-02
2.869195000000000079e-02
1.796588000000000004e-02
1.948872000000000104e-02
2.014915000000000109e-02
2.478893000000000069e-02
2.035601999999999898e-02
1.353709999999999983e-02
1.578730999999999884e-02
1.644142999999999993e-02
1.871804999999999997e-02
1.653258999999999979e-02
