1.025358900000000045e-01
1.442844899999999875e-01
6.910903999999999658e-02
6.092519999999999880e-02
3.608990000000000115e-02
1.757105000000000125e-02
1.393390000000000080e-02
4.605021000000000114e-02
8.948499000000000037e-02
8.964184999999999515e-02
7.032858000000000165e-02
4.635210000000000025e-02
6.563943999999999335e-02
1.119902700000000029e-01
1.065313400000000021e-01
3.885637000000000119e-02
4.217446999999999863e-02
5.275795999999999958e-02
6.413699999999999957e-02
7.117333000000000687e-02
4.360407000000000172e-02
8.117491999999999763e-02
4.732582999999999929e-02
7.495374000000000481e-02
1.086143299999999950e-01
1.006363799999999975e-01
6.777684000000000486e-02
8.633873999999999715e-02
1.205061899999999991e-01
2.250130300000000028e-01
2.109628799999999915e-01
1.163797800000000021e-01
7.939234000000000568e-02
4.366575999999999791e-02
5.978474000000000288e-02
1.071307799999999949e-01
1.769186899999999896e-01
1.674269899999999978e-01
1.577662999999999982e-01
1.729668400000000106e-01
3.155816499999999913e-01
3.665249300000000265e-01
2.157943499999999959e-01
1.228454400000000002e-01
1.206495300000000048e-01
2.756467200000000117e-01
6.739711200000000346e-01
8.418763299999999505e-01
9.285566200000000547e-01
9.490932199999999597e-01
9.645246299999999939e-01
9.631168199999999846e-01
9.009414300000000431e-01
8.432772200000000495e-01
6.606327899999999698e-01
3.627707099999999962e-01
1.086006100000000002e-01
6.107912000000000063e-02
4.344197000000000336e-02
3.424304999999999710e-02
5.942143999999999898e-02
1.103607100000000008e-01
1.367958499999999966e-01
6.500295999999999852e-02
