9.345229999999999509e-03
1.245755999999999947e-02
1.968672000000000130e-02
2.672418999999999836e-02
3.712842000000000225e-02
3.963333000000000134e-02
3.463977000000000028e-02
5.301929999999999837e-02
7.416291999999999329e-02
9.393255000000000354e-02
1.154309300000000010e-01
6.375709000000000237e-02
1.531282999999999950e-02
1.861318000000000000e-02
6.157823999999999937e-02
1.704876399999999959e-01
2.326107000000000036e-01
2.570789800000000125e-01
3.495367500000000072e-01
3.654765799999999953e-01
3.608567100000000250e-01
2.374666300000000119e-01
1.394546799999999975e-01
9.585678999999999728e-02
2.646700000000000094e-02
1.379680999999999963e-02
1.882382999999999973e-02
2.021964999999999874e-02
2.912767999999999954e-02
8.297474000000000516e-02
1.045473100000000044e-01
9.548344999999999749e-02
1.167640999999999957e-01
7.115006000000000108e-02
6.087080000000000268e-02
3.841173999999999977e-02
1.825498999999999872e-02
1.537929000000000032e-02
2.250175999999999912e-02
3.542127999999999943e-02
2.286913999999999961e-02
2.226828999999999961e-02
1.868264999999999856e-02
2.246826999999999852e-02
1.767664999999999861e-02
2.534037999999999916e-02
2.066702999999999943e-02
1.939178999999999903e-02
1.192156999999999939e-02
1.224791000000000074e-02
2.450133000000000172e-02
2.899494999999999850e-02
4.016443000000000096e-02
3.250133000000000189e-02
2.123809000000000113e-02
1.181364000000000025e-02
1.071351000000000074e-02
2.009640999999999858e-02
2.973407999999999954e-02
2.167896999999999880e-02
2.018928000000000042e-02
2.613595000000000154e-02
2.168339000000000030e-02
1.633686000000000166e-02
