1.136499000000000016e-02
1.894414000000000167e-02
2.984973000000000140e-02
3.832507999999999748e-02
6.401345999999999425e-02
6.913932999999999884e-02
4.474360000000000143e-02
6.866837000000000635e-02
1.084883900000000040e-01
1.736299099999999984e-01
1.900407699999999978e-01
1.028740600000000033e-01
3.968967000000000328e-02
1.537257000000000033e-02
3.908973999999999782e-02
1.643019199999999902e-01
3.095477200000000262e-01
3.500168300000000010e-01
4.836658200000000241e-01
5.544575999999999949e-01
5.305074499999999915e-01
3.697298500000000265e-01
2.715415999999999941e-01
1.290997899999999921e-01
4.469366999999999784e-02
1.960997000000000087e-02
2.045117000000000115e-02
2.083917000000000061e-02
2.600223999999999938e-02
1.142714999999999981e-01
1.432093700000000025e-01
1.261349599999999904e-01
1.544131599999999938e-01
1.079700100000000051e-01
9.421733000000000191e-02
4.097303000000000056e-02
2.241152000000000075e-02
3.092301999999999898e-02
2.815567999999999890e-02
4.396283000000000135e-02
2.630934999999999871e-02
2.457764999999999950e-02
3.378227000000000313e-02
3.308372999999999869e-02
1.235651999999999931e-02
1.936710999999999988e-02
2.275106000000000003e-02
2.004728999999999886e-02
1.295520000000000005e-02
1.480410000000000059e-02
3.106901000000000107e-02
4.213875999999999733e-02
3.925959999999999867e-02
3.485380999999999896e-02
2.001034000000000146e-02
1.513324999999999913e-02
1.088094000000000040e-02
2.642637000000000111e-02
3.174267000000000061e-02
2.299087000000000006e-02
2.179508000000000140e-02
3.315959000000000267e-02
1.818105999999999889e-02
1.778375000000000095e-02
