1.844264999999999932e-01
4.056712699999999727e-01
5.024141100000000248e-01
5.103688800000000247e-01
4.841588099999999950e-01
4.617477099999999779e-01
3.725728700000000004e-01
2.472033399999999936e-01
1.171496000000000065e-01
8.341458000000000206e-02
5.234442000000000261e-02
3.353040999999999661e-02
3.665236000000000188e-02
5.268549000000000149e-02
8.387708000000000663e-02
1.026612400000000008e-01
1.093365000000000031e-01
1.733482600000000040e-01
1.298758200000000029e-01
7.275974999999999804e-02
4.352842999999999990e-02
2.401098000000000121e-02
1.837845999999999924e-02
2.277989000000000056e-02
3.260028999999999705e-02
3.267454999999999665e-02
1.530907999999999922e-02
1.481492000000000052e-02
1.860828000000000135e-02
2.572123000000000118e-02
1.715699000000000043e-02
2.190243000000000051e-02
1.993881000000000125e-02
1.355114999999999965e-02
1.570045000000000121e-02
1.353906000000000033e-02
1.425707000000000016e-02
2.055364999999999970e-02
2.081832999999999947e-02
2.079846999999999946e-02
1.435094999999999947e-02
2.626679000000000166e-02
3.646362000000000214e-02
4.757581999999999783e-02
5.062194999999999889e-02
2.519864999999999952e-02
1.421781000000000086e-02
2.045175999999999938e-02
2.408891999999999978e-02
2.051089000000000037e-02
2.044311000000000045e-02
1.715252000000000096e-02
1.189576999999999996e-02
1.454507000000000022e-02
1.692468000000000097e-02
2.477493000000000056e-02
2.657721999999999862e-02
2.281624000000000152e-02
2.212257000000000112e-02
1.779470000000000010e-02
1.394681000000000046e-02
2.172999000000000111e-02
1.684534999999999852e-02
1.742785000000000167e-02
