3.221179999999999877e-02
8.964569000000000010e-02
1.054065500000000016e-01
1.128176699999999949e-01
9.954683999999999755e-02
9.390993000000000257e-02
7.243581999999999799e-02
4.675398000000000054e-02
2.828933999999999963e-02
2.315549999999999900e-02
1.936076000000000116e-02
1.215225999999999980e-02
1.206757999999999963e-02
1.293712999999999981e-02
1.772781000000000010e-02
2.461233999999999991e-02
2.355493000000000170e-02
3.358433000000000251e-02
2.581473999999999921e-02
1.747800000000000048e-02
1.497823000000000036e-02
1.186057000000000083e-02
1.063737000000000016e-02
1.033362999999999990e-02
1.225533999999999998e-02
1.222631000000000065e-02
9.298429999999999890e-03
9.786140000000000463e-03
1.102164999999999916e-02
1.156372999999999950e-02
9.493700000000000749e-03
1.009285000000000043e-02
1.022321999999999988e-02
9.191549999999999720e-03
9.275020000000000139e-03
8.920179999999999776e-03
9.149060000000000525e-03
9.765879999999999353e-03
1.075498000000000079e-02
1.161862999999999958e-02
9.318089999999999359e-03
1.057169999999999985e-02
1.147861000000000020e-02
1.445233999999999928e-02
1.636705000000000104e-02
1.165053999999999916e-02
9.249729999999999411e-03
9.563699999999999632e-03
1.000763999999999994e-02
9.442400000000000099e-03
8.945279999999999898e-03
9.474269999999999914e-03
9.411169999999999952e-03
8.841089999999999366e-03
1.012366999999999954e-02
1.112966999999999949e-02
1.063672000000000055e-02
1.007104999999999979e-02
1.000465000000000035e-02
9.297420000000000684e-03
8.726970000000000560e-03
1.041743000000000009e-02
9.469599999999999893e-03
8.631629999999999511e-03
