9.222889999999999214e-03
1.396399000000000078e-02
1.832465000000000135e-02
2.329178000000000151e-02
2.809081999999999898e-02
3.294314000000000270e-02
3.015614999999999962e-02
3.075347999999999971e-02
2.371770999999999949e-02
1.990298999999999888e-02
2.023041999999999896e-02
1.246360999999999997e-02
9.598670000000000119e-03
9.998059999999999586e-03
9.662070000000000033e-03
9.622300000000000297e-03
1.153928000000000072e-02
1.178153000000000013e-02
1.263703000000000048e-02
1.238151000000000009e-02
1.485943999999999980e-02
1.423601000000000033e-02
1.232714000000000032e-02
9.140950000000000117e-03
8.749710000000000820e-03
8.801549999999999999e-03
9.573899999999999771e-03
1.001344000000000019e-02
9.300640000000000643e-03
9.066350000000000797e-03
8.310140000000000582e-03
8.359570000000000195e-03
8.521749999999999811e-03
8.392669999999999644e-03
8.407259999999999733e-03
8.621699999999999503e-03
8.600550000000000209e-03
8.826240000000000821e-03
9.134259999999999949e-03
9.312519999999999479e-03
8.565440000000000553e-03
8.873100000000000084e-03
8.448880000000000626e-03
9.396039999999999601e-03
9.327469999999999165e-03
9.629640000000000075e-03
9.463970000000000368e-03
9.716650000000000287e-03
8.707480000000000081e-03
8.382870000000000599e-03
8.560919999999999641e-03
8.800020000000000411e-03
8.466819999999999902e-03
8.911560000000000661e-03
8.917329999999999354e-03
8.755819999999999229e-03
8.944090000000000026e-03
9.295760000000000134e-03
8.831449999999999370e-03
8.369730000000000572e-03
8.755539999999999157e-03
8.274059999999999748e-03
8.484230000000000591e-03
7.834320000000000520e-03
