1.898481000000000127e-02
3.104948999999999903e-02
2.397372999999999865e-02
1.610804999999999876e-02
1.122897999999999952e-02
9.595209999999999850e-03
9.510330000000000866e-03
9.344510000000000316e-03
1.166742999999999947e-02
1.061895000000000026e-02
1.178620000000000015e-02
1.403124000000000038e-02
1.652375000000000024e-02
2.150815999999999839e-02
2.356580000000000133e-02
1.459776999999999950e-02
1.308949000000000050e-02
1.015464999999999944e-02
1.014566000000000079e-02
9.672339999999999757e-03
1.060730000000000006e-02
1.010801000000000061e-02
9.394949999999999135e-03
8.549440000000000164e-03
8.362980000000000760e-03
8.599890000000000659e-03
8.966299999999999965e-03
9.190570000000000336e-03
8.807759999999999548e-03
8.991580000000000752e-03
8.718510000000000496e-03
8.907860000000000084e-03
9.051240000000000327e-03
8.999659999999999604e-03
9.546060000000000309e-03
9.939720000000000846e-03
8.707589999999999428e-03
8.588190000000000754e-03
1.024629999999999985e-02
1.127174000000000058e-02
1.130780999999999974e-02
9.141480000000000439e-03
8.392399999999999513e-03
8.242269999999999458e-03
9.349190000000000278e-03
1.151172999999999953e-02
1.049137999999999980e-02
9.588279999999999373e-03
8.431610000000000840e-03
9.045620000000000743e-03
9.208779999999999744e-03
9.609609999999999333e-03
1.082462000000000008e-02
1.006303000000000059e-02
9.303219999999999199e-03
9.255839999999999554e-03
9.519530000000000006e-03
9.896669999999999773e-03
1.004780000000000083e-02
8.476030000000000716e-03
8.959099999999999356e-03
8.750660000000000383e-03
9.040480000000000044e-03
8.039450000000000068e-03
