2.288124999999999881e-02
4.734755000000000214e-02
5.406789000000000039e-02
7.920364000000000571e-02
1.155877899999999958e-01
1.236023200000000016e-01
6.627784000000000453e-02
2.911959000000000075e-02
4.005224000000000284e-02
5.354185000000000194e-02
9.124883999999999773e-02
1.144532899999999992e-01
1.364148099999999975e-01
1.502980100000000097e-01
7.230106999999999506e-02
1.059993699999999955e-01
9.604318000000000577e-02
3.907420000000000337e-02
6.525710999999999318e-02
6.862869000000000608e-02
2.681301999999999991e-02
6.447050999999999477e-02
1.208452099999999946e-01
1.091906900000000069e-01
1.849908799999999964e-01
1.842061000000000115e-01
1.854496399999999989e-01
1.711810500000000013e-01
1.716733300000000129e-01
1.956385800000000064e-01
1.127399000000000040e-01
4.219254000000000060e-02
9.157993999999999857e-02
1.242837799999999965e-01
1.641263199999999922e-01
1.981891199999999964e-01
2.025134700000000010e-01
3.036803299999999983e-01
3.680167200000000194e-01
3.511883599999999772e-01
2.816766199999999887e-01
1.277396100000000034e-01
2.722335200000000066e-01
5.148481700000000494e-01
7.334519600000000139e-01
8.770358000000000320e-01
9.063055500000000153e-01
9.256044599999999622e-01
9.081047199999999764e-01
7.944369900000000095e-01
7.620981900000000087e-01
6.355907299999999926e-01
3.772452199999999922e-01
2.009357999999999977e-01
2.079997999999999916e-02
4.251673999999999731e-02
9.283656999999999326e-02
9.899238000000000481e-02
1.289261299999999999e-01
3.302384600000000114e-01
4.176047399999999743e-01
3.863582600000000089e-01
2.740401299999999929e-01
6.581093999999999833e-02
