1.038567999999999956e-02
2.304314000000000015e-02
2.709751999999999994e-02
3.007579999999999976e-02
2.586228000000000138e-02
1.512801000000000076e-02
9.919070000000000317e-03
8.402919999999999487e-03
9.860400000000000068e-03
1.581192999999999835e-02
1.152798000000000017e-02
9.800549999999999887e-03
1.804559999999999845e-02
3.005135000000000098e-02
4.260097000000000189e-02
3.178928000000000309e-02
3.026306999999999955e-02
2.058868000000000156e-02
9.480689999999999951e-03
1.435418999999999931e-02
3.213947000000000331e-02
7.152548000000000239e-02
8.539512999999999965e-02
8.482000000000000650e-02
8.866008000000000222e-02
8.329649000000000081e-02
6.174117999999999967e-02
3.941999999999999671e-02
2.155458000000000027e-02
1.180204999999999969e-02
1.224856000000000035e-02
1.056039999999999930e-02
1.331003000000000047e-02
1.215755999999999955e-02
2.155800999999999898e-02
2.864730999999999875e-02
2.398886999999999894e-02
3.918202999999999964e-02
1.567595999999999920e-02
1.716362999999999917e-02
1.226227000000000046e-02
1.069568000000000081e-02
1.141449999999999930e-02
1.074462999999999981e-02
1.244044000000000053e-02
1.196882999999999975e-02
9.608109999999999568e-03
1.070228999999999972e-02
1.125302000000000073e-02
1.025494000000000058e-02
1.145490000000000050e-02
1.382804999999999972e-02
9.376739999999999728e-03
8.993630000000000721e-03
9.312169999999999823e-03
1.000152999999999980e-02
1.074272000000000074e-02
1.425821000000000033e-02
1.725269999999999929e-02
1.594034999999999896e-02
1.224488999999999959e-02
8.997220000000000217e-03
8.597439999999999596e-03
8.948529999999999679e-03
