4.303585000000000049e-02
7.709338999999999775e-02
8.397698000000000662e-02
1.231772200000000039e-01
1.603837599999999863e-01
1.741950100000000112e-01
2.481025799999999892e-01
1.904258899999999866e-01
1.495007299999999983e-01
3.868768000000000207e-02
2.468893999999999950e-02
2.739990000000000134e-02
5.162868999999999792e-02
1.400898200000000038e-01
2.498385499999999926e-01
2.753825500000000037e-01
2.501568499999999862e-01
2.270691800000000093e-01
3.174337400000000198e-01
3.801834000000000047e-01
2.063890999999999920e-01
6.628333000000000141e-02
1.501984700000000006e-01
3.480652300000000032e-01
6.669845599999999486e-01
8.816073500000000118e-01
9.190455100000000099e-01
9.195412400000000375e-01
9.098045200000000055e-01
7.428821899999999978e-01
5.284056099999999701e-01
2.977240099999999834e-01
1.439184400000000086e-01
3.962244000000000183e-02
5.978322999999999970e-02
1.254584300000000097e-01
1.938363600000000131e-01
4.366909600000000169e-01
4.118813299999999900e-01
3.224645899999999954e-01
2.447176600000000035e-01
1.643040900000000137e-01
9.811949999999999839e-02
5.706910999999999928e-02
5.228089999999999821e-02
5.735959000000000196e-02
4.223470000000000002e-02
1.013056100000000043e-01
6.876066000000000122e-02
5.723475000000000090e-02
4.128475000000000200e-02
2.986335999999999852e-02
3.723035999999999707e-02
5.680879999999999957e-02
7.183836000000000388e-02
4.492941000000000296e-02
2.719898999999999928e-02
2.109259000000000134e-02
2.573179000000000091e-02
2.865194000000000074e-02
2.882151000000000157e-02
6.576070000000000526e-02
1.074015100000000056e-01
3.134706999999999771e-02
