7.697459999999999719e-03
9.560370000000000326e-03
8.934350000000000624e-03
9.248219999999999705e-03
9.537949999999999900e-03
8.736739999999999784e-03
8.288719999999999422e-03
8.387900000000000217e-03
8.458190000000000847e-03
8.982930000000000081e-03
1.009174000000000009e-02
1.183711999999999959e-02
1.160884000000000048e-02
1.016914000000000012e-02
1.027265999999999943e-02
9.576930000000000859e-03
9.151740000000000222e-03
9.583110000000000586e-03
1.127300999999999997e-02
1.155077000000000013e-02
1.247593999999999960e-02
1.566220000000000112e-02
1.618197999999999859e-02
1.151736000000000079e-02
9.817690000000000444e-03
1.164917000000000036e-02
1.041225999999999957e-02
9.889039999999999983e-03
1.231700999999999976e-02
1.178071999999999973e-02
8.992270000000000124e-03
9.234739999999999963e-03
1.043701000000000004e-02
9.334280000000000355e-03
1.052658000000000066e-02
1.091820999999999937e-02
1.108624000000000068e-02
1.260753000000000047e-02
1.299272999999999921e-02
1.367072000000000079e-02
1.473285000000000046e-02
1.105422000000000002e-02
9.739990000000000453e-03
1.068297999999999991e-02
1.199178000000000049e-02
1.212278999999999961e-02
1.428080999999999968e-02
1.875660999999999995e-02
1.481445999999999978e-02
2.604267000000000040e-02
2.860160999999999953e-02
3.164014999999999883e-02
2.352303000000000033e-02
1.701636999999999941e-02
1.228474000000000059e-02
1.466448000000000057e-02
2.928974999999999981e-02
4.612718999999999847e-02
6.428425000000000111e-02
7.685446999999999418e-02
1.033298899999999937e-01
1.298462599999999911e-01
1.077331499999999997e-01
1.039195000000000049e-02
