7.428080000000000099e-03
1.364101000000000029e-02
1.754589000000000149e-02
1.901539999999999828e-02
1.891191999999999873e-02
2.291179999999999953e-02
2.270948999999999884e-02
2.776800999999999922e-02
2.515320999999999876e-02
2.289528999999999870e-02
1.828122999999999901e-02
1.110650000000000005e-02
1.758838000000000068e-02
3.615838999999999859e-02
5.955508000000000329e-02
8.388288000000000688e-02
8.504491999999999607e-02
7.648067999999999533e-02
7.022670999999999775e-02
5.934807999999999750e-02
4.207116000000000328e-02
2.934466999999999978e-02
1.441784999999999942e-02
1.115324000000000003e-02
9.689980000000000815e-03
1.246539999999999974e-02
1.652183000000000124e-02
1.910426999999999959e-02
2.468814000000000078e-02
3.807508999999999894e-02
3.662731000000000320e-02
2.608446000000000028e-02
2.493588000000000054e-02
1.520271999999999943e-02
1.534663999999999993e-02
1.324854999999999956e-02
1.247525000000000023e-02
1.114161999999999965e-02
9.683570000000000719e-03
1.280128999999999989e-02
1.143880000000000070e-02
1.030882999999999973e-02
9.153879999999999656e-03
8.888490000000000626e-03
8.698519999999999516e-03
9.676010000000000513e-03
9.924960000000000032e-03
9.680090000000000569e-03
9.033980000000000482e-03
9.742499999999999424e-03
1.316347999999999997e-02
1.186689999999999967e-02
1.093507999999999980e-02
9.273840000000000208e-03
8.484500000000000722e-03
9.505529999999999882e-03
1.073630000000000070e-02
1.132584000000000021e-02
1.207607999999999945e-02
1.140822000000000017e-02
8.237059999999999174e-03
8.709059999999999371e-03
9.736470000000000541e-03
8.737810000000000368e-03
