7.672779999999999705e-03
9.050330000000000527e-03
8.857409999999999589e-03
8.432339999999999974e-03
8.627090000000000453e-03
8.523960000000000564e-03
8.158330000000000096e-03
8.456359999999999572e-03
8.535380000000000397e-03
9.009849999999999803e-03
8.843459999999999169e-03
9.362570000000000614e-03
9.917890000000000386e-03
9.625520000000000256e-03
8.878419999999999715e-03
8.603660000000000821e-03
8.553200000000000386e-03
9.386850000000000402e-03
9.857650000000000787e-03
1.345477999999999952e-02
1.542326999999999934e-02
1.916214999999999932e-02
1.680426000000000142e-02
1.488323000000000076e-02
1.157049999999999919e-02
1.179909999999999987e-02
1.190198999999999944e-02
9.561840000000000270e-03
8.733970000000000622e-03
8.657029999999999587e-03
9.152399999999999772e-03
1.019488999999999986e-02
9.464389999999999609e-03
9.822529999999999456e-03
1.069253000000000044e-02
1.015717000000000009e-02
9.197510000000000754e-03
1.258674000000000077e-02
1.169115000000000085e-02
1.008677000000000011e-02
9.059700000000000392e-03
8.723929999999999532e-03
9.085350000000000717e-03
8.971689999999999179e-03
8.876059999999999853e-03
8.438140000000000224e-03
9.055459999999999551e-03
8.643859999999999738e-03
8.876099999999999615e-03
8.733539999999999706e-03
9.439760000000000165e-03
9.573379999999999390e-03
8.870760000000000103e-03
9.477899999999999173e-03
9.891930000000000167e-03
9.109330000000000552e-03
8.427810000000000856e-03
8.765540000000000484e-03
8.391519999999999535e-03
8.360140000000000279e-03
8.637189999999999451e-03
9.035249999999999879e-03
8.374780000000000071e-03
7.521650000000000384e-03
