7.777199999999999738e-03
9.821929999999999550e-03
1.217917999999999952e-02
1.081415999999999975e-02
1.070003999999999920e-02
9.985819999999999419e-03
9.044460000000000693e-03
8.125580000000000302e-03
8.649000000000000438e-03
1.043447999999999945e-02
1.039203000000000002e-02
1.099761999999999962e-02
9.492330000000000212e-03
8.849769999999999859e-03
9.755369999999999320e-03
1.196918999999999934e-02
1.138215000000000060e-02
9.390459999999999779e-03
7.788220000000000212e-03
8.123270000000000143e-03
8.812459999999999391e-03
9.549270000000000327e-03
9.855140000000000081e-03
1.017084000000000044e-02
1.266891000000000024e-02
1.414951000000000056e-02
1.511032000000000000e-02
1.145848999999999999e-02
1.079259999999999942e-02
1.081752000000000061e-02
9.858189999999999314e-03
1.166755000000000049e-02
1.332777999999999914e-02
1.331801999999999986e-02
1.337001999999999982e-02
2.028976000000000043e-02
1.896536000000000055e-02
1.810664999999999844e-02
1.558650999999999960e-02
1.058183000000000040e-02
1.286956000000000037e-02
1.974758000000000069e-02
3.932773999999999992e-02
6.169693999999999873e-02
7.460050999999999488e-02
8.849281000000000508e-02
9.167124000000000106e-02
7.877551000000000692e-02
8.211807999999999608e-02
3.851823000000000052e-02
2.129270999999999942e-02
1.413558000000000002e-02
9.779529999999999820e-03
1.122814999999999924e-02
1.080295000000000040e-02
1.054188999999999994e-02
1.252401000000000035e-02
1.591054999999999900e-02
1.694282999999999900e-02
2.463158000000000014e-02
2.903818000000000024e-02
1.763591000000000117e-02
1.165413000000000039e-02
8.905939999999999343e-03
