9.745580000000000215e-03
1.480603999999999948e-02
2.292001999999999928e-02
4.394100000000000089e-02
5.217987999999999793e-02
6.849019000000000634e-02
7.279831000000000496e-02
7.097230000000000205e-02
6.015754000000000240e-02
5.934588999999999837e-02
4.628531000000000312e-02
2.759255999999999862e-02
1.896665000000000156e-02
1.021541999999999936e-02
1.011837999999999974e-02
1.013905000000000015e-02
1.046495000000000064e-02
1.551989999999999967e-02
1.762847999999999846e-02
1.662749999999999992e-02
2.112386000000000125e-02
2.091225000000000028e-02
1.692155999999999869e-02
1.150920000000000068e-02
1.058691999999999966e-02
1.072996000000000019e-02
1.070466999999999946e-02
1.099635000000000022e-02
1.100958999999999965e-02
1.079946000000000031e-02
9.118390000000000523e-03
9.145649999999999960e-03
9.465740000000000265e-03
8.753890000000000282e-03
8.678440000000000806e-03
9.636250000000000718e-03
1.000787000000000031e-02
9.619539999999999341e-03
9.386429999999999427e-03
1.025587000000000026e-02
1.002749999999999996e-02
9.905070000000000194e-03
1.007907000000000074e-02
9.553930000000000408e-03
1.001277000000000070e-02
1.132225000000000072e-02
1.161743999999999971e-02
1.080168999999999921e-02
9.312590000000000798e-03
9.619859999999999176e-03
9.088950000000000154e-03
9.567880000000000829e-03
1.072230000000000058e-02
1.118507000000000008e-02
1.085597999999999945e-02
9.574469999999999856e-03
9.465889999999999374e-03
1.054363000000000002e-02
1.055505999999999979e-02
9.868770000000000667e-03
9.795200000000000434e-03
8.984989999999999991e-03
9.742209999999999412e-03
8.698030000000000692e-03
