7.918589999999999657e-03
1.196107000000000073e-02
8.955569999999999503e-03
9.300060000000000618e-03
8.863569999999999435e-03
8.684090000000000212e-03
8.105690000000000464e-03
8.588900000000000007e-03
1.054366999999999978e-02
1.064778000000000079e-02
9.518020000000000300e-03
8.984489999999999491e-03
1.013090999999999992e-02
1.126891000000000004e-02
1.174739999999999986e-02
8.923560000000000519e-03
9.066420000000000382e-03
8.954969999999999597e-03
1.022656000000000086e-02
1.079964999999999918e-02
8.717559999999999198e-03
9.893900000000000611e-03
9.314859999999999460e-03
8.479409999999999725e-03
1.103034999999999953e-02
1.147008000000000055e-02
1.047972999999999960e-02
1.076572999999999940e-02
1.037806999999999966e-02
1.234785000000000049e-02
1.200887999999999955e-02
1.117532000000000074e-02
1.299430000000000029e-02
9.889119999999999508e-03
1.118980999999999969e-02
1.014328999999999925e-02
1.750298999999999952e-02
1.401026000000000007e-02
1.054963000000000081e-02
1.247247999999999933e-02
1.910931000000000088e-02
2.717425000000000049e-02
1.906878999999999866e-02
1.328053000000000046e-02
1.522017999999999982e-02
2.151130999999999877e-02
4.341330000000000189e-02
5.448008000000000017e-02
5.618381000000000070e-02
5.412030000000000313e-02
6.164719999999999922e-02
6.404416999999999749e-02
5.339664000000000216e-02
5.599930999999999659e-02
3.395553999999999933e-02
2.442915999999999838e-02
1.165599999999999969e-02
9.270600000000000368e-03
1.045842999999999946e-02
1.200692000000000079e-02
1.268842000000000060e-02
1.125012000000000061e-02
1.432703999999999922e-02
9.835409999999999292e-03
