7.507400000000000011e-03
8.240920000000000536e-03
8.839249999999999885e-03
8.567919999999999703e-03
9.543519999999999781e-03
1.223727999999999969e-02
1.253898999999999986e-02
1.122574999999999962e-02
1.065366000000000056e-02
8.985730000000000800e-03
9.228339999999999807e-03
9.936900000000000246e-03
1.100057999999999939e-02
1.026114000000000019e-02
9.951049999999999479e-03
9.259999999999999135e-03
9.805430000000000396e-03
9.819549999999999806e-03
1.068007999999999978e-02
1.049245000000000039e-02
9.695509999999999198e-03
8.840469999999999579e-03
9.090100000000000263e-03
1.058657999999999995e-02
1.054405999999999920e-02
1.028211000000000055e-02
9.111110000000000389e-03
9.144029999999999173e-03
9.910489999999999230e-03
9.021339999999999221e-03
8.851130000000000456e-03
8.759839999999999641e-03
9.134440000000000615e-03
1.225263000000000047e-02
1.386416000000000037e-02
1.245200999999999947e-02
1.063743999999999974e-02
9.395159999999999623e-03
1.390823000000000059e-02
1.422541000000000083e-02
1.202909999999999917e-02
1.215219000000000021e-02
1.712906000000000151e-02
2.233471000000000067e-02
2.180291999999999994e-02
1.830955999999999903e-02
1.795427999999999955e-02
1.357434000000000071e-02
1.103306000000000078e-02
1.618377000000000010e-02
2.337026000000000034e-02
2.988328999999999985e-02
4.254277000000000059e-02
4.880501000000000283e-02
6.711905999999999428e-02
6.110568000000000249e-02
5.640921000000000129e-02
4.625046000000000018e-02
3.913475999999999760e-02
3.025392999999999832e-02
1.782761999999999888e-02
1.106710999999999979e-02
8.971770000000000439e-03
8.241349999999999718e-03
