1.039703999999999975e-02
1.675743999999999845e-02
1.622710999999999945e-02
1.363990999999999988e-02
1.006657000000000038e-02
1.077496000000000009e-02
1.141985000000000049e-02
1.469663000000000046e-02
1.639567000000000108e-02
2.175213000000000146e-02
2.555719999999999867e-02
2.553294999999999870e-02
2.849791999999999950e-02
2.432203000000000143e-02
2.054457999999999979e-02
1.634555999999999856e-02
1.580880999999999953e-02
1.044052999999999995e-02
9.386810000000000639e-03
8.389090000000000089e-03
9.986010000000000025e-03
9.131119999999999515e-03
1.147123000000000066e-02
1.376383999999999941e-02
1.769495999999999916e-02
1.726526000000000102e-02
1.394669999999999938e-02
1.006843999999999968e-02
9.358009999999999939e-03
8.483420000000000197e-03
8.892300000000000551e-03
9.404539999999999428e-03
9.623519999999999991e-03
9.426000000000000351e-03
8.531149999999999498e-03
8.819799999999999168e-03
8.904270000000000587e-03
8.665410000000000126e-03
8.505449999999999469e-03
9.156740000000000018e-03
8.321550000000000474e-03
7.969109999999999736e-03
8.348919999999999259e-03
8.164740000000000192e-03
8.385369999999999630e-03
8.915140000000000217e-03
9.103659999999999530e-03
8.917239999999999889e-03
8.289960000000000731e-03
8.725480000000000735e-03
9.613419999999999258e-03
9.039510000000000600e-03
9.352680000000000368e-03
8.605180000000000468e-03
8.084229999999999541e-03
8.563889999999999350e-03
8.610559999999999742e-03
8.521600000000000702e-03
8.798449999999999327e-03
8.524449999999999389e-03
8.344960000000000225e-03
8.289950000000000790e-03
8.199619999999999478e-03
7.197130000000000367e-03
