8.334100000000000535e-03
8.806120000000000614e-03
8.225049999999999376e-03
8.569629999999999956e-03
8.224949999999999969e-03
8.691449999999999870e-03
8.336899999999999519e-03
8.443020000000000733e-03
8.604080000000000061e-03
8.776829999999999354e-03
8.519960000000000033e-03
9.018609999999999821e-03
8.681200000000000028e-03
8.341599999999999362e-03
8.901970000000000369e-03
8.944040000000000323e-03
8.438720000000000249e-03
8.510800000000000656e-03
8.426909999999999262e-03
8.427189999999999334e-03
8.645669999999999397e-03
8.771030000000000840e-03
8.704869999999999969e-03
8.125439999999999399e-03
8.449230000000000282e-03
8.486920000000000228e-03
9.005680000000000282e-03
8.800449999999999592e-03
8.844799999999999884e-03
8.475089999999999360e-03
8.294849999999999446e-03
8.559799999999999354e-03
8.487069999999999337e-03
8.550890000000000227e-03
8.510129999999999431e-03
8.786149999999999516e-03
8.485329999999999262e-03
9.315689999999999735e-03
9.889890000000000139e-03
9.244290000000000493e-03
8.661189999999999167e-03
9.197500000000000814e-03
9.484259999999999566e-03
9.265509999999999372e-03
9.122059999999999544e-03
9.044160000000000740e-03
9.500369999999999301e-03
9.136780000000000596e-03
8.910960000000000755e-03
8.820530000000000037e-03
9.111920000000000783e-03
9.212009999999999643e-03
8.659949999999999593e-03
9.085470000000000004e-03
1.018581000000000000e-02
1.137937999999999970e-02
1.327165999999999936e-02
1.579679999999999973e-02
1.658946000000000032e-02
1.683826000000000073e-02
1.674273000000000081e-02
1.697840000000000113e-02
1.333960000000000007e-02
7.446959999999999864e-03
