7.398649999999999671e-03
8.677610000000000531e-03
9.019650000000000584e-03
8.314999999999999475e-03
8.786570000000000491e-03
8.490779999999999855e-03
8.875700000000000256e-03
8.930489999999999262e-03
8.979799999999999588e-03
8.269109999999999655e-03
9.493740000000000512e-03
1.108118999999999944e-02
1.115512999999999921e-02
1.076479999999999972e-02
9.975120000000000514e-03
9.197119999999999601e-03
8.476559999999999304e-03
9.629389999999999825e-03
1.264030000000000015e-02
1.415514000000000008e-02
1.363687000000000059e-02
1.341201000000000025e-02
1.243667000000000036e-02
1.140463000000000067e-02
1.401030999999999978e-02
1.458842999999999945e-02
1.046456999999999943e-02
9.549830000000000471e-03
1.152847000000000073e-02
1.268577000000000073e-02
1.021523000000000049e-02
9.253690000000000179e-03
1.154170000000000022e-02
9.510170000000000082e-03
1.131207000000000046e-02
1.511895000000000079e-02
1.354672999999999988e-02
1.230587999999999994e-02
1.336474999999999989e-02
1.668089000000000030e-02
1.898808000000000093e-02
1.560232999999999932e-02
1.022148999999999974e-02
1.110553000000000061e-02
1.596053999999999876e-02
1.989176999999999959e-02
2.138367000000000046e-02
2.115898999999999905e-02
1.432565000000000054e-02
2.022217999999999932e-02
2.096401999999999988e-02
2.008932999999999899e-02
1.732855000000000159e-02
1.412612000000000069e-02
1.029800999999999980e-02
1.137107000000000048e-02
1.477529999999999989e-02
2.216024000000000119e-02
2.928443999999999839e-02
3.614488999999999896e-02
4.938114999999999866e-02
6.466154000000000346e-02
4.888338999999999879e-02
9.005420000000000091e-03
