9.189740000000000061e-03
9.981349999999999945e-03
1.408827999999999990e-02
2.440060999999999966e-02
4.099656000000000133e-02
5.200604999999999811e-02
7.543154999999999999e-02
8.579494000000000009e-02
8.051331000000000460e-02
7.496717999999999438e-02
7.187971999999999417e-02
5.078302999999999984e-02
3.486316999999999888e-02
2.099242000000000122e-02
1.166814000000000046e-02
9.415750000000000508e-03
9.475539999999999310e-03
1.016165999999999944e-02
1.287979000000000034e-02
1.433011000000000007e-02
1.873527999999999999e-02
2.361318000000000097e-02
1.947209999999999913e-02
1.382537999999999996e-02
1.434577000000000074e-02
1.355289999999999967e-02
1.290958000000000036e-02
1.118338999999999965e-02
1.268037999999999978e-02
1.132258000000000049e-02
9.567539999999999378e-03
9.591979999999999951e-03
9.794739999999999697e-03
9.358160000000000783e-03
9.129730000000000831e-03
9.172949999999999160e-03
1.013339000000000080e-02
1.126083999999999939e-02
9.689130000000000659e-03
8.344999999999999987e-03
9.371279999999999194e-03
9.766270000000000506e-03
1.200852999999999990e-02
1.071969000000000047e-02
8.824379999999999724e-03
8.981140000000000304e-03
9.733439999999999453e-03
9.797639999999999821e-03
1.047110000000000055e-02
1.012446000000000006e-02
9.187280000000000793e-03
8.806659999999999142e-03
9.621090000000000544e-03
1.071953999999999962e-02
1.130401999999999969e-02
1.171337000000000073e-02
1.006524999999999954e-02
8.800449999999999592e-03
8.839349999999999291e-03
9.293819999999999512e-03
9.632280000000000009e-03
9.041580000000000450e-03
1.028366999999999996e-02
7.825860000000000455e-03
