7.048709999999999698e-03
8.153389999999999943e-03
8.153519999999999171e-03
8.417749999999999885e-03
8.475899999999999754e-03
8.567899999999999822e-03
8.599819999999999340e-03
8.091559999999999378e-03
8.282760000000000122e-03
8.489049999999999721e-03
8.798349999999999921e-03
8.288330000000000003e-03
8.857230000000000658e-03
8.761009999999999631e-03
9.904390000000000763e-03
9.171659999999999882e-03
8.986199999999999743e-03
9.196450000000000111e-03
8.261140000000000150e-03
8.638140000000000748e-03
8.892670000000000088e-03
8.446209999999999135e-03
9.075700000000000781e-03
8.677380000000000163e-03
9.784170000000000020e-03
9.539580000000000629e-03
1.206694999999999990e-02
1.318940000000000043e-02
1.245600000000000006e-02
1.052195000000000040e-02
8.819910000000000250e-03
8.590550000000000616e-03
1.102336999999999935e-02
1.274928999999999993e-02
1.426747000000000085e-02
2.127360999999999835e-02
2.711906000000000039e-02
2.990485000000000018e-02
2.024172999999999945e-02
1.403869999999999944e-02
1.013670000000000022e-02
1.008905000000000045e-02
1.512256000000000017e-02
1.534263999999999940e-02
9.976219999999999186e-03
1.096343999999999964e-02
1.287691000000000009e-02
1.147801000000000030e-02
9.982939999999999175e-03
1.131214999999999998e-02
9.085750000000000076e-03
1.174648000000000012e-02
8.322309999999999430e-03
8.791639999999999872e-03
1.020942000000000030e-02
9.124929999999999847e-03
8.972720000000000001e-03
1.374905000000000051e-02
1.055833999999999939e-02
9.747769999999999352e-03
1.085013999999999944e-02
9.201199999999999657e-03
8.109170000000000614e-03
7.656360000000000075e-03
