7.377940000000000366e-03
9.117349999999999760e-03
9.327669999999999711e-03
9.603290000000000437e-03
9.807830000000000020e-03
1.217697000000000050e-02
1.134487999999999989e-02
1.272600999999999941e-02
1.582605000000000123e-02
1.337193000000000062e-02
1.121399000000000007e-02
9.828530000000000252e-03
9.333170000000000008e-03
1.256912999999999954e-02
2.060313999999999895e-02
2.833064999999999889e-02
3.758986999999999745e-02
3.846725000000000144e-02
4.176472999999999991e-02
3.712878000000000012e-02
3.258513999999999855e-02
1.913762999999999923e-02
1.336763000000000014e-02
9.782100000000000170e-03
9.287000000000000116e-03
1.071460999999999941e-02
1.083961999999999946e-02
1.313038000000000052e-02
1.117495999999999941e-02
1.313813999999999954e-02
1.536216999999999964e-02
1.216092000000000041e-02
1.159782000000000000e-02
8.788370000000000209e-03
9.807279999999999817e-03
1.025361999999999975e-02
9.382180000000000381e-03
1.218657000000000074e-02
8.856650000000000633e-03
1.050619000000000032e-02
1.010736999999999920e-02
8.742649999999999380e-03
8.701010000000000341e-03
8.505749999999999422e-03
8.417680000000000301e-03
9.333819999999999617e-03
8.577529999999999877e-03
8.846510000000000137e-03
8.701149999999999510e-03
9.399829999999999644e-03
1.049631000000000002e-02
9.790719999999999285e-03
8.598339999999999456e-03
8.774449999999999611e-03
8.555099999999999510e-03
8.772749999999999299e-03
8.763480000000000575e-03
9.117220000000000532e-03
1.025325000000000021e-02
9.336570000000000633e-03
8.272160000000000624e-03
8.150789999999999771e-03
8.822919999999999721e-03
7.466760000000000237e-03
