8.658789999999999543e-03
1.321235999999999938e-02
1.109072000000000009e-02
1.256939999999999967e-02
9.490550000000000375e-03
9.262680000000000566e-03
1.053185000000000059e-02
9.635579999999999493e-03
1.056788999999999992e-02
1.291996999999999937e-02
1.245333000000000030e-02
8.943239999999999870e-03
8.989580000000000487e-03
1.043049000000000059e-02
1.163167000000000020e-02
1.417639000000000052e-02
1.566885999999999973e-02
9.310050000000000270e-03
8.645160000000000691e-03
1.045639999999999938e-02
1.155336000000000037e-02
1.170492000000000060e-02
1.210163000000000037e-02
1.378785000000000080e-02
2.114666999999999936e-02
2.140210000000000029e-02
2.001085999999999837e-02
1.466191000000000022e-02
1.212619000000000023e-02
1.040728999999999960e-02
1.289982999999999928e-02
2.117445999999999912e-02
2.498846999999999874e-02
2.233840999999999952e-02
2.990688999999999848e-02
3.864175999999999722e-02
3.824016000000000221e-02
4.226077000000000305e-02
2.627198000000000033e-02
1.328572000000000086e-02
2.631454000000000085e-02
6.097070999999999741e-02
1.131592399999999943e-01
1.628211900000000045e-01
1.719535899999999895e-01
1.687038100000000096e-01
1.512055200000000099e-01
1.531562499999999938e-01
1.142858399999999996e-01
3.033771999999999858e-02
2.046235999999999888e-02
2.518108999999999972e-02
1.358654999999999932e-02
1.830822000000000005e-02
4.207993000000000150e-02
5.033549999999999830e-02
5.866600000000000287e-02
5.522681000000000118e-02
5.985403000000000251e-02
8.658863999999999450e-02
6.301296000000000674e-02
4.770130999999999677e-02
2.170563000000000006e-02
1.375472999999999973e-02
