2.110191000000000150e-02
3.383495000000000252e-02
2.383920999999999957e-02
1.754545999999999883e-02
1.156000000000000083e-02
9.734470000000000275e-03
8.683369999999999284e-03
8.672809999999999547e-03
9.210110000000000519e-03
9.135819999999999358e-03
1.054675000000000057e-02
1.254085999999999916e-02
1.422368000000000070e-02
1.981168000000000165e-02
2.722656000000000034e-02
1.765896000000000132e-02
1.289408000000000047e-02
1.018716000000000066e-02
9.133419999999999733e-03
9.232100000000000029e-03
9.996820000000000012e-03
1.049274000000000040e-02
9.832050000000000164e-03
8.435579999999999815e-03
8.406479999999999161e-03
9.006590000000000082e-03
9.397410000000000138e-03
9.693800000000000680e-03
9.895410000000000317e-03
9.523049999999999918e-03
9.030319999999999667e-03
8.347059999999999896e-03
8.506230000000000041e-03
8.802120000000000083e-03
1.034250999999999920e-02
1.012069999999999984e-02
8.937719999999999693e-03
8.698670000000000360e-03
9.066650000000000750e-03
9.674999999999999573e-03
9.795540000000000150e-03
9.303779999999999342e-03
9.501110000000000111e-03
8.417670000000000360e-03
9.182219999999999618e-03
1.019983000000000001e-02
1.124187999999999923e-02
1.009700000000000007e-02
8.607099999999999473e-03
8.683969999999999190e-03
8.715199999999999336e-03
9.019779999999999812e-03
1.015153000000000062e-02
1.012930000000000080e-02
9.069630000000000400e-03
8.571139999999999662e-03
9.239489999999999509e-03
9.269579999999999487e-03
9.215819999999999568e-03
8.287120000000000250e-03
8.812949999999999950e-03
8.435659999999999339e-03
8.675590000000000385e-03
7.593820000000000257e-03
