1.772322000000000133e-02
4.062302999999999747e-02
4.591176000000000285e-02
5.001479999999999815e-02
4.666602999999999724e-02
4.530961000000000016e-02
3.840045000000000264e-02
2.408793000000000045e-02
1.486963000000000000e-02
1.220879000000000061e-02
1.213788000000000020e-02
8.966609999999999858e-03
9.675529999999999894e-03
1.227664000000000012e-02
1.481384999999999993e-02
1.684182000000000040e-02
1.873649999999999968e-02
2.178435999999999914e-02
1.653154000000000082e-02
1.217045999999999926e-02
1.006818999999999943e-02
9.810859999999999373e-03
8.608430000000000248e-03
8.752730000000000232e-03
8.598259999999999931e-03
1.002334000000000037e-02
8.981019999999999281e-03
9.187789999999999499e-03
8.827200000000000324e-03
9.145850000000000507e-03
8.719789999999999833e-03
9.399209999999999857e-03
9.536990000000000398e-03
8.269459999999999311e-03
8.924180000000000307e-03
8.503359999999999738e-03
8.698050000000000573e-03
9.496889999999999152e-03
9.448379999999999279e-03
9.324119999999999978e-03
8.371210000000000456e-03
9.082269999999999927e-03
1.051530999999999993e-02
1.043958000000000039e-02
1.225780999999999919e-02
9.396470000000000516e-03
8.425280000000000269e-03
9.279849999999999210e-03
1.009416999999999953e-02
9.510819999999999691e-03
8.520430000000000711e-03
8.504499999999999907e-03
8.278630000000000363e-03
8.316910000000000275e-03
8.924009999999999582e-03
9.309939999999999188e-03
9.394649999999999182e-03
9.811250000000000526e-03
9.687450000000000228e-03
8.732520000000000560e-03
8.503000000000000141e-03
9.691309999999999855e-03
8.955509999999999859e-03
8.336269999999999791e-03
