7.958099999999999202e-03
9.022499999999999271e-03
1.108498999999999943e-02
1.687823999999999922e-02
2.629412999999999889e-02
2.941629999999999939e-02
3.810510000000000286e-02
3.803908999999999763e-02
3.859685999999999673e-02
4.050401000000000001e-02
4.229345999999999800e-02
2.403761000000000092e-02
1.951345999999999983e-02
1.170678999999999990e-02
8.696540000000000867e-03
9.073039999999999231e-03
1.008942999999999993e-02
1.208886999999999982e-02
1.259005000000000020e-02
1.241649000000000051e-02
1.582617000000000052e-02
1.695061000000000137e-02
1.429645000000000048e-02
1.087213000000000068e-02
1.073430000000000044e-02
1.015560000000000074e-02
1.000173000000000034e-02
1.044422000000000059e-02
1.092274000000000023e-02
1.014098000000000083e-02
9.336489999999999373e-03
8.667990000000000417e-03
8.580600000000000727e-03
8.504440000000000263e-03
8.529079999999999648e-03
8.565959999999999200e-03
8.960330000000000725e-03
8.949030000000000179e-03
8.808710000000000845e-03
8.871479999999999297e-03
8.985740000000000741e-03
8.981329999999999175e-03
9.068130000000000634e-03
1.003542999999999970e-02
9.588070000000000620e-03
8.832200000000000120e-03
1.000667000000000049e-02
1.040756999999999967e-02
9.738439999999999250e-03
9.154870000000000715e-03
9.345300000000000828e-03
8.680329999999999990e-03
8.619659999999999475e-03
9.864249999999999755e-03
1.021792000000000013e-02
1.025892999999999944e-02
1.002922000000000015e-02
8.677829999999999225e-03
9.430759999999999837e-03
9.162029999999999827e-03
9.076449999999999796e-03
8.969180000000000208e-03
9.492419999999999677e-03
7.633659999999999578e-03
