8.667110000000000439e-03
1.345465000000000029e-02
1.260025000000000034e-02
1.125637999999999986e-02
1.350472999999999951e-02
1.103728999999999995e-02
1.267963000000000076e-02
1.241415000000000053e-02
1.087262999999999945e-02
1.114586000000000049e-02
1.480589000000000037e-02
1.408366999999999952e-02
1.686622000000000121e-02
1.730662000000000172e-02
1.550581000000000008e-02
1.299864000000000054e-02
9.674540000000000570e-03
1.276254999999999924e-02
2.227567000000000089e-02
2.857410999999999979e-02
2.274266999999999955e-02
1.585369000000000014e-02
1.535866999999999961e-02
1.518763000000000057e-02
2.258929999999999966e-02
2.328790999999999847e-02
1.620763000000000065e-02
1.252371000000000040e-02
1.258823000000000060e-02
1.670336000000000043e-02
1.343208000000000076e-02
1.485385000000000004e-02
1.506947999999999968e-02
1.122110999999999942e-02
1.374413000000000024e-02
1.527610000000000079e-02
1.397630000000000053e-02
1.558920999999999918e-02
1.950781000000000043e-02
2.600885000000000002e-02
2.630112000000000075e-02
1.931379999999999902e-02
1.106122000000000008e-02
1.325798000000000081e-02
2.529566999999999927e-02
3.851352999999999721e-02
5.026714999999999656e-02
3.747491000000000017e-02
3.151754999999999834e-02
4.655596000000000040e-02
5.041885000000000117e-02
5.354630999999999974e-02
4.517750000000000238e-02
2.986911000000000080e-02
1.747713999999999865e-02
1.790519999999999959e-02
2.667506000000000044e-02
5.376689999999999942e-02
7.847141000000000532e-02
1.125210100000000046e-01
1.672322599999999937e-01
2.031405300000000136e-01
2.205134599999999945e-01
1.351889000000000042e-02
