7.888539999999999441e-03
8.848140000000000865e-03
8.712430000000000174e-03
8.773599999999999455e-03
8.659009999999999971e-03
8.857189999999999161e-03
8.690649999999999417e-03
8.524659999999999876e-03
8.669279999999999695e-03
9.144390000000000504e-03
9.309279999999999639e-03
1.015841999999999960e-02
9.922359999999999861e-03
9.447550000000000739e-03
9.629789999999999184e-03
9.131649999999999837e-03
8.940669999999999520e-03
9.169949999999999629e-03
1.014903999999999980e-02
9.784879999999999273e-03
1.018778000000000045e-02
1.068292000000000026e-02
1.124824999999999957e-02
1.014199999999999997e-02
9.865769999999999401e-03
9.785689999999999666e-03
9.230300000000000310e-03
9.243829999999999755e-03
9.676960000000000076e-03
9.046169999999999212e-03
8.532069999999999238e-03
8.789379999999999415e-03
9.118410000000000404e-03
8.822870000000000018e-03
8.465530000000000624e-03
9.023019999999999652e-03
9.323980000000000809e-03
8.976939999999999226e-03
9.494680000000000133e-03
9.570149999999999491e-03
9.605739999999999765e-03
9.201219999999999538e-03
9.005670000000000341e-03
8.824339999999999962e-03
8.648170000000000163e-03
8.358869999999999148e-03
8.563909999999999231e-03
8.486749999999999503e-03
8.575920000000000765e-03
9.002009999999999526e-03
9.072210000000000690e-03
9.868909999999999835e-03
9.834360000000000324e-03
9.886880000000000668e-03
9.218280000000000571e-03
8.999619999999999842e-03
8.957790000000000197e-03
1.053623000000000060e-02
1.292064000000000060e-02
1.506162999999999946e-02
1.643174999999999844e-02
1.760172000000000125e-02
1.464975999999999952e-02
7.463629999999999744e-03
