7.199090000000000003e-03
8.420949999999999963e-03
8.413020000000000220e-03
8.574369999999999561e-03
8.180569999999999856e-03
8.284269999999999828e-03
8.391970000000000332e-03
8.117070000000000535e-03
8.221779999999999713e-03
8.650180000000000369e-03
8.560369999999999438e-03
8.204899999999999347e-03
8.416059999999999514e-03
8.674050000000000857e-03
9.370049999999999560e-03
9.640350000000000655e-03
9.028740000000000376e-03
8.672910000000000688e-03
8.336770000000000291e-03
8.435510000000000230e-03
8.318070000000000325e-03
8.499140000000000514e-03
8.407450000000000340e-03
8.001370000000000704e-03
8.114849999999999841e-03
8.524989999999999651e-03
8.399540000000000478e-03
8.399530000000000537e-03
8.508899999999999797e-03
8.116639999999999619e-03
7.943169999999999398e-03
8.184630000000000030e-03
8.238739999999999605e-03
8.163159999999999167e-03
8.186070000000000152e-03
8.202980000000000341e-03
8.393460000000000157e-03
8.207060000000000397e-03
8.414829999999999879e-03
8.264270000000000643e-03
8.098690000000000402e-03
8.047449999999999395e-03
8.180359999999999368e-03
8.280080000000000426e-03
8.256440000000000307e-03
8.454279999999999781e-03
8.447939999999999269e-03
8.454420000000000684e-03
8.169680000000000344e-03
8.108350000000000279e-03
8.134290000000000617e-03
8.125709999999999530e-03
8.012170000000000750e-03
8.353350000000000705e-03
8.844930000000000847e-03
8.678089999999999415e-03
8.706709999999999450e-03
8.546319999999999611e-03
8.333580000000000154e-03
8.172759999999999400e-03
8.209509999999999724e-03
8.245610000000000439e-03
7.740350000000000008e-03
7.268850000000000311e-03
