7.425400000000000403e-03
8.385379999999999570e-03
8.458689999999999612e-03
8.366800000000000626e-03
8.866749999999999632e-03
8.596049999999999178e-03
8.903859999999999553e-03
8.871600000000000319e-03
8.195469999999999838e-03
8.131180000000000005e-03
8.356580000000000605e-03
8.122229999999999381e-03
8.455189999999999581e-03
8.623999999999999722e-03
8.416160000000000654e-03
8.478889999999999344e-03
8.331150000000000708e-03
8.117759999999999906e-03
8.462429999999999952e-03
8.730220000000000341e-03
8.563889999999999350e-03
8.184260000000000493e-03
8.993980000000000377e-03
9.088870000000000629e-03
8.527140000000000761e-03
8.595570000000000294e-03
8.548649999999999652e-03
8.511970000000000647e-03
8.321530000000000593e-03
8.616230000000000763e-03
8.640490000000000670e-03
8.665539999999999354e-03
8.449069999999999497e-03
9.293100000000000319e-03
8.345909999999999787e-03
8.479479999999999310e-03
8.213450000000000611e-03
9.017980000000000093e-03
1.134673999999999926e-02
9.762520000000000225e-03
8.380159999999999346e-03
8.959649999999999559e-03
1.000515000000000085e-02
9.266969999999999374e-03
1.191863999999999944e-02
1.520515000000000061e-02
1.314627999999999977e-02
9.657310000000000547e-03
9.336969999999999992e-03
1.282949000000000069e-02
1.776842000000000005e-02
2.096856000000000067e-02
2.793245999999999923e-02
3.612724999999999964e-02
3.773556000000000132e-02
3.105076000000000017e-02
2.861295000000000158e-02
2.440290999999999988e-02
2.043046999999999919e-02
1.446661999999999948e-02
1.112770000000000079e-02
8.958439999999999806e-03
8.273819999999999439e-03
7.619100000000000178e-03
