7.455190000000000428e-03
8.429829999999999268e-03
8.410050000000000511e-03
8.223080000000000667e-03
8.272639999999999508e-03
8.394499999999999185e-03
8.476690000000000266e-03
8.178029999999999328e-03
8.621480000000000810e-03
8.089870000000000741e-03
8.770079999999999543e-03
9.240069999999999534e-03
8.957619999999999472e-03
9.492330000000000212e-03
9.160049999999999443e-03
8.822230000000000349e-03
8.139000000000000401e-03
8.612500000000000364e-03
9.388719999999999705e-03
1.020901999999999921e-02
9.668710000000000498e-03
8.833250000000000823e-03
8.909419999999999493e-03
9.100199999999999262e-03
9.445429999999999451e-03
1.126498000000000083e-02
9.640239999999999573e-03
8.537160000000000235e-03
8.707569999999999547e-03
9.553890000000000646e-03
8.833689999999999945e-03
8.893540000000000126e-03
9.102229999999999349e-03
8.404560000000000156e-03
8.999520000000000436e-03
9.956170000000000297e-03
9.541080000000000394e-03
9.325770000000000587e-03
9.952749999999999792e-03
1.044309000000000036e-02
1.138955000000000002e-02
1.106946999999999966e-02
9.024429999999999952e-03
9.327449999999999283e-03
1.327572999999999948e-02
1.788995000000000168e-02
1.892966999999999914e-02
1.560983999999999983e-02
1.208393999999999961e-02
1.587925000000000100e-02
1.551858000000000057e-02
1.667524000000000090e-02
1.416884000000000025e-02
1.266190000000000024e-02
9.171210000000000820e-03
9.370260000000000047e-03
1.227686000000000055e-02
1.678614000000000148e-02
1.901285999999999948e-02
2.081807000000000102e-02
2.686563000000000145e-02
3.670007000000000130e-02
2.768009000000000094e-02
8.004209999999999450e-03
