7.559100000000000021e-03
9.011619999999999700e-03
9.596409999999999663e-03
9.519329999999999459e-03
8.999560000000000198e-03
9.748780000000000293e-03
8.952180000000000554e-03
8.515639999999999668e-03
8.141950000000000229e-03
9.140519999999999201e-03
8.926550000000000110e-03
9.083229999999999429e-03
8.720820000000000655e-03
8.492599999999999455e-03
9.119920000000000110e-03
9.390209999999999529e-03
9.639929999999999680e-03
9.290970000000000825e-03
8.606259999999999258e-03
8.458769999999999137e-03
8.635349999999999970e-03
9.689619999999999483e-03
9.257519999999999985e-03
8.951650000000000232e-03
8.667040000000000854e-03
8.647429999999999353e-03
9.366690000000000432e-03
9.997469999999999621e-03
9.588730000000000170e-03
9.169170000000000792e-03
9.949150000000000355e-03
9.911800000000000124e-03
9.623589999999999575e-03
8.819409999999999750e-03
8.623469999999999400e-03
8.640280000000000182e-03
9.249429999999999458e-03
9.505519999999999942e-03
9.898900000000000407e-03
9.117290000000000116e-03
8.236530000000000587e-03
8.986209999999999684e-03
1.136187999999999955e-02
1.156781999999999949e-02
1.109690999999999976e-02
9.490089999999999637e-03
1.079776999999999994e-02
1.017359999999999966e-02
9.513370000000000160e-03
1.097315999999999916e-02
1.429994000000000057e-02
1.633168999999999940e-02
1.505474000000000048e-02
1.718899000000000121e-02
1.692400000000000154e-02
1.266385000000000080e-02
1.208801999999999967e-02
1.114610000000000080e-02
1.032259999999999948e-02
1.026117999999999995e-02
9.368680000000000757e-03
9.049700000000000799e-03
9.126290000000000444e-03
7.733929999999999971e-03
