7.577620000000000189e-03
1.616654999999999828e-02
1.713090999999999919e-02
1.005092999999999959e-02
2.045235000000000108e-02
1.253952000000000018e-02
1.740097999999999992e-02
2.022416999999999965e-02
1.277251000000000081e-02
1.061968999999999934e-02
1.961892999999999970e-02
1.312889000000000070e-02
1.778818000000000066e-02
1.960359000000000060e-02
2.064888999999999961e-02
2.551288999999999987e-02
2.359837999999999866e-02
2.428823000000000093e-02
2.100139999999999993e-02
3.389020000000000227e-02
3.458835999999999855e-02
1.502651999999999981e-02
1.186771000000000006e-02
1.336946999999999962e-02
1.908686999999999884e-02
4.385850000000000165e-02
3.740730999999999917e-02
2.855484999999999968e-02
1.575199000000000044e-02
1.968200000000000158e-02
1.460241999999999964e-02
2.229880999999999877e-02
3.584659999999999930e-02
1.841773000000000021e-02
1.773179999999999895e-02
2.669712999999999947e-02
1.941466000000000025e-02
1.080438000000000058e-02
1.291036999999999914e-02
2.048300999999999941e-02
3.920040999999999803e-02
3.825960999999999945e-02
3.204200000000000104e-02
3.454154999999999726e-02
2.570172000000000082e-02
3.646798999999999874e-02
7.209561000000000441e-02
7.234833000000000236e-02
5.642312000000000022e-02
8.939843999999999569e-02
9.638607999999999898e-02
9.605964000000000169e-02
9.933482000000000423e-02
9.889175999999999522e-02
4.765318000000000331e-02
5.263827000000000089e-02
3.282120000000000176e-02
6.263196000000000041e-02
9.589654000000000234e-02
1.460224200000000139e-01
2.831462000000000145e-01
4.458327899999999788e-01
3.773684199999999822e-01
2.499499999999999986e-02
