1.220401999999999945e-02
1.781622999999999887e-02
1.085782000000000067e-02
1.516997999999999958e-02
1.555225000000000010e-02
1.381661000000000000e-02
8.392699999999999466e-03
8.831340000000000023e-03
1.093769999999999985e-02
1.972138000000000016e-02
1.719456999999999930e-02
2.402487000000000025e-02
1.649859999999999868e-02
9.901319999999999913e-03
1.317829000000000049e-02
1.973932999999999938e-02
1.749175000000000035e-02
1.390569000000000006e-02
1.581507000000000052e-02
1.486311000000000056e-02
1.370422999999999954e-02
3.476346000000000297e-02
3.513697999999999821e-02
2.070013999999999882e-02
1.452456000000000060e-02
1.363002999999999958e-02
1.850206999999999893e-02
2.081567999999999960e-02
2.632504000000000094e-02
1.651938000000000017e-02
1.222421999999999918e-02
1.323299000000000003e-02
1.814887999999999918e-02
1.838793000000000025e-02
1.437698999999999921e-02
1.541940999999999971e-02
2.106914000000000009e-02
4.204738999999999699e-02
3.217638999999999916e-02
1.951179999999999928e-02
1.608209999999999848e-02
1.677112999999999868e-02
1.959806999999999869e-02
2.694445000000000173e-02
3.765467000000000120e-02
4.373874999999999985e-02
5.261666999999999733e-02
5.270807000000000270e-02
5.117209000000000341e-02
6.137541999999999998e-02
4.760630999999999891e-02
4.517846999999999835e-02
1.783358000000000165e-02
2.544936999999999894e-02
4.771564999999999834e-02
6.728554000000000479e-02
1.664130799999999910e-01
2.156841899999999979e-01
2.722096099999999907e-01
3.087668399999999869e-01
3.304696100000000247e-01
3.350242700000000129e-01
2.314063799999999949e-01
1.666371000000000172e-02
