8.132870000000000377e-03
9.799590000000000384e-03
1.053592000000000070e-02
1.154319000000000005e-02
1.193331000000000079e-02
1.277570999999999915e-02
1.150419999999999915e-02
9.772170000000000162e-03
9.577060000000000087e-03
9.848149999999999959e-03
1.056862000000000079e-02
1.070537000000000051e-02
9.287319999999999950e-03
9.140610000000000401e-03
9.077009999999999940e-03
1.060791999999999985e-02
1.223459000000000005e-02
1.173300000000000037e-02
1.096424000000000010e-02
9.854989999999999237e-03
9.710800000000000334e-03
1.013354999999999985e-02
1.139390000000000021e-02
1.008316000000000073e-02
9.032210000000000585e-03
9.310270000000000698e-03
1.053802000000000037e-02
1.169806999999999965e-02
1.107451999999999916e-02
8.690089999999999273e-03
9.380650000000000793e-03
1.052726000000000009e-02
1.181715000000000022e-02
1.248677999999999941e-02
1.141172000000000020e-02
9.751499999999999752e-03
1.080423999999999968e-02
1.277250000000000087e-02
1.299664000000000028e-02
1.046346000000000082e-02
9.519569999999999768e-03
9.955429999999999488e-03
1.125722000000000007e-02
1.222122999999999959e-02
1.359645999999999945e-02
1.056673999999999981e-02
1.001923000000000050e-02
1.077069999999999937e-02
1.126683000000000025e-02
1.827521999999999827e-02
2.815445000000000100e-02
3.269666999999999712e-02
3.650765999999999734e-02
4.117371000000000225e-02
3.986503999999999742e-02
3.212457999999999980e-02
2.631984999999999880e-02
1.856338999999999906e-02
1.443176000000000007e-02
1.064117000000000014e-02
9.559309999999999682e-03
9.100830000000000725e-03
8.766980000000000606e-03
7.965150000000000702e-03
