5.782008999999999760e-02
1.172753799999999985e-01
6.254498999999999476e-02
5.554293999999999898e-02
3.742194000000000076e-02
1.536031000000000028e-02
1.386915000000000023e-02
3.278551999999999855e-02
6.689254000000000033e-02
8.081615999999999800e-02
6.462985000000000257e-02
4.540405000000000135e-02
4.377371000000000040e-02
6.901079000000000241e-02
7.985119999999999718e-02
4.542067999999999800e-02
5.447487000000000162e-02
5.009770999999999669e-02
4.986236000000000140e-02
3.390234999999999776e-02
4.166071999999999831e-02
6.884184000000000136e-02
3.930974999999999747e-02
4.716909999999999853e-02
6.900497999999999355e-02
5.258895000000000236e-02
4.687701999999999841e-02
6.346335999999999644e-02
8.519838999999999885e-02
1.578136199999999878e-01
1.473573699999999875e-01
8.788332000000000088e-02
9.802621999999999725e-02
4.571456000000000131e-02
4.820371999999999851e-02
4.799223999999999851e-02
1.467078500000000008e-01
1.532400399999999940e-01
1.347192399999999901e-01
1.168663399999999991e-01
2.244960400000000078e-01
3.005685799999999741e-01
2.235560900000000129e-01
1.545602799999999943e-01
1.194841999999999987e-01
1.592885599999999957e-01
3.751401600000000003e-01
5.182234000000000007e-01
7.511928100000000441e-01
7.944923000000000401e-01
8.351313500000000500e-01
8.143560899999999769e-01
7.830530399999999780e-01
7.456864699999999901e-01
5.758873799999999488e-01
3.229138899999999812e-01
1.139942699999999948e-01
6.985494999999999899e-02
3.538858000000000281e-02
1.960581999999999950e-02
3.427759999999999835e-02
6.475851999999999997e-02
8.589752000000000498e-02
4.685009999999999869e-02
