2.579286000000000079e-02
3.054383999999999919e-02
2.905334999999999862e-02
1.002463299999999946e-01
2.021971499999999922e-01
3.138437900000000114e-01
4.467024499999999732e-01
5.519074200000000374e-01
5.556920199999999532e-01
5.715575200000000411e-01
5.338504899999999553e-01
3.809975400000000234e-01
3.021092400000000011e-01
2.090663799999999961e-01
6.515055999999999625e-02
3.093278000000000000e-02
2.601308999999999913e-02
2.594604000000000008e-02
3.653822000000000320e-02
6.364427999999999752e-02
1.099461899999999992e-01
1.359566299999999950e-01
1.226218399999999958e-01
9.858050000000000146e-02
1.030513900000000066e-01
7.661987000000000658e-02
6.453784999999999383e-02
3.379771000000000164e-02
5.179326000000000069e-02
4.422485000000000305e-02
2.415174999999999961e-02
2.719807999999999948e-02
2.872038000000000021e-02
2.261229000000000017e-02
2.662640999999999966e-02
1.872464000000000073e-02
3.252631999999999746e-02
4.200415999999999872e-02
2.858859999999999874e-02
1.282030999999999969e-02
1.497363999999999987e-02
1.861571000000000059e-02
4.954240000000000033e-02
3.916552999999999701e-02
2.116221000000000074e-02
1.468802999999999949e-02
1.991307999999999967e-02
2.302533999999999831e-02
3.042937000000000072e-02
4.966886999999999691e-02
2.785576000000000024e-02
2.157811000000000104e-02
2.022163000000000085e-02
3.932495999999999908e-02
4.848804000000000308e-02
4.912890000000000312e-02
4.578788000000000302e-02
1.638705000000000023e-02
1.602724999999999983e-02
2.001937000000000161e-02
3.296534999999999743e-02
2.297652000000000028e-02
5.727833000000000230e-02
2.024025999999999950e-02
