1.251259000000000052e-02
3.951116999999999824e-02
2.852203999999999851e-02
1.952303000000000024e-02
1.412877000000000056e-02
1.193177999999999947e-02
1.089188999999999956e-02
9.796050000000000590e-03
9.275959999999999761e-03
9.875659999999999647e-03
1.199991000000000078e-02
1.432356000000000081e-02
1.623167000000000013e-02
2.146075999999999886e-02
2.572189000000000073e-02
1.512137000000000030e-02
1.120689000000000060e-02
9.745359999999999787e-03
9.641719999999999458e-03
9.665760000000000671e-03
1.020220999999999975e-02
9.665989999999999305e-03
8.859109999999999902e-03
8.325340000000000518e-03
8.015440000000000412e-03
8.291909999999999559e-03
8.755129999999999857e-03
8.753900000000000223e-03
8.808949999999999420e-03
8.997810000000000183e-03
8.495459999999999817e-03
8.206279999999999825e-03
8.505810000000000801e-03
8.936440000000000355e-03
9.145729999999999485e-03
9.105500000000000746e-03
8.505310000000000301e-03
8.597520000000000856e-03
8.838979999999999754e-03
9.813270000000000673e-03
1.021478999999999963e-02
8.196600000000000066e-03
8.352029999999999871e-03
8.383559999999999970e-03
9.265739999999999740e-03
1.071538999999999998e-02
9.653240000000000431e-03
9.497310000000000127e-03
8.464160000000000086e-03
9.128189999999999568e-03
9.050350000000000408e-03
8.909339999999999968e-03
1.008685999999999958e-02
9.639339999999999714e-03
9.087229999999999960e-03
8.952440000000000744e-03
9.142880000000000798e-03
9.802589999999999915e-03
9.773260000000000627e-03
8.296470000000000233e-03
8.615779999999999966e-03
8.976559999999999748e-03
9.059380000000000557e-03
7.807510000000000144e-03
