1.501968000000000053e-02
4.229101999999999861e-02
6.134326999999999835e-02
7.068280000000000396e-02
7.477612999999999621e-02
7.877138999999999669e-02
6.335907999999999818e-02
3.918467999999999951e-02
2.243761999999999840e-02
1.667195999999999956e-02
1.529229000000000005e-02
8.965769999999999643e-03
9.800339999999999399e-03
1.043117999999999997e-02
1.257291999999999958e-02
1.391317000000000074e-02
1.767596000000000098e-02
2.285602999999999940e-02
1.937730999999999829e-02
1.681016000000000107e-02
1.613478999999999955e-02
1.386409000000000079e-02
1.016487999999999940e-02
8.839510000000000076e-03
9.377879999999999897e-03
9.418469999999999967e-03
8.533550000000000857e-03
8.402649999999999356e-03
9.253529999999999395e-03
1.002035000000000078e-02
9.312279999999999169e-03
9.342440000000000466e-03
8.788139999999999841e-03
8.293619999999999812e-03
8.545449999999999574e-03
8.395899999999999544e-03
8.295030000000000112e-03
8.863040000000000848e-03
1.024748999999999972e-02
1.080809999999999930e-02
8.853530000000000080e-03
9.950389999999999929e-03
9.847979999999999234e-03
1.073733999999999973e-02
1.135878000000000061e-02
9.673309999999999201e-03
8.267959999999999546e-03
8.688390000000000696e-03
8.908390000000000405e-03
8.726080000000000642e-03
8.858029999999999377e-03
8.680719999999999409e-03
8.601239999999999580e-03
8.646479999999999791e-03
9.078499999999999764e-03
9.852980000000000765e-03
1.101565000000000009e-02
1.148449999999999992e-02
1.098488000000000069e-02
9.647549999999999529e-03
8.451049999999999882e-03
9.518449999999999481e-03
8.734189999999999315e-03
8.344950000000000284e-03
