1.530311999999999992e-02
5.213417000000000051e-02
5.570477000000000067e-02
8.713935000000000430e-02
9.721580999999999972e-02
9.872346999999999373e-02
8.086000999999999606e-02
4.677789000000000252e-02
3.032003000000000129e-02
6.064549999999999802e-02
9.829216000000000342e-02
8.046469000000000538e-02
4.374899000000000149e-02
3.349289999999999906e-02
3.068028000000000075e-02
3.663339000000000178e-02
1.010458199999999945e-01
1.091504199999999980e-01
8.303866999999999499e-02
4.335695999999999994e-02
5.100058999999999843e-02
6.093760000000000149e-02
9.484673000000000409e-02
7.313743999999999801e-02
3.705383999999999761e-02
4.178607000000000155e-02
8.745699999999999308e-02
1.534630200000000055e-01
1.531626299999999941e-01
4.557902999999999955e-02
7.893769000000000480e-02
1.014820000000000028e-01
1.320562200000000019e-01
1.417376499999999928e-01
1.078371999999999942e-01
6.997718999999999467e-02
1.007255499999999970e-01
1.579784200000000083e-01
1.669254799999999872e-01
9.333768000000000620e-02
7.921487000000000667e-02
1.466837500000000016e-01
2.278189800000000043e-01
3.184780799999999967e-01
2.620993899999999877e-01
1.000662100000000027e-01
5.619078999999999741e-02
9.850662000000000307e-02
2.693152999999999797e-01
6.117795099999999708e-01
8.098030099999999898e-01
8.236399300000000201e-01
8.390228699999999762e-01
8.641190499999999997e-01
7.982042999999999777e-01
7.227894099999999655e-01
5.458193399999999862e-01
3.687495299999999920e-01
2.260808900000000066e-01
1.149881700000000007e-01
4.311572999999999795e-02
3.279158000000000073e-02
4.523371000000000336e-02
5.192775000000000168e-02
