8.065420000000000228e-03
9.487370000000000178e-03
9.227229999999999460e-03
8.668979999999999742e-03
9.059839999999999560e-03
9.352229999999999571e-03
1.011453999999999999e-02
9.187789999999999499e-03
8.625209999999999474e-03
8.467010000000000508e-03
9.486029999999999462e-03
9.783260000000000220e-03
1.047681999999999954e-02
1.020051999999999938e-02
9.992869999999999184e-03
8.788829999999999212e-03
8.212090000000000015e-03
8.418840000000000351e-03
1.104347999999999962e-02
1.293205000000000049e-02
1.232179000000000087e-02
9.684850000000000056e-03
9.549830000000000471e-03
9.470070000000000571e-03
1.026729000000000010e-02
1.392490000000000047e-02
9.812470000000000220e-03
8.831510000000000749e-03
9.526329999999999520e-03
9.843460000000000057e-03
8.809410000000000157e-03
9.293970000000000356e-03
9.490610000000000018e-03
8.960040000000000712e-03
9.999350000000000599e-03
1.037162999999999974e-02
9.611929999999999433e-03
1.069063999999999952e-02
1.050409000000000065e-02
1.001556999999999968e-02
1.051335999999999937e-02
1.073094999999999952e-02
9.881229999999999528e-03
9.236299999999999372e-03
9.936659999999999937e-03
1.442648000000000021e-02
2.184728999999999838e-02
1.773158999999999846e-02
1.374378000000000058e-02
1.415616999999999917e-02
1.349743999999999944e-02
1.403463999999999927e-02
1.276350000000000054e-02
1.160615000000000084e-02
9.883289999999999437e-03
1.190172999999999925e-02
1.724323999999999996e-02
2.609720999999999916e-02
3.259309999999999985e-02
3.904362000000000110e-02
4.972942000000000334e-02
5.935261000000000009e-02
5.697920000000000068e-02
8.658910000000000565e-03
