7.408190000000000261e-03
8.726869999999999419e-03
8.306610000000000729e-03
8.456399999999999334e-03
9.147070000000000201e-03
8.679749999999999965e-03
8.644880000000000619e-03
8.711359999999999590e-03
8.649759999999999394e-03
8.365140000000000076e-03
8.836750000000000854e-03
8.610039999999999361e-03
9.649629999999999319e-03
1.004462000000000063e-02
9.154199999999999490e-03
8.592380000000000156e-03
8.566479999999999581e-03
8.380439999999999418e-03
8.681569999999999565e-03
9.138059999999999933e-03
8.411899999999999933e-03
8.838580000000000395e-03
8.558210000000000123e-03
8.949439999999999479e-03
9.012839999999999394e-03
9.077379999999999477e-03
8.641479999999999995e-03
8.560899999999999760e-03
9.012350000000000569e-03
1.079242000000000049e-02
9.497339999999999949e-03
8.426019999999999344e-03
9.093250000000000638e-03
8.993440000000000115e-03
8.784679999999999572e-03
8.801889999999999714e-03
9.289739999999999456e-03
1.056856999999999935e-02
1.105537000000000013e-02
1.032128000000000038e-02
1.105666999999999935e-02
9.344520000000000257e-03
1.239338000000000072e-02
1.151500999999999914e-02
1.097786000000000074e-02
1.418792999999999964e-02
1.698264000000000024e-02
1.716379999999999989e-02
2.378359999999999849e-02
2.313988000000000156e-02
2.372060999999999961e-02
2.045833000000000026e-02
1.676253000000000118e-02
1.624085000000000112e-02
1.118431999999999933e-02
8.938949999999999327e-03
9.425370000000000623e-03
8.915110000000000395e-03
8.842050000000000604e-03
1.020210000000000040e-02
9.849709999999999369e-03
1.121349999999999951e-02
1.007044999999999989e-02
7.838819999999999816e-03
