1.709824999999999887e-02
5.763378999999999724e-02
5.840272999999999992e-02
4.674799000000000315e-02
2.636613000000000151e-02
1.474506000000000080e-02
1.278117999999999962e-02
1.640203999999999968e-02
2.607384000000000090e-02
3.153159999999999991e-02
2.484099000000000029e-02
3.730072000000000249e-02
5.294183999999999696e-02
6.028123999999999982e-02
7.124405999999999795e-02
3.764789000000000330e-02
1.990563000000000055e-02
2.109329999999999886e-02
3.160558000000000117e-02
9.369581999999999911e-02
1.695831399999999933e-01
2.892263500000000209e-01
3.091504299999999761e-01
2.635567200000000221e-01
2.118090099999999920e-01
1.551562999999999970e-01
7.909842000000000262e-02
3.927622000000000058e-02
2.939577999999999983e-02
1.427384999999999939e-02
1.669415999999999956e-02
3.374687999999999993e-02
4.580316000000000248e-02
8.390767999999999838e-02
1.000335499999999989e-01
7.414529000000000258e-02
6.772111000000000103e-02
6.045306999999999764e-02
3.289231000000000099e-02
2.722352999999999926e-02
3.176596000000000281e-02
3.151241999999999932e-02
3.964730999999999811e-02
1.582837999999999953e-02
1.446066000000000018e-02
1.368043000000000037e-02
2.386718999999999993e-02
1.297606999999999927e-02
1.478932999999999984e-02
2.034354000000000023e-02
2.592637000000000067e-02
2.303035000000000151e-02
1.924094999999999972e-02
1.027457000000000023e-02
1.296289999999999942e-02
2.012337000000000153e-02
2.292328999999999894e-02
2.514517000000000141e-02
4.820023999999999836e-02
2.661478999999999928e-02
1.250342999999999941e-02
1.699006999999999948e-02
1.860407999999999853e-02
1.399226999999999936e-02
