8.691539999999999336e-03
1.557257000000000086e-02
9.752339999999999967e-03
1.039505999999999937e-02
9.391079999999999567e-03
9.821609999999999716e-03
1.088663999999999951e-02
1.077175000000000007e-02
9.224700000000000608e-03
9.616470000000000226e-03
1.065320999999999976e-02
1.435680999999999936e-02
1.752530000000000060e-02
1.630256000000000066e-02
1.595602000000000131e-02
1.210141999999999989e-02
1.063797000000000006e-02
1.084065000000000029e-02
1.356348999999999923e-02
1.300601000000000014e-02
1.155132000000000034e-02
1.367432000000000022e-02
2.379589000000000010e-02
2.319857000000000169e-02
2.075006999999999893e-02
1.674600999999999867e-02
1.442965000000000046e-02
1.442207000000000038e-02
2.597514000000000073e-02
4.768885999999999958e-02
8.123624999999999596e-02
9.219301000000000579e-02
9.497066999999999315e-02
8.690335999999999894e-02
5.877612000000000114e-02
4.283719999999999889e-02
3.489881999999999707e-02
1.977906000000000108e-02
9.890770000000000117e-03
9.182700000000000237e-03
1.234478999999999958e-02
1.971878999999999993e-02
2.939525000000000124e-02
3.361241000000000229e-02
2.241299000000000069e-02
2.284981000000000165e-02
2.322845000000000118e-02
1.747367999999999838e-02
1.639144000000000018e-02
9.576839999999999659e-03
1.195393999999999970e-02
1.250177000000000059e-02
1.095560999999999931e-02
1.462840999999999968e-02
1.195902000000000076e-02
1.249140999999999967e-02
2.010359999999999925e-02
1.174275999999999966e-02
1.527855000000000012e-02
1.127970000000000014e-02
1.114787000000000070e-02
1.051697000000000048e-02
9.284060000000000229e-03
9.385100000000000386e-03
