9.652620000000000644e-03
1.870037000000000088e-02
1.025150000000000020e-02
1.363319999999999983e-02
9.199900000000000438e-03
1.004623999999999968e-02
1.418215999999999921e-02
1.127471000000000029e-02
1.297702000000000057e-02
9.034060000000000007e-03
1.283601000000000013e-02
1.432017000000000012e-02
1.974899000000000099e-02
3.074464999999999837e-02
2.872057000000000082e-02
1.572795999999999916e-02
9.352710000000000190e-03
1.371508999999999923e-02
1.691787999999999972e-02
1.683232000000000131e-02
1.519696000000000068e-02
1.636825999999999906e-02
3.002528000000000141e-02
3.617652999999999841e-02
3.444424000000000097e-02
3.020400000000000168e-02
2.303592000000000140e-02
1.560334000000000026e-02
2.365356000000000056e-02
4.072092000000000073e-02
7.205461999999999978e-02
1.102282900000000065e-01
1.367932599999999999e-01
1.819452000000000014e-01
1.059710299999999938e-01
1.019652999999999948e-01
7.619280000000000497e-02
3.495938999999999991e-02
1.908042000000000071e-02
1.600152000000000171e-02
1.053253000000000002e-02
1.520317000000000023e-02
2.898388000000000006e-02
3.818036999999999820e-02
4.013991000000000087e-02
3.604385999999999701e-02
3.076972000000000040e-02
3.940424000000000010e-02
2.108859999999999901e-02
1.686997000000000149e-02
1.143284999999999961e-02
1.212245999999999983e-02
1.530629000000000017e-02
1.361998000000000028e-02
2.559905000000000166e-02
1.726824999999999888e-02
1.541693000000000056e-02
2.065873999999999835e-02
1.938194000000000028e-02
1.576839999999999839e-02
9.812490000000000101e-03
1.121060999999999933e-02
1.010694000000000002e-02
9.949889999999999429e-03
