4.579889999999999656e-02
8.394530000000000047e-02
5.016417000000000098e-02
7.351280000000000314e-02
6.763524999999999399e-02
4.043296999999999863e-02
2.490844999999999865e-02
1.848067000000000112e-02
3.740381000000000261e-02
7.358563999999999383e-02
9.631472000000000644e-02
6.441869000000000067e-02
2.683562000000000100e-02
1.867194000000000145e-02
5.444932999999999718e-02
5.375457000000000152e-02
8.622773999999999717e-02
8.625046999999999575e-02
6.479358999999999813e-02
2.075147000000000103e-02
2.649454999999999866e-02
7.885201999999999489e-02
7.280345000000000566e-02
4.051712999999999842e-02
3.847083999999999920e-02
1.983365000000000128e-02
6.503580000000000472e-02
9.216989999999999905e-02
1.179098700000000000e-01
8.249547000000000130e-02
1.423635500000000054e-01
1.121801999999999938e-01
1.132369899999999957e-01
8.006791000000000602e-02
6.990838000000000607e-02
4.099752999999999731e-02
1.232771599999999967e-01
1.522253500000000093e-01
1.215336600000000017e-01
8.198872999999999578e-02
1.384441600000000105e-01
2.180096099999999926e-01
2.482276099999999874e-01
2.470034399999999908e-01
1.759234199999999970e-01
9.353164999999999396e-02
1.658071600000000090e-01
3.575843899999999742e-01
6.243063800000000496e-01
7.654169199999999451e-01
8.570926800000000512e-01
8.713762800000000031e-01
8.480762800000000157e-01
8.461922400000000399e-01
7.271308300000000058e-01
5.272307400000000310e-01
3.306900899999999921e-01
2.489989499999999967e-01
1.244441800000000015e-01
4.102995000000000253e-02
2.792189000000000129e-02
6.219849999999999685e-02
7.979785000000000350e-02
4.889886999999999706e-02
