1.080359000000000007e-02
1.403447000000000028e-02
1.104907999999999932e-02
1.150952000000000051e-02
1.010525999999999959e-02
8.980399999999999494e-03
8.227989999999999263e-03
9.264190000000000272e-03
9.992350000000000537e-03
1.100648000000000078e-02
1.259903000000000065e-02
1.012555000000000052e-02
9.531899999999999401e-03
1.089309999999999931e-02
1.155918000000000050e-02
9.617399999999999907e-03
1.041127000000000025e-02
1.028538000000000022e-02
9.730229999999999435e-03
9.053679999999999714e-03
9.396269999999999969e-03
1.029218999999999967e-02
9.619259999999999269e-03
9.500480000000000383e-03
1.056261000000000005e-02
9.984349999999999475e-03
1.055183999999999983e-02
1.226768999999999950e-02
1.164373999999999965e-02
1.424609999999999939e-02
1.452595999999999922e-02
1.117245000000000044e-02
1.046732000000000044e-02
9.646139999999999229e-03
1.019796000000000070e-02
1.129648999999999931e-02
1.320967999999999969e-02
1.435307000000000076e-02
1.434874000000000045e-02
1.407549999999999947e-02
1.778354000000000046e-02
2.196187999999999960e-02
2.025938999999999865e-02
1.517505000000000069e-02
1.170881000000000005e-02
1.529670999999999982e-02
2.750584999999999836e-02
3.338257000000000030e-02
5.380077999999999944e-02
6.946402999999999606e-02
7.789609999999999590e-02
7.527778999999999721e-02
6.967407999999999935e-02
6.114552999999999655e-02
4.458850999999999787e-02
2.589407999999999987e-02
1.140718999999999934e-02
9.296999999999999709e-03
8.634479999999999933e-03
8.580249999999999336e-03
1.057500999999999927e-02
1.188725000000000025e-02
1.297181000000000028e-02
9.256749999999999354e-03
