1.136027000000000044e-02
2.914113999999999940e-02
2.500596999999999889e-02
1.992856999999999962e-02
1.456898000000000047e-02
1.183235000000000016e-02
1.020937000000000060e-02
1.216755999999999914e-02
1.616013999999999992e-02
1.589273000000000075e-02
1.568417999999999896e-02
2.036489999999999828e-02
2.205574999999999897e-02
2.489244999999999999e-02
2.780492999999999854e-02
1.999257000000000117e-02
1.088969000000000048e-02
1.090089999999999983e-02
2.921030999999999975e-02
5.135370000000000212e-02
9.218613000000000501e-02
1.133257200000000048e-01
1.128930999999999962e-01
8.391081999999999708e-02
7.542074999999999474e-02
5.177282999999999885e-02
3.447585999999999706e-02
2.224243000000000053e-02
1.318855000000000027e-02
9.993290000000000159e-03
1.141648999999999962e-02
1.830694999999999892e-02
2.004138000000000100e-02
2.623541000000000067e-02
3.298540999999999973e-02
2.084437000000000095e-02
2.421765000000000029e-02
1.991104000000000138e-02
1.210913999999999914e-02
1.058056999999999921e-02
1.609129000000000115e-02
1.591588000000000030e-02
1.382361000000000006e-02
1.047953000000000079e-02
9.954460000000000044e-03
1.203001000000000070e-02
1.093657999999999957e-02
9.595110000000000444e-03
9.110560000000000186e-03
9.792479999999999241e-03
1.264402000000000061e-02
1.320385999999999956e-02
1.001122999999999943e-02
9.234499999999999653e-03
8.878969999999999918e-03
9.868550000000000239e-03
1.121670999999999953e-02
1.128428000000000070e-02
1.628682000000000046e-02
1.387746999999999939e-02
8.676410000000000719e-03
9.701660000000000839e-03
9.480979999999999963e-03
8.500330000000000386e-03
