1.046868999999999925e-02
2.875445000000000084e-02
1.354454000000000075e-02
1.353152999999999995e-02
1.119031000000000019e-02
9.199000000000000579e-03
9.601610000000000006e-03
1.190923999999999976e-02
1.608292000000000055e-02
1.455406000000000061e-02
1.342718000000000036e-02
1.193104000000000040e-02
1.693441000000000043e-02
1.847479999999999956e-02
1.697765000000000038e-02
1.078282000000000025e-02
1.052703999999999966e-02
9.886809999999999349e-03
1.190227999999999946e-02
1.304612999999999953e-02
1.082658000000000058e-02
1.221414000000000007e-02
1.064683999999999943e-02
1.144968000000000027e-02
1.384824999999999945e-02
1.254085999999999916e-02
1.334164000000000010e-02
1.649161000000000030e-02
1.816697999999999924e-02
3.013456999999999941e-02
2.573943999999999885e-02
1.519448999999999973e-02
1.378707000000000023e-02
1.020693999999999942e-02
1.362726000000000041e-02
2.467932000000000112e-02
2.909520999999999982e-02
2.536346999999999907e-02
2.452442999999999984e-02
2.381863000000000036e-02
3.224888000000000060e-02
3.693313000000000151e-02
3.263359999999999872e-02
2.120172000000000029e-02
2.069686000000000095e-02
4.516176999999999692e-02
6.183650000000000257e-02
9.433816000000000423e-02
1.432090400000000097e-01
1.596173899999999979e-01
1.836824099999999904e-01
1.566047399999999923e-01
1.393007500000000010e-01
1.327609299999999992e-01
6.949760000000000659e-02
3.161855999999999695e-02
1.492810999999999964e-02
1.243275999999999930e-02
1.023868000000000000e-02
9.567610000000000697e-03
1.095515000000000030e-02
1.875599000000000016e-02
2.520489000000000063e-02
1.157065999999999997e-02
