8.045399999999999427e-03
1.310176000000000049e-02
1.093661999999999933e-02
1.067985999999999935e-02
1.224904999999999917e-02
1.559093999999999931e-02
1.193247000000000058e-02
1.112824999999999925e-02
9.853169999999999637e-03
8.721730000000000455e-03
1.003539999999999988e-02
1.125893000000000033e-02
1.289279999999999940e-02
1.143556000000000086e-02
1.377288999999999944e-02
9.211820000000000772e-03
9.277519999999999170e-03
1.352709000000000029e-02
1.517888000000000050e-02
1.632611000000000132e-02
1.871456999999999982e-02
1.783923000000000106e-02
2.090062000000000170e-02
2.450532000000000057e-02
2.010270000000000112e-02
1.545551000000000043e-02
1.189374999999999981e-02
1.541248999999999918e-02
1.495449000000000084e-02
2.151486999999999844e-02
2.206057000000000157e-02
3.088963999999999946e-02
4.114121999999999918e-02
2.697335999999999831e-02
2.672688999999999968e-02
3.040075000000000069e-02
2.598142000000000160e-02
2.081815000000000054e-02
5.973922000000000260e-02
8.755524000000000640e-02
1.401412599999999897e-01
2.156664600000000043e-01
2.403136300000000003e-01
2.216397800000000085e-01
1.933545200000000019e-01
1.912028600000000023e-01
8.493630000000000624e-02
5.680690000000000045e-02
2.962098000000000161e-02
1.310205000000000050e-02
1.346441999999999951e-02
1.673646999999999982e-02
3.846915000000000057e-02
4.419387999999999789e-02
7.467163999999999746e-02
1.219561499999999993e-01
8.798451999999999662e-02
5.712550999999999740e-02
4.437205000000000316e-02
4.017220999999999986e-02
1.729139000000000023e-02
1.025911000000000010e-02
1.298250999999999919e-02
1.324084000000000025e-02
