7.671729999999999869e-03
9.025719999999999230e-03
8.457910000000000775e-03
8.290379999999999971e-03
8.789560000000000081e-03
8.374609999999999346e-03
8.300750000000000836e-03
8.184620000000000090e-03
8.154559999999999934e-03
8.510220000000000631e-03
9.165509999999999977e-03
9.663569999999999799e-03
9.164169999999999261e-03
8.814809999999999313e-03
8.868360000000000479e-03
9.097390000000000337e-03
8.637010000000000520e-03
8.584810000000000010e-03
9.289099999999999788e-03
9.519639999999999352e-03
9.363329999999999570e-03
9.957260000000000763e-03
1.002298000000000078e-02
8.898520000000000041e-03
8.974849999999999495e-03
8.793119999999999756e-03
8.544889999999999430e-03
8.903799999999999909e-03
8.960479999999999834e-03
8.903750000000000206e-03
8.281200000000000713e-03
8.536929999999999866e-03
8.869409999999999447e-03
8.294809999999999683e-03
8.767749999999999502e-03
9.238500000000000184e-03
8.853110000000000840e-03
9.221270000000000161e-03
9.929769999999999222e-03
9.349239999999999981e-03
8.619649999999999535e-03
8.094089999999999965e-03
8.667319999999999192e-03
9.283889999999999504e-03
1.001904999999999983e-02
1.010530999999999929e-02
1.082509000000000075e-02
1.079263999999999918e-02
1.026233000000000006e-02
1.245328000000000060e-02
1.285992000000000038e-02
1.238704000000000020e-02
9.405079999999999690e-03
9.358800000000000452e-03
9.933060000000000500e-03
1.194636999999999956e-02
1.650723000000000121e-02
2.185694999999999999e-02
2.566043000000000143e-02
2.548742000000000021e-02
2.345020999999999911e-02
2.215473000000000095e-02
1.466148999999999925e-02
7.287519999999999588e-03
