7.151710000000000358e-03
8.020750000000000102e-03
7.974349999999999841e-03
8.061689999999999828e-03
8.199720000000000619e-03
8.207040000000000515e-03
8.147969999999999172e-03
7.965959999999999361e-03
8.010770000000000390e-03
7.917499999999999191e-03
8.474149999999999738e-03
8.660209999999999783e-03
8.792569999999999553e-03
8.599179999999999671e-03
8.304209999999999370e-03
8.113789999999999197e-03
8.179530000000000828e-03
8.024889999999999801e-03
8.303349999999999273e-03
8.906149999999999831e-03
8.988660000000000747e-03
8.589670000000000638e-03
8.352659999999999599e-03
8.361389999999999795e-03
8.560450000000000698e-03
8.769030000000000574e-03
8.288550000000000431e-03
8.202100000000000363e-03
8.385029999999999914e-03
8.306670000000000373e-03
8.214580000000000840e-03
8.465949999999999864e-03
8.420510000000000841e-03
8.155080000000000315e-03
8.240139999999999965e-03
8.393770000000000051e-03
8.149460000000000731e-03
8.334690000000000501e-03
8.494550000000000017e-03
8.231429999999999650e-03
8.259139999999999884e-03
8.409150000000000652e-03
8.275960000000000608e-03
8.134860000000000702e-03
8.100760000000000252e-03
7.989210000000000061e-03
8.761909999999999490e-03
9.252450000000000604e-03
8.657339999999999480e-03
8.779669999999999835e-03
8.667319999999999192e-03
8.248280000000000195e-03
8.429930000000000409e-03
8.700090000000000601e-03
9.157639999999999877e-03
9.080960000000000767e-03
9.395149999999999682e-03
9.666189999999999852e-03
9.549719999999999390e-03
9.828230000000000299e-03
9.763449999999999906e-03
9.890219999999999914e-03
9.571859999999999744e-03
7.223249999999999636e-03
