7.473829999999999883e-03
8.599980000000000124e-03
8.461400000000000865e-03
9.091800000000000576e-03
8.299209999999999574e-03
9.075510000000000174e-03
8.480619999999999478e-03
8.349940000000000140e-03
8.234780000000000572e-03
8.368810000000000832e-03
9.000710000000000308e-03
8.509650000000000547e-03
9.879109999999999975e-03
8.607019999999999949e-03
8.940999999999999295e-03
9.103800000000000434e-03
8.604809999999999195e-03
8.423079999999999457e-03
8.278610000000000482e-03
8.878250000000000725e-03
8.251929999999999335e-03
8.305840000000000098e-03
8.849459999999999965e-03
8.911139999999999686e-03
8.721949999999999148e-03
9.422810000000000213e-03
9.411459999999999965e-03
9.346210000000000628e-03
8.843580000000000191e-03
9.876019999999999244e-03
8.810619999999999910e-03
8.228130000000000166e-03
8.516269999999999396e-03
9.624539999999999138e-03
1.006525999999999949e-02
1.145208999999999984e-02
1.021647000000000007e-02
1.084174000000000075e-02
1.023073000000000038e-02
1.110080999999999915e-02
9.607579999999999246e-03
1.102706999999999993e-02
1.394956999999999968e-02
1.291262999999999959e-02
1.859320999999999890e-02
2.140535000000000007e-02
2.320621000000000142e-02
2.234666999999999903e-02
2.076044000000000153e-02
1.402811999999999983e-02
1.199237000000000046e-02
1.561275999999999983e-02
1.105191999999999980e-02
1.031265999999999954e-02
8.907740000000000796e-03
8.701089999999999866e-03
1.016650000000000019e-02
1.121289999999999960e-02
1.000267999999999990e-02
1.082410999999999963e-02
1.188707999999999952e-02
1.000484999999999916e-02
9.986139999999999253e-03
7.681969999999999771e-03
