1.852105000000000071e-02
3.144212999999999869e-02
2.953570999999999974e-02
2.389325000000000129e-02
1.802985000000000004e-02
1.290175000000000002e-02
1.135755999999999918e-02
1.033475000000000019e-02
8.388349999999999279e-03
8.388110000000000704e-03
8.626860000000000084e-03
9.834819999999999326e-03
1.280724999999999919e-02
1.629490000000000105e-02
1.921041999999999889e-02
1.640567999999999887e-02
1.421621999999999990e-02
1.141953000000000065e-02
1.011604999999999970e-02
9.425400000000000444e-03
9.952719999999999970e-03
9.626259999999999331e-03
8.748499999999999333e-03
8.051869999999999167e-03
8.643869999999999679e-03
9.581199999999999786e-03
9.561750000000000804e-03
9.515390000000000306e-03
9.342100000000000751e-03
8.217649999999999955e-03
8.201889999999999875e-03
8.696399999999999963e-03
8.670809999999999282e-03
8.664410000000000861e-03
9.265429999999999847e-03
9.361790000000000042e-03
8.669170000000000348e-03
8.719269999999999451e-03
8.640870000000000148e-03
8.780420000000000585e-03
8.990049999999999430e-03
8.419859999999999497e-03
8.759849999999999581e-03
8.325829999999999342e-03
9.625240000000000185e-03
9.968219999999999859e-03
1.015774000000000017e-02
1.043267999999999973e-02
9.252720000000000736e-03
8.596150000000000319e-03
8.449180000000000579e-03
8.910950000000000815e-03
9.775199999999999514e-03
9.455250000000000113e-03
9.221009999999999970e-03
8.678939999999999572e-03
8.766940000000000843e-03
8.874270000000000075e-03
9.044999999999999221e-03
8.478760000000000116e-03
8.633880000000000027e-03
8.193960000000000132e-03
8.035099999999999881e-03
7.431749999999999988e-03
