2.927913999999999864e-02
1.447351600000000016e-01
5.403009999999999757e-02
3.012650999999999871e-02
6.581141000000000074e-02
8.357710000000000139e-02
6.160573999999999911e-02
5.643846000000000279e-02
1.151164600000000038e-01
2.453642799999999902e-01
3.187957399999999941e-01
3.322694299999999767e-01
2.570370699999999786e-01
1.461391999999999969e-01
7.248306999999999667e-02
7.609525999999999790e-02
1.905502799999999886e-01
3.744464499999999862e-01
7.127454899999999816e-01
8.425677400000000095e-01
8.745369899999999586e-01
8.850474999999999870e-01
8.013364699999999674e-01
6.420484199999999531e-01
3.806875100000000067e-01
1.964670599999999989e-01
7.262459000000000275e-02
3.616814000000000140e-02
3.452721999999999736e-02
1.775934000000000124e-01
1.810272599999999954e-01
2.636291099999999998e-01
4.178659900000000205e-01
3.861288099999999890e-01
3.694214200000000003e-01
1.162707999999999936e-01
5.488455999999999890e-02
4.061735999999999819e-02
6.888811000000000240e-02
8.706643000000000021e-02
6.969561999999999979e-02
7.801618000000000441e-02
9.618066999999999589e-02
7.089813000000000365e-02
3.033200000000000132e-02
2.839989999999999876e-02
3.373675999999999758e-02
3.817728000000000094e-02
3.038760999999999893e-02
3.413307000000000146e-02
3.571844999999999881e-02
6.277528000000000274e-02
7.616873999999999867e-02
8.339164000000000299e-02
6.877661999999999665e-02
4.857199000000000239e-02
3.962534999999999669e-02
3.487181999999999782e-02
2.680170000000000122e-02
3.861055000000000043e-02
5.303494999999999737e-02
1.155505099999999952e-01
8.876452999999999427e-02
3.874380999999999659e-02
