1.956190999999999833e-02
5.526741999999999766e-02
1.215243599999999979e-01
7.248068000000000566e-02
7.849137000000000475e-02
1.287697899999999951e-01
1.671360699999999977e-01
2.138594500000000065e-01
2.302064400000000122e-01
2.054948100000000000e-01
1.070041999999999938e-01
7.639970999999999568e-02
2.152959999999999943e-02
6.631718999999999808e-02
1.565400100000000072e-01
2.122880699999999954e-01
1.662028399999999906e-01
1.226453099999999935e-01
2.510778000000000176e-01
4.104258100000000020e-01
4.857163099999999845e-01
2.267711599999999994e-01
8.434882999999999964e-02
7.176617000000000413e-02
2.217673799999999862e-01
6.069794299999999865e-01
8.597069999999999990e-01
9.246975200000000505e-01
9.663686200000000115e-01
8.884326200000000062e-01
8.031905299999999581e-01
6.955087800000000486e-01
5.266753400000000473e-01
1.715182700000000005e-01
5.816215000000000274e-02
4.629335999999999868e-02
1.185990499999999975e-01
2.514143600000000034e-01
3.299374299999999760e-01
3.326458899999999996e-01
4.000691499999999845e-01
3.187599199999999744e-01
3.201234600000000263e-01
1.080762499999999987e-01
3.048551000000000039e-02
2.572112000000000009e-02
6.032988000000000239e-02
1.057338000000000028e-01
7.616024999999999878e-02
7.687328000000000217e-02
8.692611999999999561e-02
5.256887999999999839e-02
8.581990999999999925e-02
9.118246000000000684e-02
4.448024999999999896e-02
2.657543999999999879e-02
1.192236999999999984e-02
2.601231999999999850e-02
2.311138999999999902e-02
3.158868000000000092e-02
2.763760999999999995e-02
5.712667999999999913e-02
6.866626000000000674e-02
3.835273000000000154e-02
