8.223140000000000310e-03
1.189788999999999951e-02
1.356288999999999932e-02
1.124954000000000058e-02
1.517425000000000024e-02
1.535573999999999967e-02
1.508414999999999929e-02
1.482723000000000027e-02
1.251234000000000027e-02
9.107600000000000418e-03
9.049299999999999705e-03
1.165093000000000031e-02
1.495660000000000045e-02
2.141496999999999845e-02
2.477518000000000081e-02
2.966927000000000106e-02
2.700852000000000114e-02
2.510799000000000017e-02
2.168470999999999940e-02
1.662376000000000131e-02
1.490474999999999960e-02
1.096010000000000040e-02
8.657599999999999671e-03
8.589209999999999900e-03
8.363400000000000001e-03
9.167569999999999886e-03
9.487900000000000500e-03
1.155811999999999985e-02
1.029615000000000044e-02
1.045893999999999990e-02
1.003320000000000080e-02
8.901809999999999584e-03
1.005957000000000032e-02
8.764970000000000400e-03
8.394659999999999969e-03
8.921629999999999838e-03
8.645699999999999219e-03
8.652369999999999506e-03
8.593079999999999469e-03
8.519300000000000483e-03
8.205830000000000762e-03
8.661920000000000036e-03
8.648809999999999831e-03
8.327569999999999417e-03
8.281260000000000357e-03
8.118999999999999481e-03
8.515589999999999965e-03
8.339090000000000391e-03
8.260429999999999162e-03
8.175150000000000819e-03
8.710129999999999956e-03
8.917629999999999307e-03
8.082479999999999526e-03
8.417950000000000432e-03
8.041970000000000715e-03
8.195120000000000182e-03
8.665829999999999367e-03
8.033010000000000150e-03
8.261249999999999497e-03
8.283900000000000291e-03
8.509749999999999953e-03
8.208460000000000756e-03
7.954539999999999528e-03
7.177260000000000410e-03
