7.350289999999999775e-03
1.294947999999999932e-02
1.900738999999999901e-02
2.390621000000000065e-02
2.049658999999999856e-02
1.835302999999999934e-02
1.183980999999999922e-02
9.671870000000000814e-03
1.110474000000000010e-02
1.729504000000000111e-02
3.641872000000000165e-02
1.222445999999999949e-02
1.874473999999999932e-02
2.364648999999999918e-02
2.694418000000000160e-02
4.191058000000000283e-02
2.807725000000000151e-02
2.374392999999999990e-02
1.173658999999999987e-02
1.075492999999999935e-02
1.307765999999999963e-02
2.291951999999999878e-02
3.292139000000000176e-02
3.031572999999999907e-02
2.719326000000000035e-02
4.071778000000000203e-02
6.272089999999999610e-02
8.609411999999999621e-02
3.400033999999999695e-02
2.138315999999999828e-02
4.104999000000000148e-02
8.411269000000000384e-02
9.867246000000000350e-02
2.224540700000000037e-01
2.038731000000000015e-01
2.540622399999999947e-01
2.409004700000000054e-01
1.603005399999999914e-01
1.200433199999999950e-01
3.443739999999999996e-02
1.520738999999999945e-02
1.492173999999999931e-02
1.546142000000000002e-02
1.947304000000000049e-02
1.399304999999999993e-02
4.379236999999999713e-02
8.798656000000000532e-02
8.088476999999999473e-02
4.469867000000000284e-02
3.343489999999999657e-02
3.311352000000000045e-02
2.439774000000000109e-02
1.282466999999999982e-02
1.968235000000000123e-02
2.398060000000000122e-02
2.369703999999999908e-02
3.006713999999999914e-02
4.418761000000000216e-02
3.209652999999999812e-02
1.924955000000000069e-02
1.855481999999999965e-02
2.563114000000000017e-02
1.246018999999999946e-02
1.415275000000000040e-02
