7.930579999999999574e-03
9.171210000000000820e-03
1.595297999999999855e-02
3.508105999999999725e-02
6.231119000000000241e-02
8.016370000000000440e-02
1.016682599999999964e-01
9.156153000000000208e-02
8.585097999999999341e-02
8.069671000000000483e-02
7.845333000000000168e-02
4.608526999999999763e-02
2.733984000000000067e-02
1.847481999999999944e-02
1.292653000000000031e-02
9.929260000000000516e-03
1.124733999999999977e-02
1.202796000000000073e-02
1.569007000000000041e-02
1.587563999999999989e-02
2.568310999999999858e-02
2.980429999999999885e-02
2.331777999999999976e-02
1.717219999999999858e-02
1.393602000000000035e-02
1.212229000000000084e-02
1.385833000000000030e-02
1.195711999999999990e-02
1.376223000000000030e-02
1.197038999999999916e-02
9.659130000000000146e-03
1.043809000000000056e-02
1.016911000000000030e-02
9.132539999999999755e-03
9.325049999999999659e-03
9.096419999999999159e-03
1.076409000000000046e-02
1.183208000000000003e-02
1.065499999999999954e-02
9.810730000000000145e-03
9.300309999999999133e-03
1.026880999999999974e-02
1.221987000000000073e-02
1.174361999999999975e-02
9.363929999999999476e-03
1.032267000000000080e-02
1.108504000000000086e-02
1.070385000000000086e-02
1.064050000000000065e-02
1.182689999999999957e-02
9.808700000000000058e-03
9.832999999999999727e-03
1.141467000000000002e-02
1.344445000000000015e-02
1.424879000000000076e-02
1.118657999999999979e-02
1.088598999999999990e-02
9.639290000000000011e-03
1.043659000000000080e-02
9.453500000000000097e-03
1.050290000000000078e-02
9.858409999999999743e-03
1.113768000000000050e-02
8.906000000000000721e-03
