7.621450000000000100e-03
8.970670000000000033e-03
8.746610000000000149e-03
8.790299999999999156e-03
9.171159999999999382e-03
8.824220000000000674e-03
8.813919999999999394e-03
8.679229999999999584e-03
8.152929999999999205e-03
8.304239999999999192e-03
8.546899999999999636e-03
8.605840000000000017e-03
8.819240000000000759e-03
8.347600000000000159e-03
8.475790000000000407e-03
9.050020000000000633e-03
8.696940000000000226e-03
8.227129999999999166e-03
8.948289999999999370e-03
8.583920000000000092e-03
8.828139999999999946e-03
9.177130000000000357e-03
8.701439999999999522e-03
8.488630000000000481e-03
8.533660000000000204e-03
8.330829999999999139e-03
8.576850000000000446e-03
9.670480000000000395e-03
8.845830000000000706e-03
9.516610000000000000e-03
1.015801000000000030e-02
9.938670000000000143e-03
1.116498999999999964e-02
1.125853999999999917e-02
9.118430000000000285e-03
9.823280000000000206e-03
1.058697999999999931e-02
1.640546999999999839e-02
2.166701999999999864e-02
2.502667000000000086e-02
2.168811000000000003e-02
2.394690999999999834e-02
2.373905000000000112e-02
2.842213000000000031e-02
1.791362000000000163e-02
9.207699999999999219e-03
9.359199999999999811e-03
1.122172999999999921e-02
1.110377000000000065e-02
1.116633000000000035e-02
9.120510000000000075e-03
1.135503000000000033e-02
1.436267999999999920e-02
1.697150000000000047e-02
1.297110999999999924e-02
1.297884000000000017e-02
9.693729999999999361e-03
9.296350000000000099e-03
9.022660000000000055e-03
8.616280000000000466e-03
8.560780000000000473e-03
9.182549999999999393e-03
8.826650000000000121e-03
7.606550000000000117e-03
