2.068060999999999858e-02
5.819992999999999694e-02
8.144171000000000049e-02
7.369164999999999743e-02
4.845210999999999962e-02
4.085971000000000047e-02
2.830525999999999875e-02
2.278049000000000046e-02
1.799834999999999977e-02
4.710633000000000181e-02
7.460738999999999566e-02
6.029435999999999823e-02
2.934381000000000142e-02
3.104652000000000106e-02
4.547178000000000331e-02
8.619509999999999672e-02
9.134578000000000142e-02
3.190852999999999745e-02
1.288402999999999944e-02
2.183270000000000002e-02
4.519820000000000088e-02
4.910899999999999987e-02
6.996120999999999590e-02
6.775900999999999452e-02
1.037776100000000062e-01
1.552371100000000115e-01
1.815263199999999910e-01
8.812704999999999844e-02
5.655161999999999689e-02
4.007949999999999707e-02
5.504425999999999763e-02
1.170809899999999959e-01
1.334532200000000113e-01
1.247763900000000009e-01
1.726943700000000137e-01
2.217352999999999963e-01
2.295530899999999874e-01
2.376040199999999991e-01
1.516768599999999967e-01
5.796731000000000106e-02
1.020979600000000015e-01
3.147825899999999733e-01
6.580733100000000224e-01
7.672889200000000409e-01
8.364621399999999651e-01
8.416142500000000082e-01
8.051489600000000246e-01
7.717354300000000000e-01
6.782105000000000494e-01
3.670467700000000222e-01
1.753380599999999900e-01
1.021949199999999947e-01
2.087506000000000084e-02
5.678625000000000339e-02
1.230116900000000069e-01
1.757141399999999909e-01
1.676928000000000030e-01
1.740382799999999897e-01
2.543152300000000032e-01
4.021974200000000277e-01
3.848559599999999969e-01
2.776252300000000006e-01
1.133355999999999947e-01
4.929802999999999963e-02
