1.535539000000000001e-02
2.269503000000000145e-02
2.824588000000000099e-02
3.511141999999999735e-02
6.401885000000000214e-02
1.112791199999999953e-01
1.332424299999999950e-01
1.065844700000000006e-01
8.784807999999999506e-02
2.947473999999999927e-02
3.703826000000000340e-02
5.182172000000000167e-02
6.959466999999999737e-02
6.315490999999999466e-02
4.262203999999999993e-02
3.917351000000000166e-02
5.169990000000000002e-02
7.894189000000000067e-02
1.012406200000000034e-01
9.471899999999999764e-02
6.527948000000000084e-02
3.071474000000000079e-02
5.383264000000000105e-02
1.181592199999999954e-01
6.673761999999999750e-02
1.049865600000000065e-01
5.937351999999999907e-02
9.661308000000000396e-02
7.137809999999999988e-02
4.063303000000000054e-02
4.637921999999999878e-02
5.578998999999999764e-02
6.173315000000000052e-02
1.310988499999999890e-01
1.796546599999999938e-01
1.216233399999999965e-01
4.634147999999999740e-02
6.128407999999999772e-02
1.265430300000000008e-01
1.189320499999999975e-01
7.952919999999999434e-02
7.863939999999999819e-02
1.503647999999999929e-01
2.218371899999999897e-01
3.271043299999999987e-01
2.181266799999999895e-01
1.969145200000000095e-01
1.422025600000000056e-01
1.259483499999999867e-01
2.399890699999999988e-01
5.365040300000000206e-01
5.825012899999999494e-01
7.755464300000000089e-01
8.388335700000000283e-01
9.004110699999999801e-01
8.402055499999999677e-01
7.753414499999999876e-01
7.086513599999999524e-01
6.245321600000000029e-01
4.380969699999999745e-01
2.191858100000000087e-01
1.154815599999999970e-01
3.770811000000000301e-02
5.343512000000000262e-02
