7.731710000000000145e-03
9.978050000000000461e-03
9.838680000000000689e-03
1.032595000000000041e-02
1.019957999999999976e-02
1.053093000000000085e-02
8.846279999999999769e-03
8.322470000000000215e-03
8.815939999999999541e-03
1.088480999999999997e-02
1.095760999999999957e-02
1.172731999999999941e-02
9.373120000000000410e-03
8.890240000000000642e-03
9.499960000000000002e-03
8.818450000000000247e-03
1.075105999999999978e-02
1.069288000000000009e-02
9.596999999999999628e-03
8.724630000000000579e-03
8.825390000000000665e-03
9.668039999999999273e-03
1.007329000000000037e-02
9.034089999999999829e-03
8.785789999999999919e-03
8.637870000000000617e-03
1.037822000000000050e-02
1.156137999999999957e-02
1.052924000000000047e-02
1.033561000000000028e-02
1.178651000000000004e-02
1.254532000000000043e-02
1.295980000000000049e-02
1.042037999999999992e-02
1.018239999999999944e-02
1.195475000000000010e-02
1.372323999999999940e-02
1.199685999999999982e-02
1.394564000000000047e-02
1.238362999999999964e-02
1.387862999999999944e-02
1.767020000000000049e-02
1.812677000000000038e-02
1.649714999999999862e-02
1.220206000000000068e-02
9.510869999999999394e-03
1.271953999999999967e-02
2.194627000000000036e-02
3.060353000000000032e-02
4.255248999999999837e-02
5.315791000000000266e-02
5.272215000000000235e-02
5.154538000000000175e-02
5.507938999999999891e-02
5.401352000000000236e-02
3.661804999999999921e-02
2.012156999999999835e-02
1.474343000000000008e-02
1.075942000000000044e-02
9.791380000000000569e-03
1.119937000000000016e-02
1.234891999999999934e-02
1.006965999999999938e-02
8.915609999999999161e-03
