1.696686999999999848e-02
3.413290000000000074e-02
4.873170000000000279e-02
5.304132000000000291e-02
6.463475999999999944e-02
6.353229999999999988e-02
5.294780000000000320e-02
3.468870999999999760e-02
2.849362999999999896e-02
2.282827000000000120e-02
2.417922000000000127e-02
1.376466999999999968e-02
1.188527999999999980e-02
1.066341999999999984e-02
1.169044999999999980e-02
1.381982000000000002e-02
1.504923000000000025e-02
2.047213999999999978e-02
2.088591000000000059e-02
1.746549999999999839e-02
1.944705999999999865e-02
1.799123999999999862e-02
1.295469999999999955e-02
9.773010000000000377e-03
9.359009999999999205e-03
9.409239999999999271e-03
9.175040000000000626e-03
9.704720000000000013e-03
1.045833000000000006e-02
1.102507999999999960e-02
9.102259999999999171e-03
8.974970000000000517e-03
8.622710000000000444e-03
8.608960000000000570e-03
8.584380000000000829e-03
9.117860000000000201e-03
8.647669999999999663e-03
8.741280000000000577e-03
9.412179999999999158e-03
1.011571999999999992e-02
9.674000000000000307e-03
9.565880000000000563e-03
9.114439999999999695e-03
1.001445999999999933e-02
1.097450999999999982e-02
1.096208000000000078e-02
9.577580000000000468e-03
9.024960000000000274e-03
8.809950000000000420e-03
8.334269999999999526e-03
8.566850000000000853e-03
9.136349999999999680e-03
9.389430000000000692e-03
9.480979999999999963e-03
8.990400000000000821e-03
9.415379999999999236e-03
1.002983000000000000e-02
1.135226999999999938e-02
1.214518000000000021e-02
9.351369999999999474e-03
8.488300000000000706e-03
8.674950000000000716e-03
8.666909999999999892e-03
8.756349999999999550e-03
