8.609520000000000714e-03
1.184213999999999926e-02
1.489637000000000079e-02
1.368429000000000000e-02
1.317084999999999957e-02
1.206397000000000025e-02
1.150438999999999976e-02
1.045227999999999956e-02
9.218550000000000702e-03
9.354070000000000787e-03
9.114229999999999207e-03
8.737230000000000343e-03
8.692439999999999195e-03
9.377270000000000050e-03
9.693820000000000561e-03
1.047508999999999940e-02
9.936499999999999153e-03
1.238562999999999990e-02
1.249199999999999963e-02
1.140970000000000005e-02
1.093941000000000011e-02
9.732990000000000391e-03
8.679819999999999550e-03
8.481850000000000847e-03
8.896579999999999419e-03
9.345499999999999641e-03
8.444099999999999523e-03
8.473810000000000023e-03
8.895429999999999310e-03
8.789280000000000009e-03
8.507110000000000019e-03
8.417680000000000301e-03
8.572180000000000424e-03
8.378540000000000293e-03
8.443789999999999629e-03
8.659359999999999627e-03
8.198469999999999369e-03
8.447790000000000160e-03
8.586780000000000454e-03
8.388510000000000064e-03
8.126160000000000327e-03
8.438430000000000236e-03
8.527770000000000489e-03
8.687929999999999958e-03
8.688619999999999330e-03
8.649379999999999916e-03
8.310879999999999657e-03
8.504009999999999347e-03
8.186600000000000474e-03
8.355849999999999736e-03
8.422560000000000810e-03
8.568710000000000215e-03
8.111069999999999738e-03
8.322740000000000346e-03
8.395059999999999328e-03
8.701930000000000082e-03
8.921079999999999635e-03
9.155280000000000015e-03
9.076870000000000771e-03
8.648160000000000222e-03
8.445859999999999479e-03
8.612669999999999354e-03
8.261809999999999640e-03
7.770189999999999736e-03
