8.611179999999999529e-03
1.773800000000000029e-02
2.149366000000000124e-02
1.836085999999999968e-02
2.242366999999999971e-02
2.438666999999999918e-02
1.328933000000000024e-02
1.020053999999999926e-02
1.407624000000000028e-02
2.810669000000000015e-02
3.865086999999999690e-02
5.859904999999999975e-02
8.099945000000000062e-02
9.430120000000000169e-02
8.148392000000000135e-02
6.309222000000000441e-02
6.157268999999999937e-02
3.081402000000000099e-02
1.915644999999999848e-02
1.152706000000000043e-02
9.438439999999999330e-03
1.058813999999999936e-02
1.144094000000000014e-02
1.534176999999999937e-02
2.152147000000000088e-02
2.425818999999999892e-02
2.450777999999999984e-02
2.426781000000000077e-02
1.905327000000000062e-02
1.113664999999999967e-02
1.072364999999999950e-02
1.049987999999999963e-02
1.362868000000000065e-02
1.497399999999999946e-02
1.356696999999999938e-02
1.458596000000000024e-02
1.192197000000000048e-02
1.031029999999999967e-02
1.097724999999999916e-02
1.081170000000000048e-02
1.070669999999999955e-02
1.002858000000000048e-02
8.803709999999999314e-03
9.498839999999999714e-03
1.008988000000000072e-02
1.061966999999999946e-02
1.240369000000000020e-02
1.315941999999999980e-02
1.256153999999999951e-02
1.041231999999999921e-02
1.096924999999999983e-02
1.109775999999999992e-02
1.205262000000000000e-02
1.239327999999999957e-02
1.135189999999999984e-02
9.741460000000000397e-03
8.208860000000000115e-03
9.269239999999999771e-03
1.088905000000000081e-02
1.092666999999999944e-02
1.272756000000000061e-02
1.103358999999999937e-02
9.467460000000000458e-03
9.098220000000000612e-03
