1.927631999999999957e-02
7.055369000000000224e-02
5.965990999999999655e-02
3.948002999999999929e-02
3.241432999999999814e-02
2.828268000000000101e-02
2.039469000000000004e-02
1.404862999999999945e-02
9.144160000000000135e-03
9.011270000000000044e-03
9.758350000000000704e-03
1.109838999999999964e-02
1.323697000000000068e-02
1.609266999999999989e-02
2.466136999999999843e-02
2.125720000000000040e-02
2.005180000000000157e-02
1.837360000000000035e-02
1.347556999999999922e-02
1.037869999999999938e-02
9.287069999999999700e-03
9.435139999999999846e-03
8.593009999999999884e-03
8.569810000000000622e-03
9.873589999999999797e-03
1.007179000000000060e-02
9.392259999999999498e-03
9.163160000000000055e-03
9.248799999999999730e-03
8.980580000000000160e-03
9.563469999999999263e-03
1.006333000000000054e-02
9.187070000000000305e-03
8.691400000000000167e-03
9.221790000000000542e-03
1.005043000000000082e-02
9.422279999999999892e-03
9.350239999999999246e-03
8.693489999999999898e-03
8.793660000000000018e-03
9.024890000000000689e-03
9.744199999999999737e-03
1.125464999999999972e-02
1.050757000000000080e-02
9.190089999999999718e-03
9.060290000000000357e-03
9.402209999999999387e-03
9.920939999999999620e-03
9.053739999999999358e-03
8.938689999999999136e-03
8.415779999999999442e-03
8.575040000000000787e-03
8.594950000000000506e-03
9.231210000000000110e-03
8.925310000000000535e-03
8.657629999999999493e-03
8.721269999999999717e-03
8.440180000000000252e-03
8.835070000000000423e-03
8.823289999999999259e-03
9.612890000000000670e-03
9.126669999999999922e-03
8.745380000000000514e-03
8.149530000000000315e-03
