9.463808999999999416e-02
2.131201199999999962e-01
2.469410400000000005e-01
2.390622000000000025e-01
1.575618199999999913e-01
5.010379000000000221e-02
1.669181000000000137e-02
2.761096999999999857e-02
6.471026000000000555e-02
1.057999800000000018e-01
5.680476000000000275e-02
7.246850000000000513e-02
1.666571799999999881e-01
2.744835899999999995e-01
3.388498099999999735e-01
2.630714800000000242e-01
1.597898199999999991e-01
9.764472000000000429e-02
5.694160999999999667e-02
2.041260699999999928e-01
5.084270199999999518e-01
7.680730799999999636e-01
8.019882999999999873e-01
7.956041099999999755e-01
7.634522900000000334e-01
7.323958900000000494e-01
6.293907199999999591e-01
3.608089099999999827e-01
1.855910600000000021e-01
3.475589999999999929e-02
5.065805000000000308e-02
8.071754999999999902e-02
7.922895000000000632e-02
1.474477899999999952e-01
3.860184300000000235e-01
2.909855199999999975e-01
3.205811399999999867e-01
3.344824000000000130e-01
1.803611699999999873e-01
9.650989999999999569e-02
7.453637999999999930e-02
7.394596000000000502e-02
6.146929999999999755e-02
4.584168000000000270e-02
5.258209999999999967e-02
7.202384000000000563e-02
5.677118999999999915e-02
3.925660999999999734e-02
3.984701000000000215e-02
3.977967000000000308e-02
6.039256999999999959e-02
7.659586999999999646e-02
3.920789999999999692e-02
1.995434999999999917e-02
2.175737000000000157e-02
3.855278000000000177e-02
4.747086999999999835e-02
9.145860000000000101e-02
1.687527400000000122e-01
1.292070600000000125e-01
4.851405000000000300e-02
1.812973000000000015e-02
1.634317999999999882e-02
3.512167000000000067e-02
