1.150976000000000082e-02
1.969867000000000146e-02
1.501412000000000059e-02
1.572196999999999831e-02
1.573340999999999976e-02
1.528490000000000057e-02
1.389161000000000042e-02
1.015864999999999997e-02
8.100319999999999396e-03
8.517449999999999327e-03
9.419040000000000051e-03
8.959019999999999831e-03
9.784620000000000817e-03
1.289955999999999915e-02
1.234782000000000067e-02
1.355861000000000045e-02
1.150200000000000007e-02
1.081926000000000068e-02
1.007880000000000061e-02
8.793969999999999912e-03
8.395490000000000244e-03
8.800940000000000152e-03
8.631019999999999665e-03
8.308700000000000460e-03
9.082629999999999523e-03
9.169480000000000686e-03
9.087470000000000270e-03
8.529770000000000754e-03
8.397649999999999559e-03
8.666989999999999417e-03
9.003159999999999635e-03
8.724000000000000851e-03
8.759919999999999166e-03
8.219489999999999436e-03
8.426090000000000663e-03
9.169830000000000342e-03
9.715120000000000700e-03
9.425140000000000254e-03
8.471960000000000601e-03
8.543590000000000212e-03
8.680890000000000134e-03
9.002879999999999563e-03
1.162751000000000062e-02
9.664680000000000146e-03
9.270449999999999524e-03
8.482919999999999697e-03
9.216089999999999699e-03
1.008786000000000058e-02
9.874529999999999419e-03
9.377939999999999540e-03
8.342419999999999697e-03
8.562610000000000013e-03
9.195039999999999811e-03
9.397100000000000244e-03
9.582159999999999289e-03
9.193279999999999855e-03
8.892769999999999495e-03
8.586369999999999419e-03
8.711870000000000031e-03
8.909419999999999493e-03
9.518789999999999196e-03
9.103139999999999149e-03
8.448610000000000494e-03
8.032100000000000350e-03
