4.541952999999999963e-02
8.012220000000000453e-02
7.270345000000000280e-02
9.193629999999999858e-02
1.140096300000000007e-01
1.154534900000000058e-01
1.968151200000000101e-01
2.073903500000000011e-01
2.104227200000000075e-01
7.769842999999999889e-02
3.921422000000000102e-02
2.991142000000000106e-02
3.038261000000000087e-02
8.674969000000000430e-02
1.712070400000000048e-01
1.986001000000000016e-01
1.822553399999999879e-01
1.911868599999999863e-01
3.226452799999999788e-01
4.038517799999999935e-01
3.059926000000000035e-01
7.118038000000000143e-02
8.265780999999999823e-02
2.636034199999999772e-01
5.706415799999999816e-01
8.231067100000000192e-01
8.919789200000000085e-01
9.057261899999999866e-01
8.957928400000000346e-01
7.558566300000000293e-01
5.341748600000000291e-01
3.540443200000000235e-01
2.470049599999999956e-01
3.734902999999999834e-02
7.000784000000000173e-02
1.035704399999999997e-01
1.701751599999999920e-01
3.458712700000000084e-01
4.481156800000000162e-01
3.266201000000000243e-01
3.173978299999999919e-01
1.983333200000000074e-01
7.729616999999999738e-02
3.081040000000000167e-02
2.660645000000000024e-02
5.131597999999999715e-02
7.225196999999999870e-02
1.095613799999999999e-01
5.937416999999999695e-02
7.652802999999999689e-02
5.154318000000000094e-02
2.404306999999999972e-02
3.805216000000000154e-02
5.550581000000000265e-02
7.300961999999999730e-02
5.778917000000000082e-02
2.251813000000000078e-02
2.018895999999999885e-02
1.918829999999999841e-02
2.024458999999999981e-02
2.972525999999999988e-02
7.619420999999999833e-02
8.748119000000000034e-02
3.356536000000000242e-02
