9.653010000000000063e-03
4.613943000000000211e-02
2.356723999999999972e-02
3.421844999999999748e-02
2.536574000000000120e-02
2.649171000000000165e-02
1.796756999999999868e-02
3.405579000000000245e-02
6.370481000000000060e-02
6.229739000000000110e-02
4.930981000000000253e-02
6.039138000000000145e-02
2.762229999999999894e-02
1.193060999999999948e-02
3.877379999999999716e-02
5.830678999999999723e-02
5.368388000000000326e-02
2.903259000000000048e-02
1.500592000000000072e-02
1.369205000000000075e-02
5.321131999999999945e-02
1.324278600000000083e-01
1.013654999999999973e-01
4.493437000000000126e-02
1.932794999999999999e-02
2.896011000000000071e-02
6.444271999999999501e-02
6.481436999999999615e-02
4.916162000000000309e-02
2.782764000000000071e-02
1.750996000000000150e-02
3.905340000000000200e-02
5.682245999999999825e-02
5.316458000000000295e-02
3.902705000000000063e-02
3.898668000000000272e-02
7.846775999999999751e-02
1.353242699999999965e-01
7.954136000000000539e-02
3.585697999999999663e-02
1.826320999999999847e-02
4.413278000000000340e-02
8.581719999999999626e-02
1.167405999999999999e-01
1.351048199999999866e-01
1.295747299999999991e-01
1.754099899999999879e-01
2.169777800000000090e-01
1.777543000000000040e-01
1.509478499999999945e-01
9.451808000000000431e-02
8.022738000000000091e-02
4.818503999999999843e-02
1.791266599999999931e-01
3.341340700000000052e-01
4.331526499999999724e-01
5.983913499999999885e-01
6.689519900000000519e-01
7.134923300000000079e-01
7.086802700000000010e-01
6.802858099999999908e-01
6.584216999999999986e-01
4.900048699999999813e-01
3.707069999999999810e-02
