1.633516999999999955e-02
2.685623999999999997e-02
2.419096999999999914e-02
1.761162999999999965e-02
3.875739000000000267e-02
1.054140300000000058e-01
1.404761099999999874e-01
1.323734400000000089e-01
1.032636200000000004e-01
4.042662999999999812e-02
1.633010000000000017e-02
2.382743000000000014e-02
5.090622999999999676e-02
7.919658999999999727e-02
4.938076000000000271e-02
5.415376999999999691e-02
3.085904000000000078e-02
5.639904999999999918e-02
9.353325999999999307e-02
1.052164700000000064e-01
7.249437000000000242e-02
3.794346999999999998e-02
5.134696999999999872e-02
9.668300999999999978e-02
6.506064999999999765e-02
1.470893500000000076e-01
6.223241000000000189e-02
6.110009999999999747e-02
4.639461999999999753e-02
3.787977000000000011e-02
4.457603999999999733e-02
4.215131999999999907e-02
4.890648999999999691e-02
1.168417999999999957e-01
1.697714499999999904e-01
1.727132799999999968e-01
4.966704000000000258e-02
5.114363999999999716e-02
9.282364999999999366e-02
1.168341900000000044e-01
9.485209999999999475e-02
9.421532000000000517e-02
1.468915299999999924e-01
2.472207200000000049e-01
3.234925599999999846e-01
2.591930599999999751e-01
2.755323399999999867e-01
2.840883699999999790e-01
1.045699300000000054e-01
1.763829700000000000e-01
3.657262299999999855e-01
4.589081999999999883e-01
7.300145599999999790e-01
8.343867700000000553e-01
9.234062400000000448e-01
8.853285300000000024e-01
8.805037100000000505e-01
8.251544200000000551e-01
7.671330600000000333e-01
5.987955299999999648e-01
3.881689899999999915e-01
1.773710400000000076e-01
5.773556999999999995e-02
5.037339999999999873e-02
