9.879310000000000522e-03
3.884979999999999684e-02
3.674676999999999805e-02
5.051826000000000233e-02
4.272936000000000095e-02
5.037082999999999838e-02
3.217347000000000262e-02
4.061806999999999918e-02
5.263131000000000059e-02
1.643934000000000020e-02
1.410319999999999976e-02
2.338843000000000172e-02
2.795720000000000149e-02
3.542543000000000081e-02
3.910951000000000011e-02
2.659823999999999869e-02
1.842856999999999829e-02
4.781131000000000270e-02
6.586214999999999431e-02
8.920836999999999517e-02
1.111085899999999932e-01
6.352803999999999396e-02
3.460747000000000129e-02
2.869191999999999923e-02
4.450856999999999730e-02
6.676991999999999650e-02
6.611646999999999663e-02
9.538043999999999689e-02
8.349170999999999676e-02
1.413490900000000106e-01
1.468532700000000080e-01
1.059446599999999961e-01
8.625803999999999416e-02
4.615820999999999813e-02
1.262277099999999930e-01
3.076406999999999892e-01
5.045093299999999781e-01
6.330475800000000541e-01
7.094785599999999803e-01
5.715480400000000349e-01
4.299056199999999883e-01
2.829711699999999941e-01
2.071704000000000045e-01
1.281397499999999967e-01
2.225009000000000015e-02
2.166699000000000055e-02
3.097081999999999960e-02
3.019217999999999902e-02
8.272466000000000541e-02
1.117292000000000007e-01
1.394919500000000034e-01
1.827820199999999895e-01
1.614468199999999909e-01
1.233212800000000053e-01
7.339321000000000039e-02
4.092338000000000225e-02
3.796784999999999743e-02
4.172647000000000161e-02
1.900761000000000117e-02
3.040237000000000148e-02
4.834996999999999906e-02
5.532113999999999782e-02
9.248496999999999968e-02
1.963149999999999964e-02
