7.351759999999999719e-03
9.722599999999999645e-03
8.964339999999999462e-03
9.699920000000000764e-03
9.465370000000000728e-03
8.696080000000000129e-03
8.645270000000000038e-03
9.432680000000000578e-03
9.759989999999999638e-03
1.081921999999999918e-02
1.082613999999999972e-02
1.026293999999999991e-02
8.351519999999999430e-03
8.141819999999999266e-03
8.988499999999999962e-03
1.025429999999999918e-02
1.082915999999999913e-02
9.203150000000000219e-03
8.581010000000000026e-03
8.062859999999999819e-03
9.553799999999999445e-03
1.256269999999999956e-02
1.312201999999999986e-02
8.490819999999999618e-03
8.339779999999999763e-03
8.630250000000000768e-03
9.340799999999999798e-03
9.959140000000000006e-03
9.475459999999999786e-03
8.645200000000000454e-03
8.233709999999999987e-03
8.590489999999999238e-03
9.174200000000000410e-03
9.294129999999999406e-03
8.502430000000000057e-03
8.509620000000000725e-03
9.035800000000000082e-03
8.761279999999999762e-03
8.636069999999999164e-03
8.834770000000000470e-03
8.716979999999999174e-03
8.461400000000000865e-03
8.363439999999999763e-03
8.938309999999999658e-03
9.413940000000000849e-03
1.045243000000000040e-02
1.204329999999999984e-02
1.319266000000000015e-02
1.350474999999999939e-02
1.313691999999999985e-02
1.113199999999999953e-02
1.102129999999999950e-02
8.310569999999999763e-03
9.927260000000000251e-03
1.276247999999999966e-02
1.419362000000000054e-02
1.838327000000000017e-02
2.088428999999999980e-02
2.417153000000000010e-02
2.646230000000000110e-02
2.831836000000000075e-02
3.079039000000000081e-02
2.574954000000000132e-02
8.113719999999999613e-03
