8.954840000000000369e-03
1.003229999999999920e-02
9.175010000000000804e-03
1.024518999999999951e-02
1.046427999999999942e-02
9.516580000000000178e-03
8.826930000000000193e-03
8.223360000000000739e-03
8.804009999999999267e-03
9.350739999999999746e-03
1.047300999999999961e-02
1.260667000000000038e-02
1.243323999999999992e-02
1.071246000000000004e-02
1.067749999999999949e-02
9.791930000000000772e-03
8.636100000000000720e-03
1.064946999999999942e-02
1.323634999999999916e-02
1.387077999999999922e-02
1.359341000000000022e-02
1.210227999999999998e-02
1.487016000000000032e-02
1.332354999999999998e-02
1.186150000000000052e-02
1.364206999999999920e-02
1.093936000000000040e-02
1.048550999999999997e-02
1.432486999999999996e-02
1.358123999999999963e-02
1.032473000000000071e-02
1.029561000000000018e-02
1.119359999999999973e-02
9.933729999999999991e-03
1.115216999999999944e-02
1.466662000000000000e-02
1.416032000000000055e-02
1.847789999999999849e-02
1.953724999999999906e-02
1.848278000000000074e-02
1.759056999999999982e-02
1.127168999999999914e-02
1.051413999999999994e-02
1.458525999999999920e-02
2.142505999999999924e-02
2.864016999999999952e-02
3.102204000000000073e-02
2.523736999999999855e-02
1.896952999999999834e-02
2.836510000000000073e-02
3.176808999999999883e-02
3.369868000000000169e-02
2.360311000000000006e-02
1.837977000000000014e-02
1.577314999999999967e-02
2.217792000000000027e-02
4.308444000000000162e-02
7.062311999999999756e-02
1.022997300000000054e-01
1.278381299999999943e-01
1.709407900000000091e-01
2.166960199999999892e-01
1.707415700000000092e-01
1.373472000000000061e-02
