7.409709999999999908e-03
9.521999999999999215e-03
9.245150000000000590e-03
8.469630000000000561e-03
8.209370000000000556e-03
8.333790000000000642e-03
8.712819999999999593e-03
8.326230000000000436e-03
8.666349999999999748e-03
8.609109999999999679e-03
8.870050000000000850e-03
8.304970000000000060e-03
8.243389999999999745e-03
8.225339999999999388e-03
8.819360000000000047e-03
9.012350000000000569e-03
8.978109999999999216e-03
8.195620000000000682e-03
8.701729999999999535e-03
8.802459999999999798e-03
9.383020000000000596e-03
8.737709999999999227e-03
8.714229999999999893e-03
9.462889999999999843e-03
9.841789999999999566e-03
1.029347000000000074e-02
9.524019999999999361e-03
8.241830000000000336e-03
9.036930000000000310e-03
8.433780000000000096e-03
8.583270000000000483e-03
9.175559999999999272e-03
9.950080000000000036e-03
1.023458000000000007e-02
1.149084000000000043e-02
1.228184000000000047e-02
1.126987999999999948e-02
1.063681000000000001e-02
9.309589999999999532e-03
9.194819999999999383e-03
1.263055000000000080e-02
1.871596000000000024e-02
2.321758000000000155e-02
2.531382999999999897e-02
2.414936000000000166e-02
1.890493999999999855e-02
1.594742999999999855e-02
1.825587999999999864e-02
1.672407999999999881e-02
1.106158999999999962e-02
8.430939999999999615e-03
9.758589999999999279e-03
9.539560000000000747e-03
9.572519999999999293e-03
1.153241999999999982e-02
1.414719000000000046e-02
1.379517000000000070e-02
1.320815000000000010e-02
1.244137000000000021e-02
1.515627999999999941e-02
1.449544000000000006e-02
1.059975999999999974e-02
8.609620000000000120e-03
7.855910000000000670e-03
