2.028693000000000163e-02
7.272133999999999543e-02
2.747878999999999947e-02
2.045390999999999876e-02
1.711881000000000166e-02
1.200820000000000012e-02
1.434215999999999963e-02
2.462115000000000137e-02
4.940469000000000110e-02
4.115491000000000288e-02
2.627561000000000133e-02
2.425582000000000085e-02
3.673176000000000219e-02
6.639522000000000479e-02
5.481517000000000334e-02
1.881903000000000048e-02
1.203525000000000081e-02
1.827675000000000133e-02
2.995259999999999936e-02
4.056329999999999658e-02
1.539576999999999959e-02
2.878276000000000098e-02
2.010566999999999910e-02
3.478294999999999998e-02
5.883797999999999806e-02
4.012616000000000099e-02
2.580703999999999984e-02
3.352601000000000192e-02
7.019936000000000231e-02
1.125675200000000042e-01
8.237771000000000676e-02
3.127549999999999775e-02
3.261672999999999656e-02
1.960490999999999970e-02
3.674888999999999933e-02
6.131005999999999956e-02
8.831097000000000252e-02
8.512898000000000687e-02
8.688099000000000516e-02
1.104145099999999935e-01
1.279021399999999975e-01
1.001770599999999983e-01
4.822947000000000345e-02
2.832455000000000042e-02
5.732199999999999795e-02
1.231858299999999962e-01
2.718563099999999899e-01
3.599241100000000193e-01
4.933112299999999895e-01
5.078392600000000145e-01
5.484511899999999773e-01
4.839404199999999823e-01
4.133754399999999829e-01
3.144252599999999842e-01
1.396490200000000126e-01
6.111558000000000268e-02
3.137641000000000041e-02
2.119947000000000151e-02
1.893038999999999833e-02
2.223872000000000002e-02
4.020400999999999836e-02
5.825440999999999953e-02
6.419999999999999318e-02
2.320438999999999835e-02
