7.505290000000000399e-03
8.581979999999999470e-03
8.511750000000000219e-03
8.181189999999999643e-03
9.024070000000000355e-03
9.243799999999999933e-03
9.016859999999999806e-03
9.164759999999999227e-03
8.177500000000000741e-03
8.666290000000000104e-03
8.626840000000000203e-03
8.322370000000000809e-03
9.008550000000000585e-03
1.019374999999999969e-02
9.409950000000000259e-03
8.759219999999999853e-03
9.516490000000000712e-03
9.959690000000000210e-03
8.720920000000000061e-03
9.053280000000000355e-03
8.700770000000000032e-03
8.329980000000000717e-03
8.575690000000000396e-03
8.273390000000000258e-03
9.301739999999999314e-03
9.630760000000000362e-03
1.080976999999999980e-02
1.262700999999999928e-02
1.125064999999999919e-02
1.202047000000000011e-02
8.927090000000000372e-03
8.317780000000000312e-03
9.020250000000000490e-03
1.091566000000000064e-02
1.574419000000000166e-02
2.611888999999999877e-02
3.161753999999999953e-02
2.604133000000000142e-02
2.741023000000000071e-02
2.672804999999999973e-02
1.941096999999999961e-02
1.461787999999999976e-02
1.478885999999999916e-02
1.161751999999999924e-02
9.637949999999999295e-03
1.029045999999999954e-02
1.670262999999999956e-02
1.410666000000000003e-02
1.191590000000000010e-02
1.623685000000000059e-02
1.500564000000000064e-02
1.676410000000000053e-02
1.046452999999999967e-02
1.223794999999999918e-02
1.065410999999999962e-02
1.177927999999999961e-02
1.124791999999999979e-02
8.983909999999999466e-03
1.088326000000000050e-02
9.788919999999999566e-03
9.746859999999999552e-03
9.431830000000000422e-03
1.054212000000000031e-02
8.680280000000000287e-03
