9.187749999999999737e-03
1.202931999999999960e-02
1.047267999999999984e-02
1.091698999999999968e-02
8.165179999999999313e-03
8.742369999999999308e-03
9.339220000000000507e-03
9.660600000000000090e-03
1.111988000000000039e-02
9.730920000000000541e-03
1.068304999999999949e-02
1.042258000000000073e-02
1.339211000000000047e-02
1.640963000000000144e-02
1.746961000000000000e-02
1.320495000000000002e-02
1.019680000000000065e-02
9.190490000000000811e-03
1.063602999999999944e-02
1.305477000000000026e-02
1.296450000000000033e-02
1.208131999999999956e-02
1.692277999999999838e-02
2.085893999999999943e-02
2.201523000000000022e-02
2.389733999999999955e-02
2.057031000000000137e-02
1.571695000000000036e-02
1.828768999999999881e-02
2.801245000000000124e-02
4.855459000000000164e-02
7.314157000000000297e-02
9.822040999999999411e-02
1.045566599999999957e-01
8.278994000000000630e-02
7.584390000000000576e-02
6.110552000000000344e-02
2.981204000000000146e-02
1.294276999999999928e-02
9.667709999999999498e-03
1.126750999999999968e-02
1.547743000000000035e-02
1.885977999999999960e-02
1.844608000000000012e-02
2.477009999999999976e-02
2.805929000000000062e-02
2.708819999999999978e-02
2.923713000000000006e-02
1.775329999999999964e-02
9.601649999999999768e-03
9.522009999999999155e-03
1.090034999999999962e-02
1.214606000000000019e-02
1.301626999999999992e-02
1.526221000000000001e-02
1.477959000000000044e-02
1.576637999999999998e-02
1.522015000000000000e-02
1.629121999999999862e-02
1.209720000000000066e-02
1.021803999999999941e-02
1.083863000000000014e-02
9.674000000000000307e-03
9.315260000000000554e-03
