1.223651000000000079e-02
1.899603999999999876e-02
1.412183000000000015e-02
1.546739999999999920e-02
1.672525000000000053e-02
1.397963999999999977e-02
1.381490999999999969e-02
1.212347000000000077e-02
1.094686999999999917e-02
1.201316000000000016e-02
1.729531000000000124e-02
3.267851000000000089e-02
3.128621999999999653e-02
2.343266999999999919e-02
2.049168999999999990e-02
1.544890999999999973e-02
8.847479999999999581e-03
1.696715999999999849e-02
3.382618999999999904e-02
4.037990999999999803e-02
3.673565000000000164e-02
3.344692999999999972e-02
3.483783000000000019e-02
2.874598000000000084e-02
3.021615999999999885e-02
3.550083999999999879e-02
1.828882000000000077e-02
1.566667000000000060e-02
2.499648000000000148e-02
2.984076999999999910e-02
1.632406999999999955e-02
1.566052000000000069e-02
1.694970999999999978e-02
1.310016999999999952e-02
2.482327999999999965e-02
2.891159999999999911e-02
2.512887000000000107e-02
2.758584000000000036e-02
2.666229000000000168e-02
2.672244999999999829e-02
3.379424000000000317e-02
2.676577999999999943e-02
1.863497999999999891e-02
2.388579999999999870e-02
4.455894999999999995e-02
6.343445999999999807e-02
7.956343000000000443e-02
7.065879999999999383e-02
4.931292999999999788e-02
9.035790999999999962e-02
1.016218100000000069e-01
1.074288899999999991e-01
7.373823000000000183e-02
5.647391000000000216e-02
2.721488000000000032e-02
4.212757999999999781e-02
1.026018399999999997e-01
1.822131899999999971e-01
2.399565899999999974e-01
2.990472299999999972e-01
4.109693500000000110e-01
4.913499399999999850e-01
2.825253899999999874e-01
2.138452999999999882e-02
