1.610819000000000140e-02
4.148208999999999924e-02
1.458262999999999920e-02
3.112554000000000015e-02
4.174717000000000011e-02
4.685489000000000320e-02
7.054364999999999941e-02
5.934383000000000019e-02
3.070027000000000172e-02
6.214134999999999798e-02
7.378896000000000066e-02
3.819859999999999922e-02
6.651086000000000498e-02
9.046751000000000098e-02
8.832304000000000543e-02
7.197166000000000674e-02
1.508221899999999949e-01
2.034548399999999979e-01
1.446230900000000097e-01
9.845610000000000472e-02
6.479803000000000646e-02
4.008849999999999913e-02
1.136202999999999935e-01
1.601864799999999922e-01
1.501678100000000127e-01
1.551637899999999959e-01
2.659994099999999917e-01
4.843754200000000010e-01
4.467326400000000142e-01
3.685176399999999797e-01
1.489841600000000044e-01
4.500117000000000006e-02
3.430865699999999796e-01
6.746740900000000041e-01
7.956379099999999482e-01
9.376342300000000130e-01
9.799374899999999666e-01
9.956355099999999458e-01
9.581977099999999803e-01
7.469725000000000392e-01
5.092135700000000043e-01
2.447222199999999903e-01
1.520406300000000099e-01
1.015263400000000066e-01
6.853790999999999356e-02
1.042709200000000030e-01
2.217560299999999929e-01
3.180367900000000136e-01
2.815768699999999791e-01
4.871032499999999876e-01
5.163862700000000361e-01
4.527022499999999727e-01
2.290340399999999943e-01
1.717200399999999905e-01
9.267050000000000287e-02
1.024189699999999981e-01
1.168229999999999963e-01
2.181630999999999987e-01
1.819918500000000106e-01
1.020140100000000022e-01
1.660892200000000096e-01
2.158550899999999995e-01
1.776114699999999935e-01
5.659821000000000296e-02
