2.230392999999999959e-02
1.073081099999999982e-01
6.597941999999999696e-02
8.927467999999999515e-02
8.285615999999999814e-02
5.266483999999999749e-02
3.262011000000000077e-02
2.374965000000000062e-02
3.032485999999999862e-02
8.160944000000000531e-02
1.061859099999999945e-01
7.960216999999999987e-02
3.564915999999999918e-02
2.803119000000000097e-02
5.716638000000000275e-02
4.423204000000000025e-02
9.635264999999999802e-02
1.022222299999999973e-01
5.881339000000000011e-02
2.019436999999999968e-02
2.992010000000000156e-02
8.083184999999999676e-02
9.039888999999999564e-02
4.699123999999999662e-02
3.988782999999999912e-02
3.327253000000000155e-02
6.687659999999999438e-02
1.100256399999999940e-01
1.292130400000000012e-01
7.902916000000000107e-02
1.274148099999999895e-01
1.098580200000000007e-01
1.224023300000000036e-01
8.651989999999999681e-02
6.803336999999999579e-02
5.913103000000000109e-02
1.203064499999999953e-01
1.510132299999999983e-01
1.490989199999999959e-01
7.571637000000000506e-02
1.157945300000000066e-01
2.072185099999999947e-01
2.471644899999999867e-01
2.613742399999999799e-01
1.965109899999999965e-01
7.465647000000000255e-02
1.052244499999999972e-01
1.774318500000000021e-01
5.425288700000000519e-01
6.923261899999999525e-01
8.090900199999999653e-01
8.239213800000000365e-01
8.204625800000000524e-01
8.297166200000000158e-01
7.465050199999999636e-01
6.096501399999999515e-01
3.386190800000000167e-01
2.037247699999999995e-01
1.086408100000000043e-01
4.459678999999999727e-02
2.420682999999999863e-02
4.386071999999999887e-02
7.198667999999999734e-02
4.912695000000000256e-02
