7.766020000000000215e-03
1.061384999999999933e-02
9.845480000000000204e-03
1.009002999999999983e-02
1.179777000000000083e-02
9.133449999999999555e-03
1.043220000000000085e-02
1.143425999999999991e-02
9.710279999999999953e-03
1.030124999999999964e-02
1.146306000000000061e-02
1.096894999999999988e-02
1.173258999999999934e-02
1.298734000000000000e-02
1.259123000000000013e-02
1.206221000000000029e-02
1.150542000000000058e-02
1.204501000000000009e-02
1.303230000000000013e-02
1.811217999999999856e-02
1.667534999999999851e-02
1.027408999999999961e-02
9.679089999999999569e-03
1.054846000000000082e-02
1.488761000000000077e-02
1.850411999999999890e-02
1.323833999999999948e-02
1.024923999999999974e-02
1.003429999999999947e-02
1.210752000000000009e-02
9.871670000000000791e-03
1.115895000000000081e-02
1.131857999999999996e-02
8.923489999999999200e-03
1.075120000000000069e-02
1.407120000000000072e-02
1.099642999999999975e-02
9.022479999999999389e-03
1.034081000000000063e-02
1.132195000000000076e-02
1.488654000000000019e-02
1.316996999999999959e-02
1.021236000000000019e-02
1.053882000000000083e-02
1.278022000000000012e-02
1.485062000000000014e-02
1.829093999999999859e-02
2.049087999999999951e-02
1.554420999999999928e-02
2.231533000000000128e-02
2.501642999999999922e-02
2.502017000000000130e-02
2.278617999999999963e-02
2.035667000000000032e-02
1.364480000000000033e-02
1.281131999999999931e-02
1.249307000000000022e-02
1.872060000000000043e-02
2.595412999999999887e-02
3.534108999999999862e-02
5.483492000000000227e-02
7.570628999999999553e-02
6.412236999999999798e-02
9.525590000000000446e-03
