7.594909999999999856e-03
8.830030000000000864e-03
8.423619999999999719e-03
8.442210000000000339e-03
8.988750000000000212e-03
9.150419999999999388e-03
9.718819999999999543e-03
1.035159000000000079e-02
1.132663000000000073e-02
9.928680000000000491e-03
9.252420000000000783e-03
9.270799999999999180e-03
8.617220000000000088e-03
8.900019999999999806e-03
9.184430000000000371e-03
1.021719999999999920e-02
9.661549999999999652e-03
8.524620000000000114e-03
8.670660000000000173e-03
9.547389999999999349e-03
1.005206999999999976e-02
1.060203000000000013e-02
1.011128000000000027e-02
8.777119999999999367e-03
9.040829999999999700e-03
9.816019999999999954e-03
9.664219999999999408e-03
9.049039999999999515e-03
8.459700000000000553e-03
8.727510000000000823e-03
8.846710000000000684e-03
8.527500000000000357e-03
9.708380000000000828e-03
1.049139999999999968e-02
1.185301000000000063e-02
1.175491000000000036e-02
1.111510999999999923e-02
1.318826000000000026e-02
1.028155000000000041e-02
9.513459999999999625e-03
1.201192000000000058e-02
1.255189999999999952e-02
1.307966999999999984e-02
1.456731999999999992e-02
1.571020999999999876e-02
1.272951999999999938e-02
1.211703000000000086e-02
1.627541000000000057e-02
1.543161000000000012e-02
1.153513999999999928e-02
1.177539000000000016e-02
1.554235999999999986e-02
2.407460999999999976e-02
4.211021000000000208e-02
6.040486999999999940e-02
5.893190000000000234e-02
6.026962000000000291e-02
5.624287000000000036e-02
4.592154999999999848e-02
3.660200999999999733e-02
2.696524000000000143e-02
1.798314000000000162e-02
1.104338000000000021e-02
7.833839999999999901e-03
