1.235086799999999957e-01
2.436919499999999905e-01
1.626735199999999881e-01
6.370950999999999698e-02
4.813042000000000015e-02
1.959171100000000054e-01
5.170999200000000462e-01
6.987278500000000392e-01
7.753598699999999511e-01
8.588105400000000111e-01
8.878207799999999761e-01
8.370312500000000044e-01
8.020587000000000133e-01
6.688566799999999812e-01
3.567076299999999978e-01
2.144535499999999928e-01
1.714682299999999993e-01
3.858560999999999935e-02
4.226386000000000032e-02
7.636782000000000292e-02
1.119523899999999988e-01
1.947544099999999889e-01
2.414544700000000044e-01
2.645032399999999728e-01
3.808633100000000105e-01
3.218308100000000227e-01
1.781723400000000124e-01
3.745641999999999722e-02
5.526501000000000330e-02
5.708403000000000088e-02
6.560470000000000190e-02
5.338017999999999930e-02
3.554685999999999957e-02
5.763697999999999738e-02
7.793332999999999511e-02
5.922518000000000227e-02
4.912456999999999935e-02
7.234427999999999692e-02
5.627225999999999756e-02
2.850516999999999981e-02
2.619140999999999830e-02
3.901792999999999928e-02
7.596360000000000612e-02
8.076099999999999945e-02
5.603136000000000227e-02
3.267025999999999958e-02
2.320440000000000003e-02
1.776710999999999915e-02
4.473172000000000259e-02
1.101705699999999954e-01
1.154891200000000007e-01
7.789343999999999435e-02
3.699245999999999784e-02
2.447654000000000149e-02
4.912181000000000186e-02
8.048900999999999972e-02
9.272070999999999785e-02
2.861322000000000171e-02
3.336473000000000216e-02
2.744912999999999867e-02
1.830876000000000031e-02
5.574574000000000196e-02
1.130213999999999941e-01
3.308202999999999838e-02
