8.006299999999999181e-03
5.940796000000000271e-02
9.768116000000000299e-02
6.276853000000000293e-02
7.931240999999999985e-02
9.890369000000000244e-02
8.832724000000000131e-02
1.262297500000000017e-01
1.289280399999999938e-01
1.880885399999999985e-01
1.324403899999999912e-01
1.161646600000000029e-01
3.900971999999999773e-02
4.788556000000000062e-02
9.704701000000000299e-02
1.618287399999999987e-01
1.501744999999999886e-01
8.515050000000000396e-02
1.162387599999999965e-01
2.622491399999999917e-01
3.996938500000000172e-01
3.226420899999999925e-01
2.318095599999999978e-01
9.512357999999999925e-02
9.560217000000000021e-02
2.394985900000000112e-01
6.163717499999999960e-01
8.135091100000000353e-01
9.247703000000000451e-01
8.860459899999999500e-01
8.461921799999999605e-01
8.233080499999999580e-01
6.976510900000000293e-01
4.031110399999999760e-01
1.474881600000000070e-01
4.212405999999999789e-02
5.993984000000000117e-02
1.149069399999999991e-01
1.239282099999999970e-01
2.870610399999999895e-01
3.200701499999999977e-01
3.845518499999999729e-01
3.353927400000000225e-01
1.922388100000000100e-01
1.385374500000000064e-01
4.699898999999999744e-02
4.932518000000000319e-02
5.063415000000000277e-02
6.002011000000000152e-02
1.161843300000000023e-01
9.340701999999999339e-02
7.621084999999999665e-02
9.029370000000000451e-02
1.125793999999999961e-01
3.250726999999999783e-02
2.689416999999999849e-02
2.804115000000000080e-02
3.423497999999999819e-02
4.184062999999999671e-02
6.043314999999999798e-02
8.155157999999999852e-02
3.770823000000000230e-02
2.449000000000000135e-02
3.520700999999999692e-02
