1.201611999999999993e-02
5.080243000000000259e-02
1.370195399999999952e-01
8.921373999999999971e-02
1.164124500000000006e-01
1.228308399999999967e-01
8.953250999999999571e-02
9.861103999999999703e-02
1.915226100000000098e-01
2.246429799999999921e-01
1.825877999999999945e-01
1.955564599999999875e-01
1.194746299999999983e-01
1.222712600000000066e-01
1.551358300000000023e-01
9.773874000000000450e-02
2.345662599999999987e-01
1.513394999999999879e-01
1.445628599999999875e-01
2.186634699999999987e-01
4.064204399999999939e-01
4.735466199999999737e-01
4.456583000000000072e-01
2.631447000000000092e-01
1.075897499999999979e-01
1.615891799999999989e-01
4.913226099999999930e-01
8.100597299999999779e-01
9.511956599999999984e-01
9.754520100000000360e-01
9.843953300000000128e-01
9.856375499999999734e-01
9.328899999999999970e-01
7.550440400000000274e-01
4.610199300000000222e-01
1.959192499999999892e-01
1.064673399999999936e-01
7.344296000000000157e-02
1.339266199999999962e-01
2.304463099999999876e-01
4.143737900000000196e-01
4.128550000000000275e-01
5.231233199999999472e-01
4.723100399999999865e-01
3.772537999999999725e-01
1.542647500000000060e-01
6.081522000000000316e-02
4.750536000000000342e-02
1.011942900000000062e-01
1.566621199999999881e-01
1.916506900000000124e-01
1.406373099999999876e-01
1.078446400000000055e-01
1.456100300000000014e-01
6.702592000000000272e-02
1.021221600000000035e-01
1.114602199999999987e-01
6.551751999999999576e-02
4.649147000000000002e-02
1.248726299999999984e-01
2.000249500000000069e-01
7.741201999999999805e-02
5.292561999999999961e-02
5.857065000000000188e-02
