7.178030000000000174e-03
8.092880000000000212e-03
8.083129999999999135e-03
8.556559999999999513e-03
8.688799999999999996e-03
8.804779999999999898e-03
8.395120000000000707e-03
8.178279999999999578e-03
8.157289999999999333e-03
8.721460000000000323e-03
9.065020000000000022e-03
8.632920000000000524e-03
8.449569999999999997e-03
8.633609999999999896e-03
8.463750000000000787e-03
8.566199999999999509e-03
8.801450000000000592e-03
8.791759999999999159e-03
8.863090000000000551e-03
8.725780000000000688e-03
8.482869999999999994e-03
9.069580000000000697e-03
9.453949999999999160e-03
8.696960000000000107e-03
8.449359999999999510e-03
8.570599999999999399e-03
8.871139999999999581e-03
8.816519999999999566e-03
9.631290000000000684e-03
8.327330000000000843e-03
8.582829999999999626e-03
8.741370000000000043e-03
9.192050000000000221e-03
9.172190000000000204e-03
9.696530000000000080e-03
9.773689999999999808e-03
1.041807999999999970e-02
1.032868999999999975e-02
9.553020000000000608e-03
8.527850000000000014e-03
8.547179999999999708e-03
8.692959999999999576e-03
9.362590000000000495e-03
1.071872999999999923e-02
1.284854000000000031e-02
1.219683000000000052e-02
1.029356000000000021e-02
1.090344000000000035e-02
1.188457000000000055e-02
1.290514000000000071e-02
1.610531999999999936e-02
1.770081000000000085e-02
1.798804000000000028e-02
1.978567000000000173e-02
2.068153000000000005e-02
1.873520999999999867e-02
1.435382999999999971e-02
1.142016000000000038e-02
9.062940000000000232e-03
8.576590000000000255e-03
8.448910000000000448e-03
8.676859999999999781e-03
8.081170000000000367e-03
7.392219999999999694e-03
