1.210963999999999964e-02
7.759721999999999453e-02
1.168749699999999947e-01
1.038057800000000003e-01
8.111839999999999329e-02
7.325268000000000057e-02
3.902598000000000178e-02
2.436251000000000042e-02
2.754548999999999886e-02
8.531497999999999859e-02
1.224500500000000047e-01
8.435067999999999733e-02
5.470611000000000224e-02
5.221469000000000110e-02
8.093590000000000506e-02
1.720760199999999962e-01
1.509761799999999876e-01
3.988661999999999763e-02
1.305171999999999929e-02
2.869036999999999976e-02
7.326267000000000196e-02
7.607397999999999938e-02
1.269125600000000076e-01
9.483888000000000040e-02
1.477743499999999988e-01
2.234120500000000009e-01
2.972258899999999926e-01
1.766836599999999924e-01
9.966838999999999560e-02
6.543566000000000660e-02
5.700137999999999733e-02
1.427843599999999991e-01
2.300423400000000118e-01
2.077939199999999931e-01
2.420671399999999862e-01
3.992731600000000158e-01
3.834784900000000052e-01
4.343040599999999918e-01
2.879277499999999823e-01
1.053607899999999958e-01
7.412082000000000392e-02
3.186905400000000221e-01
7.826121999999999801e-01
8.849284600000000278e-01
9.454323599999999717e-01
9.607594000000000412e-01
9.276563500000000184e-01
8.980441700000000305e-01
7.777972800000000353e-01
5.292454399999999559e-01
2.531011100000000180e-01
1.712862099999999943e-01
4.556609999999999827e-02
5.376811000000000090e-02
1.987435200000000068e-01
3.162973499999999771e-01
3.177758199999999866e-01
3.133825700000000269e-01
4.179621900000000112e-01
5.659898500000000165e-01
5.040565099999999576e-01
3.244015900000000174e-01
1.359410100000000010e-01
6.713273000000000157e-02
