1.411419000000000042e-02
2.230224999999999916e-02
1.966735000000000011e-02
1.248852999999999942e-02
1.313916000000000042e-02
1.824848999999999916e-02
1.720460000000000045e-02
1.592009000000000132e-02
1.218758999999999988e-02
1.229421999999999980e-02
8.890689999999999704e-03
9.841249999999999304e-03
1.042190999999999951e-02
1.226510999999999921e-02
1.450271000000000025e-02
1.030352000000000004e-02
9.393109999999999654e-03
1.196365999999999923e-02
1.464622999999999967e-02
1.372004999999999926e-02
1.557691999999999931e-02
1.302761000000000023e-02
1.506426999999999940e-02
2.832269000000000106e-02
2.155417000000000097e-02
1.751805000000000029e-02
1.321698999999999964e-02
1.030860999999999930e-02
1.224745999999999994e-02
1.612036000000000024e-02
1.780210000000000126e-02
2.409152000000000168e-02
3.173643000000000297e-02
2.940194999999999961e-02
3.298049000000000119e-02
3.265524000000000204e-02
1.915216999999999961e-02
1.363397000000000046e-02
2.529624999999999929e-02
3.730321999999999805e-02
6.656718000000000357e-02
9.795668000000000430e-02
1.071010200000000051e-01
1.236848799999999970e-01
1.212638800000000044e-01
8.814091999999999760e-02
5.467037000000000285e-02
3.475650000000000267e-02
1.559777000000000038e-02
1.037307999999999980e-02
9.433759999999999368e-03
1.031300999999999919e-02
1.555004999999999929e-02
2.416743999999999837e-02
3.391726999999999936e-02
4.581484999999999724e-02
4.492629000000000067e-02
3.585226999999999858e-02
2.942000000000000171e-02
2.436655000000000071e-02
1.918173000000000100e-02
1.404473000000000006e-02
1.139193999999999971e-02
9.959610000000000685e-03
