1.295776000000000046e-02
2.382994000000000084e-02
1.940410999999999872e-02
1.700963999999999948e-02
1.250543999999999961e-02
1.161925999999999931e-02
1.033366999999999966e-02
9.640370000000000536e-03
9.652080000000000382e-03
9.408339999999999412e-03
1.119351000000000027e-02
1.395679000000000017e-02
1.717534999999999895e-02
2.109400999999999984e-02
2.034315999999999902e-02
1.470116999999999952e-02
1.212657999999999965e-02
9.413970000000000671e-03
8.763659999999999506e-03
8.501589999999999842e-03
8.311650000000000288e-03
9.532509999999999248e-03
9.338249999999999329e-03
8.520540000000000058e-03
8.038639999999999675e-03
8.329009999999999539e-03
8.695559999999999748e-03
8.922829999999999651e-03
8.358980000000000229e-03
8.476579999999999185e-03
8.494220000000000242e-03
8.613229999999999498e-03
8.516279999999999337e-03
8.812169999999999379e-03
8.673729999999999288e-03
8.586850000000000038e-03
8.600709999999999258e-03
9.101629999999999443e-03
9.381789999999999227e-03
9.414940000000000114e-03
9.424079999999999610e-03
8.326240000000000377e-03
8.428170000000000453e-03
8.475609999999999741e-03
9.208279999999999244e-03
1.165615000000000054e-02
1.009582000000000014e-02
1.000482999999999928e-02
8.658920000000000505e-03
9.109590000000000742e-03
9.003300000000000539e-03
9.299560000000000118e-03
1.022123999999999949e-02
9.647209999999999813e-03
8.975550000000000542e-03
9.499769999999999395e-03
9.484029999999999197e-03
9.996379999999999155e-03
9.575560000000000321e-03
8.188739999999999908e-03
9.179400000000000753e-03
8.790660000000000487e-03
8.947419999999999332e-03
8.026800000000000601e-03
