1.079326000000000070e-02
1.255559000000000015e-02
9.417609999999999870e-03
8.731229999999999547e-03
8.769370000000000290e-03
8.590550000000000616e-03
8.576089999999999755e-03
9.151400000000000506e-03
1.027111999999999990e-02
9.370669999999999347e-03
9.073120000000000490e-03
9.539459999999999607e-03
1.494359999999999959e-02
1.191202000000000059e-02
1.093096999999999992e-02
8.916489999999999139e-03
8.624760000000000412e-03
9.311720000000000760e-03
9.783029999999999851e-03
9.757909999999999848e-03
8.278590000000000601e-03
8.861169999999999811e-03
9.204939999999999997e-03
1.040244000000000064e-02
1.123678000000000003e-02
9.935060000000000766e-03
8.834740000000000648e-03
9.187090000000000187e-03
1.083336000000000021e-02
1.272081000000000080e-02
1.175056000000000017e-02
8.938339999999999480e-03
8.625809999999999381e-03
8.948730000000000226e-03
1.149053000000000054e-02
1.278043000000000061e-02
1.103689000000000059e-02
1.044992999999999964e-02
1.056333999999999919e-02
1.495467999999999971e-02
2.042054000000000091e-02
1.583922000000000108e-02
1.032399999999999984e-02
1.240742000000000060e-02
1.210944000000000083e-02
1.643551000000000040e-02
2.495131999999999906e-02
3.131785000000000124e-02
3.245585000000000137e-02
3.065174999999999844e-02
2.887752999999999848e-02
2.518868999999999969e-02
1.935566999999999843e-02
1.655154000000000000e-02
1.366152999999999985e-02
1.303632000000000055e-02
9.099859999999999546e-03
8.980600000000000041e-03
1.000578000000000058e-02
9.376370000000000191e-03
1.035153999999999935e-02
1.036226999999999981e-02
8.382610000000000408e-03
7.339059999999999681e-03
