7.700290000000000259e-03
9.664930000000000396e-03
1.010039000000000076e-02
9.705270000000000216e-03
1.169398999999999959e-02
1.355444999999999914e-02
1.314075999999999959e-02
1.057082999999999981e-02
1.001702999999999968e-02
8.702619999999999453e-03
9.883700000000000471e-03
1.078487000000000022e-02
9.739829999999999668e-03
9.076229999999999368e-03
9.362270000000000661e-03
9.391180000000000708e-03
1.230490000000000056e-02
1.257451000000000055e-02
1.203331000000000019e-02
1.000173000000000034e-02
9.764669999999999600e-03
1.044994999999999952e-02
1.187665000000000075e-02
1.013219999999999919e-02
9.203630000000000838e-03
9.836179999999999923e-03
9.700769999999999185e-03
1.324983000000000063e-02
1.316195000000000039e-02
9.073509999999999909e-03
1.161802999999999968e-02
1.213843000000000040e-02
1.200214999999999962e-02
1.296515999999999988e-02
1.538903999999999966e-02
1.188903000000000008e-02
9.282570000000000404e-03
1.299101000000000075e-02
1.682987000000000025e-02
1.527908000000000044e-02
1.350606000000000029e-02
1.352393999999999992e-02
1.559971999999999921e-02
1.773937999999999904e-02
1.773978000000000013e-02
1.289463000000000067e-02
1.018125999999999927e-02
1.038806999999999925e-02
1.456692000000000056e-02
2.417779000000000109e-02
3.118127999999999872e-02
3.780487999999999904e-02
4.237616000000000299e-02
4.292050000000000032e-02
3.707420000000000160e-02
2.454133999999999829e-02
1.990188000000000026e-02
1.664639999999999870e-02
1.380929000000000011e-02
1.105803999999999988e-02
9.236420000000000394e-03
8.783849999999999297e-03
8.094250000000000750e-03
7.930420000000000524e-03
