7.475400000000000100e-03
8.694310000000000233e-03
1.022674999999999973e-02
1.039788999999999991e-02
1.168408999999999941e-02
1.704746999999999860e-02
1.736499000000000029e-02
1.422000999999999994e-02
1.454948000000000005e-02
9.620300000000000032e-03
1.049657000000000021e-02
1.099944999999999916e-02
1.192825999999999956e-02
1.040975000000000060e-02
9.269519999999999843e-03
9.751090000000000452e-03
1.042427999999999931e-02
1.072454999999999936e-02
1.128716999999999915e-02
1.298622999999999965e-02
1.012686999999999962e-02
8.678049999999999653e-03
9.176600000000000035e-03
1.014358999999999920e-02
1.068118000000000019e-02
1.134889000000000037e-02
1.088096000000000028e-02
1.156428999999999964e-02
1.028743000000000019e-02
9.959390000000000256e-03
1.005685000000000086e-02
1.213780000000000067e-02
1.293520000000000086e-02
1.963909999999999961e-02
2.477398000000000100e-02
1.558915999999999948e-02
1.586301999999999851e-02
1.334777000000000012e-02
1.680101000000000164e-02
2.215490000000000168e-02
1.696746000000000018e-02
1.313680000000000056e-02
2.146146000000000165e-02
3.966751000000000305e-02
3.839338999999999946e-02
2.200254000000000099e-02
1.949945000000000150e-02
1.619374999999999981e-02
1.491880999999999936e-02
2.660884999999999986e-02
3.618861999999999773e-02
4.356296999999999947e-02
5.209687999999999819e-02
5.803429999999999700e-02
7.097451000000000454e-02
5.660226000000000146e-02
4.586660000000000043e-02
3.303413000000000183e-02
2.992258000000000071e-02
2.363323000000000160e-02
1.622755999999999851e-02
1.195625999999999980e-02
1.038451999999999951e-02
8.679720000000000144e-03
