7.226250000000000034e-03
1.091326999999999922e-02
1.873740000000000128e-02
1.404370999999999918e-02
1.362398000000000081e-02
1.740097999999999992e-02
1.475957999999999957e-02
2.162245999999999960e-02
2.712465000000000015e-02
2.779409999999999867e-02
2.034646999999999845e-02
1.883610999999999966e-02
1.071598999999999989e-02
1.288533000000000039e-02
1.647428000000000087e-02
2.933542999999999915e-02
2.984525000000000025e-02
1.743186000000000041e-02
2.118306999999999829e-02
2.914823999999999887e-02
4.756115999999999816e-02
3.852045999999999942e-02
2.706938000000000052e-02
1.342611999999999972e-02
1.672778999999999933e-02
4.517240000000000144e-02
1.001434900000000017e-01
1.249437899999999990e-01
1.930314599999999881e-01
1.686727699999999996e-01
1.480687400000000042e-01
1.320731800000000122e-01
1.042639300000000047e-01
5.190655999999999742e-02
2.505278000000000019e-02
1.322733000000000068e-02
1.372061999999999934e-02
1.608226999999999920e-02
2.472185000000000007e-02
2.691939999999999958e-02
4.297371999999999997e-02
4.758621999999999852e-02
4.601016000000000133e-02
3.170310999999999962e-02
2.430842999999999893e-02
1.389974000000000071e-02
1.183905000000000027e-02
1.217639000000000048e-02
1.225300000000000000e-02
1.510415000000000021e-02
2.226815000000000044e-02
1.612088999999999883e-02
1.496325000000000086e-02
1.664940999999999990e-02
1.059299999999999999e-02
1.118145000000000076e-02
1.080580000000000082e-02
9.825139999999999568e-03
1.112780000000000019e-02
1.461200999999999993e-02
1.766616000000000020e-02
1.214409999999999969e-02
9.750889999999999905e-03
1.052638000000000011e-02
