9.206650000000000250e-03
2.411061000000000107e-02
2.251879999999999854e-02
3.172853999999999952e-02
3.354105000000000281e-02
3.310434999999999767e-02
2.769506999999999872e-02
1.562730999999999842e-02
1.916152999999999954e-02
3.435309999999999753e-02
4.261071000000000303e-02
3.538356000000000140e-02
2.007619999999999891e-02
1.420387000000000038e-02
1.601891000000000079e-02
2.375860999999999945e-02
3.767626999999999782e-02
3.883798000000000111e-02
2.750090999999999994e-02
1.715780000000000083e-02
2.121545000000000028e-02
3.049423000000000064e-02
3.648765999999999815e-02
2.768462000000000006e-02
1.638525999999999871e-02
1.424932999999999929e-02
2.812185000000000032e-02
4.921746999999999927e-02
4.947819999999999996e-02
2.257110999999999840e-02
4.124081000000000274e-02
4.084190000000000043e-02
4.478149000000000018e-02
3.882606000000000251e-02
3.630309000000000313e-02
2.900043999999999886e-02
4.100154999999999772e-02
6.859787999999999997e-02
8.042665000000000231e-02
4.649131000000000097e-02
3.803796999999999734e-02
5.035553999999999725e-02
7.662096999999999658e-02
1.144056299999999943e-01
1.031418399999999985e-01
3.280202000000000118e-02
2.365014000000000005e-02
7.936484000000000594e-02
1.638560099999999964e-01
2.848114400000000268e-01
3.734106099999999762e-01
3.828833700000000007e-01
4.302888500000000005e-01
4.574606999999999979e-01
4.156157100000000271e-01
2.761391400000000051e-01
1.764142800000000066e-01
1.376361999999999863e-01
9.997979999999999368e-02
4.887824999999999809e-02
2.105773999999999840e-02
1.840438999999999964e-02
2.164825000000000083e-02
2.003817999999999919e-02
