8.026560000000000292e-03
1.209758000000000014e-02
9.546080000000000190e-03
1.042537999999999972e-02
1.091172999999999969e-02
9.489700000000000218e-03
1.097032000000000042e-02
9.077450000000000796e-03
1.095106000000000031e-02
1.256094999999999955e-02
1.236790999999999932e-02
1.546513000000000054e-02
1.486533999999999946e-02
1.343141999999999947e-02
1.399149000000000052e-02
1.120837000000000049e-02
1.486445999999999948e-02
1.457199999999999988e-02
1.469609000000000019e-02
1.149739999999999963e-02
1.967669000000000015e-02
1.846503999999999854e-02
2.036937999999999943e-02
1.877474000000000157e-02
1.133953000000000044e-02
1.119899000000000068e-02
1.706881999999999844e-02
3.514570000000000194e-02
7.951719999999999622e-02
7.999317000000000233e-02
1.056833400000000006e-01
9.461165000000000547e-02
8.379536999999999403e-02
6.767755999999999772e-02
2.845525999999999958e-02
2.403463999999999948e-02
1.447822999999999992e-02
1.018472999999999948e-02
1.079365000000000012e-02
1.488633999999999964e-02
1.818002999999999980e-02
2.927472000000000060e-02
2.465252000000000068e-02
2.562162000000000120e-02
3.068734999999999866e-02
1.518005000000000049e-02
1.544847000000000060e-02
1.183675000000000005e-02
1.384171000000000012e-02
1.436255999999999991e-02
1.343595000000000032e-02
1.507310000000000073e-02
1.335787000000000085e-02
1.221261000000000048e-02
1.457150999999999932e-02
1.348829999999999994e-02
1.184142000000000007e-02
1.376854999999999919e-02
1.054742000000000006e-02
1.134612999999999941e-02
1.521060999999999941e-02
1.115269999999999977e-02
1.246271000000000011e-02
8.892100000000000004e-03
