7.441210000000000185e-03
7.973509999999999626e-03
7.918780000000000263e-03
8.142109999999999279e-03
8.097019999999999912e-03
8.185059999999999211e-03
8.227019999999999819e-03
8.098430000000000212e-03
8.031760000000000635e-03
7.870099999999999665e-03
8.169110000000000260e-03
7.872960000000000028e-03
8.159780000000000158e-03
8.136829999999999410e-03
8.338689999999999297e-03
8.249019999999999270e-03
8.347719999999999446e-03
8.071810000000000443e-03
8.375600000000000406e-03
8.656519999999999146e-03
8.987659999999999746e-03
9.220759999999999720e-03
8.995519999999999905e-03
8.376160000000000549e-03
8.700340000000000851e-03
9.648469999999999269e-03
9.225179999999999492e-03
8.501119999999999163e-03
9.029830000000000842e-03
8.657599999999999671e-03
8.573249999999999274e-03
8.881119999999999293e-03
8.888470000000000745e-03
8.651839999999999184e-03
9.376860000000000750e-03
9.908570000000000225e-03
8.865970000000000795e-03
1.000329999999999969e-02
1.020780999999999945e-02
9.395109999999999920e-03
8.864550000000000554e-03
8.987349999999999853e-03
8.557789999999999148e-03
9.449350000000000457e-03
1.167081000000000021e-02
1.358288000000000030e-02
1.461738999999999920e-02
1.341473999999999965e-02
1.068875000000000033e-02
1.264553000000000031e-02
1.266709000000000064e-02
1.320902000000000014e-02
1.015675000000000085e-02
9.747759999999999411e-03
1.026934000000000007e-02
1.190849000000000074e-02
1.709070999999999854e-02
2.355054999999999996e-02
2.830614999999999867e-02
3.039777000000000104e-02
3.254983999999999655e-02
3.581150999999999779e-02
3.033896000000000162e-02
7.566230000000000178e-03
