8.703129999999999894e-03
1.649758000000000127e-02
2.008887999999999993e-02
1.694129999999999941e-02
2.431358000000000130e-02
2.424302000000000054e-02
1.537368000000000068e-02
8.983400000000000760e-03
1.058575999999999961e-02
1.837006000000000056e-02
2.949428000000000119e-02
5.381322000000000189e-02
8.388940000000000285e-02
8.950054999999999816e-02
8.951191999999999482e-02
9.035229000000000177e-02
7.713367000000000140e-02
5.287006000000000344e-02
3.100902999999999993e-02
1.463097000000000009e-02
1.217441000000000009e-02
1.129493999999999984e-02
1.081454999999999916e-02
1.255852000000000010e-02
1.802615000000000120e-02
2.256127000000000132e-02
2.808406000000000097e-02
3.065315000000000054e-02
2.345403999999999892e-02
2.184312999999999880e-02
1.666350000000000123e-02
1.267030000000000066e-02
1.493523000000000073e-02
1.589540999999999871e-02
1.498555000000000026e-02
1.478920000000000061e-02
1.343523999999999934e-02
9.037899999999999753e-03
1.003614000000000069e-02
1.072289000000000055e-02
1.030273999999999947e-02
8.900599999999999831e-03
9.058979999999999463e-03
9.626269999999999272e-03
9.352310000000000831e-03
9.613760000000000708e-03
1.025632999999999927e-02
1.367250000000000063e-02
1.396809000000000071e-02
1.164753999999999963e-02
1.049588000000000083e-02
8.700180000000000066e-03
1.010588999999999932e-02
1.193357999999999919e-02
1.156594000000000025e-02
1.090311000000000058e-02
1.050284999999999934e-02
8.622919999999999197e-03
9.188520000000000368e-03
1.069297999999999950e-02
1.270254000000000001e-02
1.163726999999999991e-02
1.121931999999999964e-02
8.864000000000000351e-03
