8.500429999999999792e-03
1.339044999999999992e-02
1.442027000000000066e-02
1.400635000000000074e-02
1.031593999999999914e-02
9.425330000000000860e-03
8.183579999999999327e-03
9.059360000000000676e-03
9.491470000000000115e-03
1.061794999999999926e-02
1.062023999999999954e-02
1.048549000000000009e-02
1.064991000000000028e-02
1.097680000000000010e-02
1.370175000000000039e-02
1.032653000000000043e-02
1.032093000000000073e-02
8.719170000000000045e-03
8.936190000000000105e-03
1.305172999999999923e-02
1.567019000000000051e-02
2.238356999999999847e-02
2.266664999999999999e-02
2.150467000000000004e-02
2.086131000000000096e-02
1.466278000000000026e-02
1.200863999999999925e-02
1.094172000000000027e-02
9.737120000000000150e-03
8.399020000000000097e-03
8.359939999999999732e-03
9.179069999999999244e-03
8.901509999999999631e-03
9.553239999999999302e-03
1.304713000000000053e-02
1.057705999999999924e-02
1.199328000000000026e-02
1.092011000000000023e-02
1.027523999999999972e-02
9.821869999999999906e-03
9.110729999999999176e-03
8.970209999999999295e-03
9.192169999999999508e-03
9.240230000000000318e-03
9.125199999999999978e-03
8.455729999999999844e-03
8.547870000000000815e-03
8.871010000000000353e-03
8.233920000000000475e-03
8.554449999999999901e-03
8.467729999999999702e-03
8.576989999999999614e-03
8.723720000000000779e-03
8.399059999999999859e-03
8.521960000000000299e-03
8.606749999999999817e-03
8.376939999999999387e-03
8.469769999999999729e-03
1.027725999999999987e-02
9.083580000000000820e-03
8.489460000000000756e-03
8.611129999999999826e-03
8.861580000000000845e-03
7.295120000000000424e-03
