1.028628000000000008e-02
1.898568000000000131e-02
1.112440999999999951e-02
1.474263999999999956e-02
1.428288999999999948e-02
1.604685000000000139e-02
1.296598000000000021e-02
1.705838999999999966e-02
2.155639999999999987e-02
2.848691000000000070e-02
2.200790999999999858e-02
2.379950999999999942e-02
1.556691999999999972e-02
1.006671999999999949e-02
1.311587999999999990e-02
2.822333000000000133e-02
2.514341999999999966e-02
1.669174000000000005e-02
9.892490000000000311e-03
1.239934999999999996e-02
1.823117000000000140e-02
4.446391000000000232e-02
4.873767999999999850e-02
1.960630000000000012e-02
1.324388999999999948e-02
2.170570999999999959e-02
2.761535000000000031e-02
2.608475000000000030e-02
2.167366999999999905e-02
1.235781000000000032e-02
1.346137000000000028e-02
1.992009000000000141e-02
2.183902999999999886e-02
2.009361000000000133e-02
2.133873000000000020e-02
2.448766000000000137e-02
1.618226999999999860e-02
4.441300000000000109e-02
2.953781000000000115e-02
1.912619999999999945e-02
1.171732999999999976e-02
1.420081999999999942e-02
2.098759000000000041e-02
3.093357999999999872e-02
3.869960000000000067e-02
3.566946000000000006e-02
4.615564999999999946e-02
6.172981999999999775e-02
5.821948999999999874e-02
4.513266999999999973e-02
2.480765999999999874e-02
2.175840000000000066e-02
2.709481000000000042e-02
7.185057999999999723e-02
1.360905299999999873e-01
1.743183100000000041e-01
2.395660599999999973e-01
2.773701000000000083e-01
3.019453000000000276e-01
2.998488799999999843e-01
2.654398700000000222e-01
2.107876999999999945e-01
1.601142399999999910e-01
1.713463999999999959e-02
