8.747970000000000745e-03
8.983800000000000119e-03
9.301699999999999552e-03
9.484740000000000185e-03
8.942139999999999464e-03
9.060119999999999632e-03
8.627750000000000002e-03
9.278190000000000395e-03
1.056647999999999962e-02
1.195014999999999966e-02
1.139138999999999950e-02
1.083599000000000021e-02
9.436989999999999268e-03
8.188799999999999552e-03
9.882069999999999743e-03
1.190493999999999927e-02
1.039675999999999968e-02
9.274599999999999164e-03
8.511670000000000694e-03
8.286989999999999287e-03
8.567599999999999869e-03
1.524290000000000020e-02
1.668091000000000018e-02
9.956750000000000322e-03
8.792789999999999981e-03
1.004590999999999991e-02
1.087955999999999993e-02
1.129235999999999955e-02
1.033647000000000038e-02
9.074479999999999352e-03
8.680089999999999681e-03
9.556820000000000592e-03
1.173526000000000083e-02
1.040337000000000033e-02
9.646770000000000692e-03
1.063808999999999935e-02
9.930770000000000222e-03
1.386920999999999987e-02
1.280274999999999989e-02
9.987440000000000206e-03
8.409359999999999405e-03
9.197399999999999673e-03
1.154567999999999914e-02
1.337122999999999957e-02
1.417503999999999986e-02
1.423022000000000002e-02
1.504261999999999960e-02
1.899270999999999945e-02
1.588633000000000059e-02
1.490600000000000085e-02
1.212314999999999920e-02
1.045875999999999924e-02
9.763519999999999491e-03
1.363741000000000085e-02
2.526352999999999932e-02
3.456705000000000194e-02
4.603528999999999954e-02
5.136622999999999883e-02
5.592627000000000015e-02
5.528369999999999812e-02
5.190179999999999794e-02
5.155554999999999860e-02
2.986236000000000099e-02
8.728899999999999507e-03
