9.722710000000000727e-03
1.572484999999999855e-02
1.124457000000000061e-02
1.315142000000000047e-02
8.508129999999999166e-03
8.903660000000000740e-03
1.045040000000000031e-02
1.110234000000000047e-02
1.165138999999999932e-02
1.147526999999999922e-02
1.330128000000000039e-02
1.368606999999999983e-02
1.968235000000000123e-02
2.048352999999999979e-02
2.624927999999999984e-02
2.123500000000000040e-02
1.024447000000000031e-02
9.156370000000000481e-03
1.414790999999999965e-02
1.368972000000000071e-02
1.564025000000000137e-02
1.787940000000000015e-02
2.976610000000000020e-02
3.236772999999999734e-02
2.936400000000000121e-02
3.298203000000000246e-02
2.333734000000000156e-02
2.299746000000000082e-02
1.856324999999999989e-02
4.966936999999999741e-02
9.017007000000000494e-02
1.069400400000000001e-01
1.229165400000000047e-01
1.609480100000000025e-01
1.003750300000000040e-01
9.068487999999999549e-02
6.832929000000000086e-02
4.012722999999999984e-02
1.910260999999999904e-02
1.087992999999999946e-02
1.771326999999999971e-02
1.917622000000000076e-02
3.000796000000000019e-02
3.071211000000000080e-02
3.524998000000000020e-02
3.666628999999999722e-02
3.851758000000000265e-02
2.834537999999999988e-02
1.899628999999999901e-02
1.103287000000000018e-02
9.926729999999999929e-03
1.134206999999999924e-02
1.341050000000000055e-02
1.374268000000000017e-02
1.510322000000000053e-02
1.875920999999999839e-02
1.547801000000000038e-02
1.518824000000000042e-02
1.852513999999999897e-02
1.506717999999999946e-02
1.187557000000000022e-02
1.150410999999999968e-02
9.898129999999999776e-03
1.037235000000000067e-02
