7.725990000000000288e-03
8.533340000000000369e-03
8.373679999999999665e-03
8.620440000000000047e-03
8.826099999999999918e-03
8.772099999999999689e-03
8.467570000000000652e-03
9.024209999999999524e-03
9.182769999999999821e-03
9.252109999999999154e-03
8.923270000000000507e-03
9.008610000000000229e-03
8.744889999999999955e-03
8.545310000000000406e-03
9.615749999999999298e-03
9.892869999999999789e-03
8.666619999999999879e-03
8.669760000000000313e-03
8.456230000000000344e-03
8.399770000000000847e-03
9.492769999999999334e-03
1.008882000000000008e-02
1.024877000000000080e-02
9.316470000000000307e-03
8.638150000000000689e-03
8.561630000000000629e-03
9.122309999999999794e-03
9.525499999999999245e-03
9.519299999999999637e-03
8.770589999999999983e-03
8.619879999999999903e-03
9.084019999999999942e-03
9.408279999999999768e-03
9.474110000000000864e-03
9.413700000000000540e-03
8.749959999999999335e-03
8.912379999999999261e-03
1.003082999999999926e-02
9.682849999999999790e-03
8.711550000000000196e-03
8.341319999999999291e-03
8.406530000000000599e-03
8.763909999999999756e-03
8.623250000000000706e-03
8.417640000000000539e-03
8.602780000000000843e-03
8.837869999999999407e-03
1.012161999999999958e-02
1.008710999999999983e-02
9.697350000000000414e-03
9.218360000000000096e-03
9.756900000000000642e-03
9.425720000000000279e-03
1.014775000000000052e-02
1.271589000000000053e-02
1.327282999999999935e-02
1.732560000000000003e-02
1.935038000000000036e-02
2.363397000000000067e-02
2.521309000000000050e-02
2.316338000000000077e-02
2.204162999999999956e-02
1.614590000000000122e-02
7.877389999999999740e-03
