8.562510000000000607e-03
1.124965999999999987e-02
1.031750000000000028e-02
9.210150000000000281e-03
1.023730999999999947e-02
1.103384999999999956e-02
1.100152000000000074e-02
9.384550000000000183e-03
8.461540000000000034e-03
9.198619999999999367e-03
8.888599999999999973e-03
1.069289000000000003e-02
9.817950000000000635e-03
9.341860000000000441e-03
1.109383000000000070e-02
8.932999999999999968e-03
8.873749999999999694e-03
8.925509999999999347e-03
9.745919999999999930e-03
1.027777000000000031e-02
1.271499000000000067e-02
1.217977999999999943e-02
1.364577999999999972e-02
1.630743000000000123e-02
1.239392999999999918e-02
1.090960000000000020e-02
1.084352000000000059e-02
1.132709999999999967e-02
1.199713999999999989e-02
1.172664999999999992e-02
1.327070999999999980e-02
1.460773999999999927e-02
2.156879000000000088e-02
1.829356999999999858e-02
1.926212000000000063e-02
1.723550000000000082e-02
1.189976000000000055e-02
1.470907999999999938e-02
3.316848000000000019e-02
5.203838000000000213e-02
6.513581999999999705e-02
7.821321999999999997e-02
9.501110999999999585e-02
9.022505000000000108e-02
6.210687000000000152e-02
5.106386000000000258e-02
3.233368999999999827e-02
2.543973000000000068e-02
1.385329000000000074e-02
1.036486000000000005e-02
9.425809999999999744e-03
8.751250000000000348e-03
1.183745999999999930e-02
1.986798999999999857e-02
3.140786000000000272e-02
3.593351000000000184e-02
4.080029999999999768e-02
2.441460000000000158e-02
1.999209999999999876e-02
1.419924000000000013e-02
1.312132000000000055e-02
1.070972000000000070e-02
9.400399999999999728e-03
9.235180000000000819e-03
