1.072439000000000031e-02
1.749763999999999833e-02
1.568268999999999913e-02
1.290253000000000060e-02
2.331630000000000161e-02
5.377412000000000164e-02
6.940169999999999673e-02
6.263404000000000194e-02
6.185614999999999863e-02
2.004888000000000156e-02
1.193111999999999992e-02
1.688525999999999916e-02
2.736836999999999950e-02
3.318601000000000190e-02
2.405498999999999832e-02
2.611768999999999896e-02
1.983499999999999847e-02
3.371020999999999740e-02
5.272628000000000037e-02
5.890482999999999830e-02
4.995100000000000234e-02
2.585687000000000055e-02
4.790069999999999745e-02
6.628480000000000483e-02
4.323656000000000027e-02
7.204088999999999632e-02
3.549626000000000170e-02
4.625808000000000003e-02
3.414700999999999848e-02
2.593349000000000001e-02
2.883087999999999970e-02
2.994381000000000126e-02
3.548263000000000111e-02
7.682914000000000410e-02
1.082108700000000007e-01
9.822609000000000201e-02
2.906065000000000037e-02
3.938685000000000103e-02
6.756959999999999356e-02
7.938800000000000023e-02
6.102524000000000143e-02
6.238160000000000233e-02
9.037009999999999488e-02
1.436580299999999921e-01
1.786702099999999960e-01
1.117073999999999984e-01
1.158558400000000016e-01
1.226375499999999980e-01
6.461667000000000105e-02
1.199662600000000051e-01
2.565111800000000053e-01
3.412765899999999908e-01
5.373735400000000384e-01
6.432088000000000250e-01
7.251709100000000019e-01
6.873789399999999938e-01
6.319625399999999615e-01
5.753042099999999825e-01
5.258133400000000179e-01
4.001221999999999834e-01
2.183460899999999927e-01
9.712178000000000477e-02
3.237376000000000142e-02
2.959372999999999865e-02
