1.177959999999999945e-02
2.619853999999999933e-02
2.769003000000000089e-02
2.181434000000000151e-02
1.994960999999999957e-02
2.023302000000000087e-02
1.175063999999999970e-02
1.409567999999999932e-02
2.117700999999999958e-02
5.085229000000000138e-02
6.458582999999999685e-02
8.346117999999999593e-02
1.116390700000000069e-01
1.255997000000000086e-01
9.791418999999999817e-02
8.405819999999999959e-02
6.478208000000000577e-02
3.916533999999999988e-02
2.019009000000000081e-02
1.006029999999999945e-02
1.095383999999999941e-02
1.150707999999999939e-02
1.714397000000000143e-02
2.118193999999999980e-02
3.339898000000000172e-02
3.832888000000000267e-02
3.727449000000000040e-02
2.476079000000000127e-02
1.784818000000000168e-02
1.112531999999999931e-02
1.165241000000000020e-02
1.331092000000000039e-02
1.252016000000000066e-02
1.774258000000000085e-02
1.536332999999999969e-02
1.577894999999999992e-02
1.385216000000000051e-02
1.318965000000000068e-02
1.305333000000000014e-02
1.159949000000000049e-02
1.085042999999999945e-02
1.134484000000000013e-02
9.609249999999999736e-03
1.037681000000000020e-02
1.139941000000000045e-02
1.268684999999999952e-02
1.343120000000000078e-02
1.274157000000000067e-02
1.095786999999999976e-02
1.101307999999999974e-02
1.190948000000000007e-02
1.490475999999999954e-02
1.613327999999999984e-02
1.319668000000000056e-02
1.068212999999999975e-02
9.170670000000000557e-03
9.353439999999999324e-03
8.937449999999999561e-03
1.296610999999999944e-02
1.258192999999999985e-02
1.309913000000000050e-02
1.248480000000000076e-02
1.029586000000000043e-02
9.937019999999999534e-03
