9.262299999999999353e-03
1.655695999999999904e-02
1.419405999999999966e-02
1.763788999999999982e-02
2.046150999999999873e-02
1.364602999999999997e-02
1.763707999999999942e-02
1.657174999999999968e-02
1.220722999999999947e-02
1.397082000000000011e-02
1.898460999999999899e-02
1.881907000000000024e-02
2.473670000000000035e-02
2.641378000000000129e-02
2.614881000000000150e-02
2.216979999999999992e-02
1.684408000000000086e-02
2.061280000000000057e-02
3.208478000000000024e-02
4.787117999999999929e-02
3.692200000000000343e-02
1.717716000000000034e-02
1.558027000000000023e-02
2.099060000000000162e-02
3.501115999999999950e-02
4.923169000000000156e-02
2.958550999999999889e-02
1.699376999999999832e-02
1.732498999999999845e-02
2.650987000000000135e-02
1.914375000000000104e-02
2.119870999999999908e-02
2.809241999999999989e-02
1.224280999999999980e-02
2.118133999999999989e-02
3.153224000000000304e-02
2.072152999999999842e-02
1.538383999999999932e-02
1.924203000000000024e-02
2.992028000000000049e-02
4.460270000000000207e-02
3.630239999999999856e-02
2.688186999999999868e-02
2.476010000000000016e-02
2.389242999999999922e-02
4.826735000000000053e-02
8.265152000000000609e-02
6.024647000000000335e-02
5.571886999999999673e-02
8.610207000000000277e-02
9.960259000000000473e-02
1.027614800000000023e-01
9.973743000000000192e-02
7.028138999999999914e-02
4.313737000000000127e-02
4.030957000000000290e-02
3.956578000000000178e-02
8.354838000000000542e-02
1.363473099999999993e-01
2.360618700000000070e-01
3.659959400000000196e-01
4.970219399999999954e-01
5.147192499999999615e-01
2.527654999999999832e-02
