1.198384000000000081e-02
2.651883000000000018e-02
2.690874999999999864e-02
2.943327000000000096e-02
2.229514000000000148e-02
1.515440000000000016e-02
1.286277000000000080e-02
9.542419999999999375e-03
7.987189999999999915e-03
8.874309999999999837e-03
9.827290000000000678e-03
9.414409999999999792e-03
1.162190999999999919e-02
1.560814999999999945e-02
1.944668000000000091e-02
1.700586000000000111e-02
1.499645999999999965e-02
1.600839000000000081e-02
1.321137000000000006e-02
9.076769999999999630e-03
8.961469999999999159e-03
9.597839999999999844e-03
8.977620000000000391e-03
8.187190000000000439e-03
8.224989999999999732e-03
8.691710000000000061e-03
8.704770000000000563e-03
8.402049999999999449e-03
8.485130000000000450e-03
8.099230000000000665e-03
8.462330000000000546e-03
8.550489999999999133e-03
8.206190000000000359e-03
8.608589999999999298e-03
8.712050000000000696e-03
8.794289999999999746e-03
8.754120000000000651e-03
8.398299999999999169e-03
8.108040000000000386e-03
8.621890000000000109e-03
8.929380000000000650e-03
9.058659999999999629e-03
9.192799999999999236e-03
8.613279999999999201e-03
8.958370000000000222e-03
9.494809999999999361e-03
9.716330000000000452e-03
1.014576000000000019e-02
8.869049999999999850e-03
8.477020000000000041e-03
7.988210000000000796e-03
8.494250000000000064e-03
9.273309999999999886e-03
9.231470000000000301e-03
8.921830000000000385e-03
8.450579999999999203e-03
8.564789999999999209e-03
8.798800000000000718e-03
8.603770000000000168e-03
8.479159999999999475e-03
8.772490000000000843e-03
8.269550000000000511e-03
8.080399999999999736e-03
7.592019999999999672e-03
