5.064562000000000230e-02
1.828684700000000052e-01
2.328183199999999953e-01
3.686033799999999805e-01
3.631419200000000069e-01
1.732790499999999900e-01
1.095084100000000005e-01
4.337281999999999943e-02
6.945508999999999711e-02
9.129378000000000493e-02
6.338944000000000523e-02
7.012076999999999893e-02
1.225609299999999985e-01
2.611413000000000206e-01
4.211354600000000170e-01
4.440927199999999964e-01
4.249838899999999753e-01
3.317533999999999761e-01
1.488572999999999980e-01
5.517670000000000213e-02
1.906935600000000119e-01
4.768947700000000234e-01
7.917783900000000541e-01
8.516418900000000125e-01
9.039261299999999943e-01
9.571300700000000550e-01
9.340540200000000404e-01
8.425402600000000408e-01
6.408195500000000155e-01
2.903772600000000259e-01
1.065770300000000032e-01
3.894303999999999821e-02
6.678952000000000500e-02
1.445423399999999914e-01
2.530953000000000230e-01
3.403409399999999807e-01
4.081767800000000168e-01
6.372877999999999599e-01
5.171217900000000256e-01
2.465188500000000116e-01
1.123405600000000060e-01
7.806673000000000084e-02
5.027874999999999706e-02
9.828124000000000582e-02
1.671975699999999898e-01
1.123137500000000039e-01
6.322031000000000178e-02
9.520262000000000169e-02
1.033726900000000032e-01
7.230512000000000050e-02
6.111433000000000143e-02
6.961855999999999600e-02
3.114089999999999914e-02
4.538723000000000063e-02
9.500435999999999603e-02
7.352532999999999985e-02
4.252020000000000105e-02
4.098008999999999680e-02
1.628561500000000051e-01
1.487736600000000020e-01
1.148461999999999955e-01
8.975586000000000675e-02
9.069341999999999682e-02
4.629799999999999888e-02
