8.448950000000000210e-03
9.497190000000000840e-03
9.811129999999999504e-03
9.418889999999999207e-03
8.888719999999999261e-03
8.686350000000000668e-03
8.823720000000000174e-03
8.892030000000000420e-03
9.447850000000000692e-03
1.236763999999999919e-02
1.225048999999999930e-02
1.437602999999999971e-02
1.403049999999999957e-02
1.374846000000000054e-02
1.163385999999999934e-02
1.086909999999999960e-02
1.147514999999999993e-02
9.473999999999999783e-03
8.843419999999999406e-03
8.750430000000000014e-03
8.382080000000000086e-03
9.065900000000000000e-03
8.974889999999999257e-03
1.080518999999999924e-02
1.103555999999999981e-02
9.953989999999999366e-03
9.663240000000000024e-03
8.403060000000000390e-03
8.324160000000000587e-03
8.472060000000000007e-03
8.323600000000000443e-03
8.462610000000000618e-03
8.347010000000000193e-03
8.149319999999999828e-03
8.434530000000000846e-03
8.214680000000000246e-03
8.541999999999999246e-03
9.074789999999999246e-03
8.846279999999999769e-03
8.357379999999999323e-03
8.109740000000000698e-03
7.981820000000000581e-03
8.228350000000000594e-03
8.217520000000000727e-03
8.122890000000000665e-03
8.532949999999999216e-03
8.345260000000000178e-03
8.334080000000000654e-03
7.956619999999999318e-03
8.386180000000000023e-03
8.182939999999999658e-03
8.288790000000000741e-03
8.388700000000000670e-03
8.585129999999999845e-03
8.908589999999999218e-03
8.235090000000000465e-03
8.264050000000000215e-03
8.199329999999999466e-03
8.543399999999999606e-03
8.172000000000000444e-03
8.424690000000000303e-03
8.140539999999999929e-03
8.019870000000000124e-03
7.174589999999999787e-03
