1.192693000000000052e-02
5.816869000000000206e-02
1.775999500000000064e-01
3.486407100000000203e-01
4.343288799999999727e-01
4.897031199999999918e-01
5.444554099999999730e-01
5.215488700000000533e-01
4.633190899999999890e-01
4.274978300000000231e-01
3.353872299999999806e-01
1.826917500000000139e-01
1.376536200000000043e-01
5.537638999999999756e-02
2.830188999999999969e-02
2.112990000000000007e-02
2.593540999999999902e-02
6.098843000000000319e-02
7.779637000000000358e-02
9.668432000000000415e-02
1.382522300000000037e-01
1.365914500000000031e-01
8.327758999999999856e-02
5.595759000000000150e-02
4.179719999999999963e-02
2.956657000000000035e-02
3.645407999999999982e-02
3.277962999999999710e-02
4.017740999999999674e-02
3.519086999999999910e-02
1.857995999999999953e-02
1.715099000000000137e-02
1.680743999999999988e-02
1.552119000000000068e-02
1.619800999999999880e-02
2.325317999999999830e-02
2.748449999999999852e-02
2.590459999999999985e-02
2.163630999999999888e-02
2.286457000000000073e-02
2.323394999999999974e-02
2.741479000000000138e-02
2.621551000000000090e-02
1.680654999999999996e-02
2.016072000000000003e-02
3.377503999999999923e-02
3.386125000000000246e-02
2.528628999999999946e-02
2.214752000000000040e-02
1.839145000000000016e-02
1.364301000000000055e-02
1.768654000000000059e-02
2.946259999999999851e-02
4.061751000000000250e-02
3.261507999999999768e-02
2.218548999999999868e-02
2.151410000000000128e-02
2.887307999999999888e-02
3.391341999999999968e-02
2.727196999999999955e-02
2.433375000000000121e-02
2.140813999999999911e-02
2.690922999999999926e-02
1.896230000000000138e-02
