3.251873999999999737e-02
4.630516999999999966e-02
2.087071999999999886e-02
2.679333999999999882e-02
1.516676999999999956e-02
2.162143999999999872e-02
3.440068999999999766e-02
3.192922000000000121e-02
2.870906000000000152e-02
2.175946999999999951e-02
3.120892999999999931e-02
5.346536999999999817e-02
8.312970000000000081e-02
9.945444999999999980e-02
8.730198999999999598e-02
3.571288000000000240e-02
2.610178000000000151e-02
4.047744999999999815e-02
5.663176999999999794e-02
5.115858999999999684e-02
6.243749999999999994e-02
1.125884399999999980e-01
1.740437200000000129e-01
1.926203700000000130e-01
1.494290100000000010e-01
9.655529999999999669e-02
4.116717999999999766e-02
1.201835099999999934e-01
2.903393200000000118e-01
4.590380199999999911e-01
6.404293800000000481e-01
7.205025000000000457e-01
7.438954100000000347e-01
7.443678999999999713e-01
5.533531900000000503e-01
4.489301700000000173e-01
2.222314499999999970e-01
5.333679999999999671e-02
2.256245999999999946e-02
4.123794000000000071e-02
1.015914099999999931e-01
1.652731199999999956e-01
2.338039600000000051e-01
2.612830099999999822e-01
2.701612999999999931e-01
1.953812799999999905e-01
1.405170099999999977e-01
1.186265499999999973e-01
8.192820000000000658e-02
3.955111000000000043e-02
6.394587999999999661e-02
5.312849000000000044e-02
7.360771000000000674e-02
6.186300000000000132e-02
6.367594000000000032e-02
7.160566000000000153e-02
9.547044000000000363e-02
5.599748999999999699e-02
5.717055000000000053e-02
5.326942999999999956e-02
8.545263999999999638e-02
4.500649999999999790e-02
4.729214999999999808e-02
3.762837000000000126e-02
