1.002581999999999952e-02
1.209438000000000006e-02
9.692529999999999549e-03
9.519120000000000706e-03
9.342980000000000729e-03
1.160875999999999922e-02
1.553129999999999962e-02
1.624857000000000037e-02
1.696094000000000074e-02
1.479679000000000064e-02
1.176459000000000012e-02
1.225618000000000020e-02
1.188201000000000014e-02
1.219508000000000050e-02
1.674555000000000141e-02
1.908991000000000160e-02
1.532781000000000074e-02
1.530430999999999979e-02
1.475203999999999925e-02
2.081708000000000169e-02
2.442541999999999977e-02
2.271395999999999832e-02
2.257009000000000098e-02
2.644873000000000016e-02
2.318943999999999867e-02
3.530421000000000253e-02
2.547554000000000138e-02
1.580608000000000013e-02
1.110809999999999922e-02
1.296786999999999940e-02
1.627204999999999971e-02
1.596401000000000070e-02
1.711357999999999976e-02
3.083301000000000097e-02
4.201276000000000316e-02
3.810646000000000172e-02
1.947153999999999899e-02
1.477143000000000032e-02
2.237658000000000008e-02
3.298190000000000149e-02
2.984345000000000053e-02
2.327167999999999945e-02
3.812771000000000216e-02
5.808805000000000218e-02
6.330570000000000641e-02
4.299847999999999865e-02
3.852912000000000003e-02
2.461090999999999973e-02
1.382940000000000037e-02
1.736448999999999979e-02
3.641008999999999912e-02
4.363287999999999889e-02
5.264740999999999865e-02
6.603246999999999589e-02
7.968501999999999530e-02
6.589670000000000250e-02
6.921789999999999887e-02
7.207660000000000455e-02
7.642619000000000495e-02
6.821409999999999973e-02
4.763623000000000163e-02
3.819832000000000088e-02
2.384818999999999828e-02
1.023291999999999952e-02
