7.506579999999999676e-03
8.544009999999999452e-03
8.230299999999999422e-03
8.234820000000000334e-03
8.274800000000000558e-03
8.406119999999999565e-03
8.258279999999999788e-03
8.532869999999999691e-03
8.492390000000000702e-03
8.658340000000000480e-03
8.557949999999999932e-03
8.953610000000000735e-03
8.750559999999999242e-03
9.128580000000000721e-03
8.970240000000000852e-03
8.731789999999999691e-03
8.230639999999999137e-03
8.110189999999999760e-03
8.763260000000000147e-03
8.787069999999999256e-03
9.462869999999999962e-03
8.604930000000000218e-03
1.066204999999999931e-02
1.002598000000000031e-02
9.533969999999999251e-03
9.594639999999999766e-03
9.048370000000000024e-03
1.032913000000000060e-02
1.223706999999999920e-02
1.394399999999999980e-02
1.579289999999999861e-02
1.711727000000000040e-02
2.101116000000000095e-02
1.504229999999999977e-02
1.647416999999999979e-02
1.037705000000000051e-02
1.062423000000000013e-02
9.612259999999999208e-03
1.010612999999999963e-02
9.882929999999999840e-03
1.302632999999999916e-02
1.012040999999999982e-02
1.086454000000000066e-02
1.108020000000000012e-02
8.891609999999999445e-03
1.075064000000000054e-02
9.317819999999999228e-03
9.088940000000000213e-03
9.114900000000000432e-03
9.207039999999999669e-03
9.168199999999999614e-03
8.183209999999999790e-03
8.430009999999999934e-03
9.112340000000000023e-03
8.564890000000000350e-03
9.023839999999999986e-03
9.109229999999999411e-03
9.391149999999999151e-03
8.464559999999999446e-03
8.727419999999999622e-03
8.827760000000000468e-03
8.894600000000000770e-03
9.074850000000000624e-03
7.559660000000000164e-03
