7.247889999999999888e-03
9.445020000000000152e-03
1.328583000000000021e-02
1.123281999999999926e-02
1.307009999999999943e-02
1.074037000000000082e-02
1.309127000000000034e-02
1.236343999999999985e-02
9.862420000000000214e-03
1.230608000000000049e-02
1.268617000000000009e-02
8.952170000000000613e-03
9.582890000000000158e-03
1.041864999999999979e-02
1.238723000000000081e-02
1.324565999999999938e-02
1.346548000000000016e-02
1.173715999999999995e-02
1.032082999999999959e-02
1.017721000000000077e-02
1.020616000000000058e-02
9.544089999999999865e-03
9.328529999999999808e-03
8.930699999999999750e-03
1.170470000000000017e-02
1.299714000000000078e-02
1.181911000000000073e-02
1.211233999999999922e-02
1.041858000000000020e-02
1.097377000000000075e-02
9.842830000000000329e-03
1.132983000000000080e-02
1.425553000000000063e-02
1.130867999999999977e-02
1.171022000000000035e-02
1.324244999999999936e-02
1.112875999999999969e-02
1.086533999999999937e-02
1.161973999999999993e-02
1.280945000000000000e-02
1.650532999999999861e-02
1.434196000000000082e-02
1.397462000000000010e-02
1.767031999999999978e-02
1.943867999999999985e-02
1.866473000000000090e-02
1.845808999999999991e-02
1.612395999999999968e-02
1.435586999999999974e-02
1.825128000000000167e-02
1.824220000000000008e-02
1.561580000000000086e-02
1.525877999999999957e-02
1.547194999999999994e-02
1.250613000000000072e-02
1.386392000000000006e-02
1.157410000000000036e-02
1.292071000000000018e-02
1.582369000000000137e-02
2.369343999999999964e-02
4.692023000000000027e-02
6.096719999999999917e-02
6.965153999999999790e-02
9.580810000000000368e-03
