7.763940000000000424e-03
1.129809000000000022e-02
1.069717000000000064e-02
1.017869000000000065e-02
1.012391999999999979e-02
1.037828000000000014e-02
1.030997999999999984e-02
9.647489999999999885e-03
8.858279999999999627e-03
9.514170000000000613e-03
8.962770000000000112e-03
8.755129999999999857e-03
9.523729999999999349e-03
1.006166999999999999e-02
1.009327999999999961e-02
9.790870000000000128e-03
8.859759999999999511e-03
8.426480000000000081e-03
8.106199999999999170e-03
8.342840000000000672e-03
8.707309999999999356e-03
8.941660000000000580e-03
8.891239999999999907e-03
8.395740000000000494e-03
8.359860000000000207e-03
8.566380000000000175e-03
8.190350000000000755e-03
8.303470000000000295e-03
8.317400000000000834e-03
8.423409999999999231e-03
8.427640000000000131e-03
8.413210000000000827e-03
8.659649999999999639e-03
8.226670000000000163e-03
8.097880000000000009e-03
8.146689999999999834e-03
8.629490000000000077e-03
8.672259999999999344e-03
8.439300000000000274e-03
8.352300000000000002e-03
8.081780000000000214e-03
8.449899999999999772e-03
9.053969999999999727e-03
9.482439999999999966e-03
9.075079999999999258e-03
8.391710000000000141e-03
8.504660000000000691e-03
8.733710000000000431e-03
8.238340000000000246e-03
8.281349999999999822e-03
8.243830000000000602e-03
8.125649999999999887e-03
8.332970000000000307e-03
8.326029999999999889e-03
8.437389999999999474e-03
8.280509999999999607e-03
8.177040000000000003e-03
8.364430000000000823e-03
8.485639999999999156e-03
8.406620000000000065e-03
8.405940000000000634e-03
8.169990000000000238e-03
7.716340000000000351e-03
7.176749999999999970e-03
