7.129289999999999933e-03
8.442609999999999698e-03
9.038539999999999422e-03
8.387459999999999360e-03
9.338070000000000398e-03
8.589229999999999782e-03
9.500559999999999908e-03
9.299619999999999762e-03
8.899070000000000244e-03
8.565980000000000816e-03
9.238120000000000706e-03
8.861290000000000833e-03
9.352080000000000462e-03
1.001078000000000037e-02
1.026729000000000010e-02
1.017924000000000086e-02
9.791970000000000535e-03
9.567569999999999200e-03
1.027243000000000080e-02
1.135782999999999932e-02
1.070908999999999923e-02
9.089510000000000298e-03
8.981309999999999294e-03
8.957420000000000659e-03
8.896489999999999954e-03
1.228791000000000085e-02
1.163751000000000022e-02
1.012482999999999959e-02
9.317020000000000510e-03
9.435070000000000262e-03
9.233079999999999413e-03
9.958790000000000350e-03
1.145821999999999986e-02
9.647799999999999779e-03
9.069000000000000672e-03
1.128317000000000035e-02
1.012850000000000035e-02
8.764189999999999828e-03
9.698290000000000036e-03
1.066059999999999924e-02
1.290700000000000007e-02
1.273179999999999971e-02
1.160126000000000039e-02
1.071574999999999958e-02
1.120205999999999980e-02
1.472003000000000027e-02
1.865375999999999840e-02
1.737363000000000102e-02
1.446882000000000029e-02
1.872572000000000125e-02
2.063395999999999980e-02
2.049045999999999854e-02
2.027365000000000070e-02
1.651361999999999969e-02
1.281728000000000034e-02
1.295599000000000056e-02
1.308872999999999981e-02
2.084520000000000123e-02
2.814470999999999987e-02
3.703821999999999670e-02
5.872399999999999842e-02
8.303626999999999536e-02
8.028570999999999624e-02
1.004108000000000084e-02
