1.050140999999999922e-02
1.534965999999999935e-02
1.229753999999999917e-02
1.145536999999999944e-02
9.560960000000000292e-03
8.540759999999999671e-03
8.189470000000000777e-03
8.530420000000000363e-03
8.631329999999999558e-03
8.408779999999999380e-03
8.696320000000000439e-03
8.990859999999999824e-03
8.878169999999999465e-03
1.025108999999999916e-02
1.155130000000000046e-02
9.614819999999999617e-03
8.748970000000000011e-03
8.339740000000000000e-03
8.260339999999999697e-03
8.269069999999999893e-03
8.149659999999999543e-03
8.371750000000000719e-03
8.148809999999999387e-03
7.968559999999999532e-03
8.007770000000000860e-03
8.480619999999999478e-03
8.677209999999999437e-03
8.857479999999999173e-03
8.597089999999999940e-03
8.232839999999999950e-03
8.108219999999999317e-03
8.126740000000000352e-03
8.339589999999999156e-03
8.532859999999999751e-03
8.727890000000000301e-03
8.369460000000000441e-03
8.062849999999999878e-03
8.119579999999999506e-03
8.386950000000000655e-03
8.629130000000000481e-03
8.331989999999999189e-03
8.111749999999999169e-03
8.120759999999999437e-03
8.119889999999999400e-03
8.316399999999999834e-03
8.468989999999999158e-03
8.585429999999999798e-03
8.710129999999999956e-03
8.564209999999999184e-03
8.233860000000000831e-03
8.234719999999999193e-03
8.375409999999999799e-03
8.347729999999999387e-03
8.277200000000000182e-03
8.356040000000000342e-03
8.169420000000000154e-03
8.227909999999999738e-03
8.180079999999999296e-03
8.324569999999999886e-03
8.018130000000000049e-03
8.187210000000000321e-03
8.212719999999999743e-03
7.873820000000000124e-03
7.429899999999999699e-03
