7.811420000000000342e-03
8.801389999999999214e-03
9.265549999999999134e-03
1.005150999999999961e-02
1.129220000000000050e-02
1.205862000000000080e-02
1.188993999999999988e-02
1.055187999999999959e-02
9.746190000000000062e-03
9.779440000000000355e-03
9.281029999999999142e-03
8.977260000000000795e-03
9.132370000000000765e-03
8.748229999999999201e-03
8.559390000000000054e-03
8.285050000000000400e-03
8.170039999999999941e-03
8.185859999999999664e-03
8.255639999999999853e-03
8.399030000000000037e-03
8.920340000000000560e-03
9.317380000000000106e-03
8.670419999999999863e-03
8.643110000000000723e-03
8.341529999999999778e-03
8.245910000000000392e-03
8.522609999999999908e-03
8.343649999999999331e-03
8.139679999999999832e-03
8.473559999999999773e-03
8.191310000000000258e-03
8.299040000000000583e-03
8.387350000000000014e-03
8.504209999999999894e-03
8.320670000000000496e-03
8.271099999999999980e-03
8.202239999999999531e-03
8.161750000000000602e-03
8.331409999999999164e-03
8.146199999999999275e-03
8.153610000000000371e-03
8.173500000000000210e-03
8.290429999999999675e-03
8.144320000000000032e-03
8.439159999999999370e-03
8.502799999999999594e-03
8.417320000000000704e-03
8.342199999999999269e-03
8.166949999999999210e-03
8.237380000000000743e-03
8.114520000000000066e-03
8.156309999999999949e-03
8.277889999999999554e-03
8.144149999999999306e-03
8.646950000000000469e-03
8.576210000000000777e-03
8.314139999999999378e-03
8.328399999999999692e-03
8.232480000000000353e-03
8.416959999999999373e-03
8.279609999999999748e-03
8.243340000000000042e-03
8.189339999999999814e-03
7.382750000000000423e-03
