3.346013999999999933e-02
6.792299000000000253e-02
6.755761999999999878e-02
5.191040999999999711e-02
3.859146000000000104e-02
3.290519000000000083e-02
2.640976000000000087e-02
1.670724999999999988e-02
9.338149999999999923e-03
9.673769999999999938e-03
1.108282000000000017e-02
1.161239000000000021e-02
1.601208999999999966e-02
1.883351999999999943e-02
2.696776999999999855e-02
2.398650999999999908e-02
2.064784999999999884e-02
2.342988000000000015e-02
1.496700999999999934e-02
1.112491000000000001e-02
9.083370000000000333e-03
8.964720000000000674e-03
9.182360000000000522e-03
9.038300000000000847e-03
1.051362999999999950e-02
1.243264000000000001e-02
1.042935000000000043e-02
9.821800000000000322e-03
1.023296999999999922e-02
9.142249999999999335e-03
9.657850000000000809e-03
1.011453000000000005e-02
9.324090000000000156e-03
8.901449999999999987e-03
9.819809999999999997e-03
1.103726000000000013e-02
9.512579999999999647e-03
9.544369999999999937e-03
8.891110000000000679e-03
8.874250000000000194e-03
1.000080000000000066e-02
9.170579999999999357e-03
1.163083999999999993e-02
1.030603000000000075e-02
1.111662000000000067e-02
9.103850000000000137e-03
9.547929999999999612e-03
1.069183999999999933e-02
1.053561000000000081e-02
9.498470000000000177e-03
8.743110000000000118e-03
8.804150000000000170e-03
9.499530000000000821e-03
1.072391999999999963e-02
1.045625000000000027e-02
9.830200000000000743e-03
1.017686999999999932e-02
9.172909999999999398e-03
9.898799999999999266e-03
1.001663000000000033e-02
1.002589000000000084e-02
9.731329999999999841e-03
9.008399999999999741e-03
8.462479999999999655e-03
