1.021661999999999917e-02
2.808806000000000150e-02
3.709264000000000311e-02
3.863073999999999675e-02
3.326613999999999960e-02
1.817026000000000058e-02
9.619799999999999532e-03
1.022075000000000067e-02
1.328969999999999978e-02
2.269231999999999846e-02
1.408948999999999965e-02
1.498731000000000022e-02
2.709314999999999987e-02
4.112008999999999803e-02
5.506376999999999799e-02
3.737000000000000044e-02
3.220486999999999655e-02
2.144841000000000109e-02
9.930939999999999213e-03
2.157567000000000165e-02
6.741874999999999951e-02
1.284461799999999931e-01
1.467193199999999864e-01
1.375178699999999865e-01
1.347288299999999939e-01
1.337103199999999936e-01
8.910582000000000225e-02
4.795152999999999915e-02
2.294784000000000060e-02
1.121182000000000081e-02
1.222262000000000001e-02
1.282190000000000066e-02
1.558855999999999957e-02
2.646787000000000098e-02
4.267151000000000277e-02
3.355439000000000338e-02
3.855025000000000118e-02
4.507022000000000111e-02
3.597974000000000311e-02
1.571461000000000038e-02
1.453284999999999993e-02
1.507760000000000003e-02
1.420441000000000065e-02
1.096823000000000069e-02
1.294819999999999999e-02
1.460775999999999915e-02
1.381551999999999954e-02
1.004070999999999957e-02
1.170878000000000023e-02
1.054296000000000053e-02
1.257961999999999969e-02
1.420196999999999952e-02
1.083291999999999936e-02
9.095270000000000785e-03
9.990860000000000712e-03
1.045161000000000007e-02
1.063073999999999963e-02
1.563735000000000125e-02
2.265160999999999911e-02
1.866123000000000087e-02
1.158412999999999977e-02
8.818889999999999368e-03
8.812290000000000401e-03
9.290120000000000669e-03
