1.079914000000000047e-02
1.613797999999999969e-02
1.750273000000000106e-02
1.780757000000000173e-02
2.282377000000000017e-02
2.394446000000000074e-02
2.968478999999999909e-02
2.825445999999999860e-02
2.492033000000000095e-02
1.568525999999999948e-02
1.154452000000000082e-02
1.004239000000000000e-02
1.131824000000000024e-02
1.758977999999999930e-02
2.911081000000000085e-02
2.950169000000000055e-02
3.152031999999999751e-02
2.953439999999999885e-02
4.353010000000000213e-02
5.236269999999999814e-02
3.460471999999999854e-02
1.714221000000000147e-02
2.242111999999999924e-02
3.466141999999999834e-02
7.639817000000000136e-02
1.451865300000000081e-01
1.980862800000000035e-01
1.986504000000000048e-01
1.736923800000000073e-01
1.155767399999999973e-01
7.350592000000000237e-02
3.561024000000000134e-02
2.126402000000000153e-02
1.039320999999999995e-02
1.772123999999999922e-02
2.007882999999999890e-02
2.846289000000000111e-02
5.509734000000000159e-02
4.570562000000000236e-02
4.986982999999999694e-02
4.137587999999999683e-02
2.464150999999999841e-02
2.410703999999999972e-02
1.049234999999999925e-02
1.661017999999999870e-02
1.352431999999999940e-02
1.285945999999999964e-02
1.730614000000000111e-02
1.343313999999999966e-02
1.202257999999999973e-02
1.272300999999999987e-02
9.225679999999999992e-03
1.160910000000000067e-02
1.389890000000000049e-02
1.508325999999999938e-02
1.687222000000000027e-02
1.021005999999999997e-02
9.232219999999999316e-03
1.130162000000000007e-02
1.086356999999999948e-02
1.172271000000000077e-02
1.670104999999999854e-02
1.548377000000000087e-02
1.000690000000000086e-02
