1.589607999999999993e-02
3.347117000000000148e-02
4.363877000000000034e-02
5.180088000000000054e-02
4.752403000000000183e-02
4.519122999999999890e-02
3.348700999999999761e-02
2.432379999999999959e-02
1.957971999999999838e-02
1.541201000000000029e-02
1.463970000000000028e-02
1.048729999999999975e-02
1.000412000000000003e-02
1.049572999999999999e-02
1.394091000000000080e-02
1.530307000000000021e-02
1.813785000000000050e-02
2.138738999999999918e-02
1.615277000000000032e-02
1.217271999999999972e-02
1.078905999999999962e-02
9.981280000000000360e-03
8.891080000000000857e-03
8.927320000000000741e-03
8.846009999999999637e-03
9.641500000000000764e-03
8.490829999999999558e-03
8.992059999999999637e-03
9.249210000000000764e-03
1.007037000000000036e-02
9.125809999999999825e-03
9.136609999999999870e-03
8.933850000000000124e-03
8.599499999999999506e-03
8.545340000000000227e-03
8.666709999999999345e-03
8.232539999999999997e-03
8.638750000000000595e-03
9.429109999999999228e-03
9.604289999999999702e-03
8.941040000000000793e-03
9.608300000000000174e-03
9.940749999999999933e-03
1.087082999999999973e-02
1.121314999999999985e-02
9.303590000000000471e-03
8.678079999999999475e-03
9.151869999999999450e-03
8.905180000000000387e-03
9.178709999999999647e-03
9.452489999999999157e-03
8.829109999999999389e-03
8.737109999999999321e-03
8.620509999999999631e-03
8.862949999999999648e-03
9.635339999999999183e-03
9.901850000000000235e-03
1.042457999999999926e-02
9.256729999999999473e-03
8.858539999999999817e-03
8.875450000000000006e-03
9.578120000000000731e-03
8.600639999999999674e-03
8.569250000000000478e-03
