4.264595999999999665e-02
1.739743800000000118e-01
8.235673999999999773e-02
8.352695000000000258e-02
4.934502999999999806e-02
2.158099000000000128e-02
1.746332000000000093e-02
3.138683999999999918e-02
8.143580999999999737e-02
1.175563099999999972e-01
1.015261999999999970e-01
5.973777999999999727e-02
5.756569999999999743e-02
1.016793899999999945e-01
1.256718000000000002e-01
5.549478000000000050e-02
7.594351000000000573e-02
7.656056999999999446e-02
6.919371000000000549e-02
4.732507999999999854e-02
3.733555999999999681e-02
1.125527499999999931e-01
6.858477999999999797e-02
5.817743000000000220e-02
8.202215000000000200e-02
7.067826000000000664e-02
8.449716000000000171e-02
1.011390000000000067e-01
1.339791899999999980e-01
1.977675999999999878e-01
2.034255899999999895e-01
1.336995400000000056e-01
1.033711100000000022e-01
6.482271000000000560e-02
5.675859999999999933e-02
9.186223999999999779e-02
2.047830999999999957e-01
1.969956300000000049e-01
1.671981100000000109e-01
2.041301100000000035e-01
3.426382800000000173e-01
4.320183699999999849e-01
2.728179700000000207e-01
1.882523899999999917e-01
1.357940099999999928e-01
2.327038899999999966e-01
5.117073699999999947e-01
7.215689400000000475e-01
8.521766100000000010e-01
8.867929599999999635e-01
9.472540600000000088e-01
9.239885199999999799e-01
8.985851400000000044e-01
8.513627599999999962e-01
6.938140400000000207e-01
5.026312499999999739e-01
1.878886700000000076e-01
7.752412999999999665e-02
4.665752000000000094e-02
3.465917000000000303e-02
5.426894000000000162e-02
1.131699000000000038e-01
1.492525500000000116e-01
6.180734999999999701e-02
