7.706410000000000343e-03
9.820989999999999928e-03
1.466078999999999993e-02
1.141654999999999927e-02
1.179320000000000021e-02
1.234835999999999920e-02
1.288019999999999964e-02
1.463282999999999945e-02
1.413056000000000034e-02
1.975827000000000139e-02
1.397716000000000063e-02
1.344560000000000026e-02
9.367959999999999829e-03
9.930529999999999913e-03
1.411343999999999967e-02
1.544646000000000040e-02
1.971743000000000107e-02
1.236164000000000013e-02
1.619815000000000144e-02
2.899289000000000033e-02
3.031593999999999955e-02
2.305607000000000142e-02
1.926564999999999875e-02
1.093551000000000072e-02
1.230597999999999935e-02
3.420870000000000161e-02
5.231729999999999714e-02
8.356217000000000505e-02
1.017143400000000003e-01
9.188628000000000073e-02
8.121717999999999993e-02
6.794418000000000679e-02
4.682287999999999728e-02
3.236987000000000197e-02
1.475554999999999922e-02
1.030556000000000007e-02
9.428970000000000060e-03
1.415083999999999960e-02
1.568121000000000098e-02
1.684795999999999863e-02
2.491929000000000019e-02
2.295729999999999993e-02
2.514411000000000077e-02
1.924727999999999856e-02
1.574450999999999976e-02
9.913659999999999486e-03
1.041224999999999963e-02
1.075406999999999925e-02
1.152179000000000050e-02
1.289441000000000025e-02
1.445104000000000007e-02
1.081259000000000040e-02
1.200160999999999936e-02
1.336296000000000012e-02
9.221999999999999295e-03
9.004309999999999745e-03
8.380149999999999405e-03
9.044550000000000159e-03
1.060099999999999931e-02
1.033382000000000051e-02
1.078536000000000078e-02
9.797349999999999809e-03
8.332090000000000329e-03
8.416430000000000786e-03
