8.372740000000000044e-03
1.188098999999999926e-02
9.831990000000000521e-03
1.166242999999999967e-02
1.455368999999999934e-02
1.825277000000000149e-02
3.933365999999999946e-02
4.984171999999999908e-02
5.515515000000000001e-02
6.038638999999999812e-02
5.925236999999999865e-02
5.464248000000000022e-02
4.649173000000000194e-02
2.982659000000000005e-02
1.736230999999999886e-02
1.310460999999999918e-02
1.143199999999999945e-02
9.321980000000000544e-03
9.372719999999999316e-03
1.180032999999999950e-02
1.405491000000000032e-02
1.694502999999999981e-02
1.874595000000000081e-02
1.786543000000000159e-02
1.826809000000000072e-02
1.743308999999999831e-02
1.383710999999999969e-02
9.167959999999999304e-03
1.100235999999999922e-02
9.936389999999999806e-03
9.579060000000000352e-03
9.573579999999999937e-03
9.249210000000000764e-03
9.704169999999999810e-03
9.512390000000000775e-03
9.112920000000000048e-03
9.643310000000000423e-03
1.174851000000000020e-02
1.070372999999999984e-02
8.530380000000000601e-03
8.423989999999999256e-03
8.526499999999999357e-03
1.070744000000000036e-02
1.125287999999999983e-02
9.215020000000000849e-03
8.407720000000000471e-03
8.452789999999999956e-03
8.552129999999999801e-03
9.293080000000000437e-03
1.190518999999999952e-02
1.062091000000000077e-02
9.513390000000000041e-03
8.572599999999999665e-03
9.467029999999999543e-03
1.093304999999999971e-02
1.178955999999999928e-02
1.155220000000000032e-02
8.257600000000000356e-03
8.478819999999999760e-03
8.656360000000000096e-03
8.744790000000000549e-03
9.337500000000000314e-03
1.177392000000000022e-02
8.104379999999999570e-03
