2.856973999999999972e-02
1.245794699999999977e-01
2.108948700000000120e-01
2.100045500000000120e-01
3.093099300000000107e-01
4.136808200000000046e-01
3.354970800000000031e-01
1.462142600000000126e-01
1.094457699999999978e-01
3.018536000000000136e-02
1.317184899999999936e-01
4.532797000000000076e-01
7.213167000000000328e-01
7.975518099999999722e-01
8.457439500000000221e-01
8.744273799999999763e-01
8.819045399999999590e-01
7.649052699999999705e-01
5.736095300000000341e-01
3.020460300000000209e-01
1.441562600000000083e-01
7.231223000000000511e-02
3.875405999999999990e-02
5.401679999999999676e-02
1.285520800000000130e-01
1.763450500000000032e-01
3.050686100000000178e-01
3.690297000000000160e-01
3.127029800000000193e-01
2.726337600000000028e-01
2.226929400000000059e-01
8.951715000000000366e-02
8.457244999999999346e-02
1.095383500000000065e-01
1.023618200000000061e-01
1.372248799999999935e-01
1.004744000000000054e-01
2.178816000000000086e-02
3.972777999999999726e-02
3.744018999999999819e-02
5.649934999999999680e-02
3.411188999999999888e-02
3.134789000000000325e-02
3.733390999999999793e-02
2.611497999999999944e-02
1.866127999999999884e-02
4.875725000000000198e-02
9.070789999999999409e-02
1.115194099999999994e-01
9.973506999999999512e-02
6.190990999999999855e-02
2.102930000000000077e-02
2.594186000000000061e-02
6.630368999999999846e-02
7.426312999999999664e-02
6.894619999999999915e-02
6.913395999999999431e-02
3.216588000000000086e-02
1.454197999999999949e-02
4.646204000000000306e-02
7.437963000000000213e-02
6.426614999999999411e-02
6.577041000000000137e-02
3.744209999999999899e-02
