8.432149999999999368e-03
1.032136999999999985e-02
9.757629999999999776e-03
1.002030999999999929e-02
9.566569999999999935e-03
8.888979999999999451e-03
8.111230000000000523e-03
8.575799999999999743e-03
8.878209999999999227e-03
1.009106000000000065e-02
1.037020999999999950e-02
9.100119999999999737e-03
8.918890000000000498e-03
9.184710000000000443e-03
1.058703000000000075e-02
9.852289999999999659e-03
1.073789999999999988e-02
9.491519999999999818e-03
9.485949999999999938e-03
8.797460000000000002e-03
8.619180000000000591e-03
9.773679999999999868e-03
9.789380000000000304e-03
8.518120000000000552e-03
9.172279999999999670e-03
8.645279999999999979e-03
9.813739999999999616e-03
1.156340999999999966e-02
1.113721999999999976e-02
1.145376000000000033e-02
1.189054999999999973e-02
9.498499999999999999e-03
1.048804000000000056e-02
9.519730000000000553e-03
9.090729999999999991e-03
9.511779999999999194e-03
1.030420999999999941e-02
1.100408999999999936e-02
1.071129999999999999e-02
1.107373000000000038e-02
1.583344999999999891e-02
2.195220000000000157e-02
1.972785999999999984e-02
1.565404000000000101e-02
1.228471000000000077e-02
1.058456999999999974e-02
1.482482000000000071e-02
1.956516999999999978e-02
3.164443000000000117e-02
3.996461999999999931e-02
4.785862999999999923e-02
4.525298999999999988e-02
4.255654999999999855e-02
4.129096000000000155e-02
3.878204999999999847e-02
1.573485999999999982e-02
1.201184999999999926e-02
1.239068999999999934e-02
9.893549999999999220e-03
8.372819999999999568e-03
8.910990000000000577e-03
9.552089999999999193e-03
1.063504000000000012e-02
8.173339999999999425e-03
