9.885510000000000130e-03
5.580522000000000260e-02
2.670631000000000047e-02
2.213371999999999909e-02
1.838396000000000127e-02
9.811699999999999589e-03
9.804850000000000371e-03
2.449679999999999913e-02
3.781509000000000259e-02
3.432423999999999892e-02
2.878783999999999857e-02
1.930397999999999836e-02
3.506262999999999741e-02
4.581625999999999754e-02
5.112436000000000064e-02
2.135462000000000124e-02
1.656900000000000039e-02
1.707846000000000017e-02
2.539498999999999923e-02
3.530404999999999655e-02
1.620018999999999973e-02
3.048429999999999890e-02
2.143223000000000003e-02
2.178377000000000091e-02
4.239753000000000271e-02
3.427614999999999829e-02
2.358551999999999871e-02
2.987305999999999989e-02
3.752540000000000042e-02
7.615376000000000090e-02
8.027106999999999992e-02
3.547722999999999849e-02
2.892441000000000109e-02
1.145201000000000031e-02
2.491041000000000089e-02
3.930499999999999966e-02
5.750173000000000090e-02
5.654247999999999913e-02
5.562567000000000206e-02
7.543692000000000453e-02
1.170842500000000008e-01
1.322946700000000031e-01
7.673409999999999953e-02
3.554245000000000321e-02
4.363294000000000200e-02
1.663964800000000133e-01
2.917348399999999953e-01
3.789254100000000181e-01
4.723195099999999980e-01
4.873271599999999815e-01
5.318875899999999657e-01
5.281833400000000012e-01
3.863797800000000060e-01
3.509884500000000074e-01
1.869044800000000117e-01
1.119233500000000048e-01
2.691620999999999944e-02
1.876954000000000122e-02
1.956033999999999898e-02
2.355710999999999916e-02
3.548028999999999766e-02
4.862000999999999823e-02
5.009858999999999840e-02
1.936556000000000041e-02
