1.217116000000000031e-02
1.589192999999999856e-02
1.068448999999999961e-02
1.690546000000000063e-02
1.483726999999999963e-02
1.087395000000000028e-02
8.675510000000000860e-03
9.262799999999999853e-03
1.208076999999999936e-02
2.158527000000000015e-02
1.895420000000000091e-02
2.267564000000000038e-02
1.565849999999999881e-02
9.382559999999999858e-03
1.402984000000000002e-02
1.872286999999999910e-02
1.687032000000000115e-02
1.435897000000000041e-02
1.450331000000000016e-02
1.230590999999999977e-02
1.697658999999999974e-02
3.455173000000000272e-02
4.053773000000000098e-02
1.953092000000000023e-02
1.269483000000000070e-02
1.398168999999999974e-02
1.879006000000000079e-02
2.326782999999999976e-02
2.308249999999999885e-02
1.663515999999999953e-02
1.173823000000000054e-02
1.654152000000000053e-02
2.092553000000000121e-02
2.178735000000000047e-02
1.986552999999999930e-02
1.806928999999999827e-02
2.196537000000000142e-02
4.283663000000000054e-02
3.373753000000000168e-02
2.177192000000000016e-02
1.567605999999999861e-02
1.687889999999999877e-02
2.130202999999999958e-02
2.508561000000000124e-02
3.365474999999999717e-02
3.749895999999999785e-02
5.288778000000000229e-02
6.108762000000000220e-02
5.962440000000000101e-02
6.194916000000000311e-02
4.569195999999999674e-02
4.805977000000000166e-02
2.926631999999999845e-02
3.337219999999999770e-02
9.132173999999999847e-02
1.403665099999999999e-01
2.454157600000000106e-01
3.296604499999999938e-01
3.814258600000000055e-01
3.845869900000000174e-01
3.940987000000000240e-01
3.669870199999999971e-01
2.892364299999999888e-01
2.138444000000000109e-02
