1.456612000000000011e-02
2.341193000000000093e-02
1.818492999999999846e-02
1.178162999999999953e-02
1.516432000000000023e-02
2.817462000000000091e-02
4.205604999999999760e-02
5.109750999999999876e-02
5.662342000000000070e-02
4.185806999999999722e-02
1.519580000000000063e-02
1.397617999999999951e-02
2.234813000000000077e-02
2.597067999999999946e-02
3.608911000000000063e-02
3.749336999999999809e-02
2.089053000000000090e-02
1.548904000000000079e-02
1.624810000000000143e-02
3.892061000000000132e-02
3.548462000000000144e-02
4.638052000000000147e-02
4.311236999999999708e-02
2.695664999999999867e-02
3.204337000000000157e-02
5.205171000000000103e-02
4.607515999999999695e-02
2.578037000000000037e-02
1.549818000000000029e-02
1.608392000000000155e-02
2.501451999999999842e-02
2.881585999999999870e-02
3.307133999999999768e-02
4.608368999999999660e-02
6.672635999999999845e-02
6.198255999999999905e-02
4.734921000000000268e-02
4.092724999999999835e-02
2.912406000000000023e-02
3.971258999999999900e-02
3.979416999999999677e-02
5.138171999999999878e-02
6.836783000000000443e-02
9.152362999999999471e-02
1.054746000000000017e-01
1.021499299999999999e-01
1.563522699999999876e-01
1.736896900000000077e-01
8.914993999999999696e-02
5.257196000000000091e-02
4.740633999999999820e-02
9.817613999999999508e-02
2.290987100000000110e-01
3.977014999999999856e-01
5.971105700000000072e-01
6.193789800000000234e-01
6.796720600000000223e-01
6.840662400000000476e-01
6.730078499999999631e-01
5.871027699999999960e-01
4.254604300000000006e-01
2.695686500000000207e-01
1.176454400000000039e-01
3.407840000000000175e-02
