7.686310000000000017e-03
1.019416000000000072e-02
1.219391000000000051e-02
1.283802000000000033e-02
1.280313999999999931e-02
1.229039000000000000e-02
1.131594000000000003e-02
1.152524000000000083e-02
1.079659000000000001e-02
9.281410000000000354e-03
8.255659999999999735e-03
8.549080000000000568e-03
8.840399999999999994e-03
8.411580000000000099e-03
8.545219999999999205e-03
8.323630000000000265e-03
8.567629999999999690e-03
8.904209999999999209e-03
8.781570000000000695e-03
8.508879999999999916e-03
8.603319999999999371e-03
8.848250000000000212e-03
8.575720000000000218e-03
8.198759999999999382e-03
7.954450000000000062e-03
8.215969999999999523e-03
8.298329999999999596e-03
8.296740000000000365e-03
8.197199999999999973e-03
8.269570000000000393e-03
8.266429999999999959e-03
8.120489999999999306e-03
8.180589999999999737e-03
8.233910000000000534e-03
8.285910000000000497e-03
8.039460000000000009e-03
8.130319999999999908e-03
8.219139999999999779e-03
8.394729999999999553e-03
9.167259999999999992e-03
8.830410000000000342e-03
8.369190000000000310e-03
8.447490000000000207e-03
8.157720000000000249e-03
8.392999999999999419e-03
8.132959999999999842e-03
8.157370000000000593e-03
8.201089999999999422e-03
8.013400000000000384e-03
8.057470000000000604e-03
8.114430000000000601e-03
8.058400000000000285e-03
8.260699999999999293e-03
8.466579999999999592e-03
8.391759999999999844e-03
8.339670000000000416e-03
8.302969999999999795e-03
8.207930000000000434e-03
8.149889999999999912e-03
8.229679999999999634e-03
8.223410000000000442e-03
8.272299999999999792e-03
7.759059999999999915e-03
7.161289999999999843e-03
