3.242049999999999793e-02
5.431746999999999964e-02
4.992167000000000132e-02
4.250580999999999804e-02
3.182511999999999841e-02
2.603917999999999858e-02
2.235041000000000111e-02
1.443354999999999985e-02
8.680270000000000347e-03
8.786620000000000194e-03
9.632790000000000449e-03
1.208771999999999971e-02
1.386471000000000058e-02
2.593140000000000028e-02
3.071507000000000057e-02
2.895108999999999877e-02
2.290485999999999911e-02
2.420088000000000100e-02
1.585927999999999990e-02
1.145277999999999921e-02
1.027247000000000056e-02
1.022937999999999972e-02
8.741290000000000518e-03
8.359429999999999292e-03
9.933449999999999919e-03
1.153567999999999955e-02
1.039779000000000050e-02
1.000090000000000007e-02
1.003602999999999960e-02
9.199409999999999879e-03
9.407079999999999956e-03
9.919950000000000295e-03
9.250819999999999876e-03
8.619830000000000200e-03
9.012720000000000106e-03
1.056228000000000028e-02
1.009948999999999916e-02
9.589939999999999923e-03
8.956900000000000278e-03
8.879969999999999183e-03
8.977829999999999144e-03
9.741720000000000587e-03
1.177610999999999936e-02
1.013658999999999914e-02
1.044712000000000071e-02
9.927639999999999729e-03
1.103784000000000015e-02
1.107133000000000075e-02
1.000179999999999993e-02
9.475300000000000736e-03
8.174419999999999950e-03
8.979519999999999516e-03
9.857209999999999930e-03
1.015010000000000044e-02
9.552700000000000774e-03
8.950190000000000229e-03
9.311639999999999501e-03
9.349039999999999434e-03
8.836550000000000307e-03
8.914750000000000799e-03
1.039355999999999960e-02
8.956129999999999647e-03
8.620150000000000035e-03
8.191820000000000698e-03
