7.983199999999999324e-03
8.939719999999999958e-03
8.579269999999999952e-03
9.607710000000000208e-03
8.992580000000000018e-03
9.146750000000000366e-03
8.593589999999999909e-03
8.158359999999999917e-03
8.485889999999999406e-03
8.474409999999999929e-03
8.499049999999999314e-03
8.654109999999999581e-03
8.301370000000000623e-03
8.247509999999999564e-03
8.426309999999999356e-03
9.021309999999999399e-03
8.718419999999999295e-03
8.038540000000000268e-03
8.092689999999999606e-03
8.453040000000000206e-03
8.116959999999999453e-03
8.181350000000000428e-03
8.481719999999999884e-03
8.385939999999999714e-03
8.475200000000000441e-03
8.494089999999999280e-03
8.340149999999999300e-03
8.498320000000000179e-03
8.448630000000000376e-03
9.282930000000000001e-03
8.603919999999999277e-03
8.146159999999999513e-03
8.113600000000000326e-03
8.371440000000000825e-03
8.371770000000000600e-03
8.978339999999999585e-03
9.267529999999999518e-03
9.886400000000000049e-03
1.052019000000000044e-02
1.178550000000000084e-02
1.259556000000000044e-02
1.020273000000000013e-02
8.427560000000000606e-03
9.253459999999999810e-03
1.059378000000000056e-02
1.476919999999999969e-02
2.096166000000000001e-02
2.516830999999999929e-02
2.323899999999999924e-02
1.925707999999999934e-02
2.004693999999999920e-02
1.842051000000000105e-02
1.256286000000000035e-02
1.178771999999999980e-02
8.940659999999999580e-03
8.460830000000000781e-03
9.896040000000000045e-03
1.053487999999999994e-02
1.147188000000000027e-02
1.400897000000000080e-02
1.465473999999999943e-02
1.347230999999999949e-02
1.093452999999999960e-02
8.377870000000000802e-03
