1.110890999999999962e-02
1.992301999999999962e-02
1.858343000000000148e-02
1.227503999999999922e-02
1.063703000000000044e-02
9.876980000000000481e-03
1.604063999999999837e-02
2.652623999999999954e-02
3.508271999999999780e-02
5.261744000000000143e-02
7.084902999999999340e-02
7.372109999999999774e-02
8.084884000000000515e-02
8.506331999999999782e-02
4.796948999999999658e-02
3.452887000000000317e-02
3.248811000000000060e-02
1.451744999999999945e-02
1.220821000000000059e-02
9.692199999999999774e-03
1.002748000000000007e-02
1.024851000000000061e-02
1.331558000000000047e-02
1.491018000000000031e-02
2.263302999999999843e-02
2.397699000000000011e-02
1.922041000000000027e-02
1.166820000000000010e-02
1.032483000000000012e-02
9.067530000000000728e-03
9.667910000000000045e-03
1.013722000000000061e-02
1.086872000000000012e-02
1.274427000000000025e-02
1.243473999999999968e-02
1.138438999999999944e-02
1.061414999999999928e-02
1.045221999999999991e-02
1.085651999999999971e-02
1.113071000000000026e-02
9.846159999999999635e-03
9.846380000000000063e-03
9.237079999999999944e-03
1.075477000000000030e-02
9.653449999999999184e-03
1.081677999999999980e-02
1.075433999999999939e-02
9.641810000000000658e-03
9.559730000000000658e-03
1.146161000000000055e-02
1.238240000000000000e-02
1.407053999999999944e-02
1.265592999999999926e-02
9.940440000000000040e-03
9.184539999999999718e-03
1.063575999999999931e-02
9.754880000000000495e-03
9.514319999999999722e-03
1.139843999999999927e-02
1.021327999999999993e-02
9.554250000000000242e-03
1.022970999999999950e-02
1.067354000000000046e-02
8.505850000000000563e-03
