8.642860000000000473e-03
2.003610000000000113e-02
2.664541000000000132e-02
1.985937999999999939e-02
1.578123999999999846e-02
1.540338999999999944e-02
1.007823000000000052e-02
1.429320000000000070e-02
2.397830999999999921e-02
4.360982000000000053e-02
5.381973000000000312e-02
6.491273999999999655e-02
7.914583000000000035e-02
8.612127999999999450e-02
6.766442000000000290e-02
5.894386000000000070e-02
4.118143999999999971e-02
2.455761999999999876e-02
1.396810000000000065e-02
8.873340000000000394e-03
9.008169999999999372e-03
9.229990000000000416e-03
1.145927000000000057e-02
1.580070999999999906e-02
2.314431999999999948e-02
2.344711999999999838e-02
2.405296999999999991e-02
1.914998999999999868e-02
1.556994000000000086e-02
1.020647000000000047e-02
1.127221999999999946e-02
1.077596999999999930e-02
1.235814000000000010e-02
1.533420999999999916e-02
1.372350999999999953e-02
1.346089999999999960e-02
1.183813000000000053e-02
9.959880000000000816e-03
1.084187999999999992e-02
1.144776999999999947e-02
9.419439999999999411e-03
8.934519999999999615e-03
8.349310000000000412e-03
8.928230000000000541e-03
1.013680999999999957e-02
1.132996000000000003e-02
1.122206000000000072e-02
1.065752000000000019e-02
1.062957999999999958e-02
8.902999999999999456e-03
1.012701000000000053e-02
1.174829999999999972e-02
1.256506999999999936e-02
1.073909999999999969e-02
9.930440000000000447e-03
8.692319999999999908e-03
8.001170000000000157e-03
9.112200000000000855e-03
1.064579000000000046e-02
1.065084999999999990e-02
1.129871000000000000e-02
1.034344000000000062e-02
8.970999999999999808e-03
8.332279999999999201e-03
