1.097609000000000085e-02
1.827350000000000155e-02
1.798780999999999991e-02
1.652282000000000056e-02
1.318739000000000022e-02
9.486599999999999547e-03
8.631520000000000165e-03
9.454050000000000301e-03
9.889590000000000186e-03
1.204591999999999989e-02
1.081281000000000082e-02
1.356462999999999940e-02
1.842813000000000090e-02
2.025346000000000091e-02
2.205763000000000168e-02
1.855383999999999853e-02
1.375173000000000020e-02
1.083650000000000065e-02
1.015124000000000061e-02
2.342597000000000082e-02
4.354128000000000165e-02
6.523181999999999592e-02
7.024616999999999667e-02
6.467124999999999957e-02
6.637647000000000685e-02
4.895114999999999883e-02
2.931376000000000120e-02
1.757115000000000066e-02
1.154336000000000077e-02
8.603970000000000715e-03
9.924940000000000151e-03
1.228646000000000078e-02
1.543874999999999935e-02
1.902964000000000044e-02
2.264201000000000061e-02
1.851057000000000050e-02
2.438072999999999976e-02
1.498426999999999919e-02
1.182633999999999942e-02
1.333351999999999975e-02
9.889520000000000602e-03
1.635641999999999999e-02
1.095753000000000005e-02
1.029285999999999916e-02
9.447250000000000786e-03
1.071864999999999971e-02
1.007845999999999916e-02
9.434720000000000606e-03
9.850660000000000666e-03
8.679980000000000334e-03
1.201564999999999925e-02
9.807740000000000555e-03
1.108144999999999963e-02
9.315999999999999628e-03
8.935389999999999652e-03
1.031865000000000039e-02
9.695330000000000267e-03
1.065350999999999972e-02
1.317901999999999962e-02
1.143761000000000083e-02
9.175020000000000744e-03
8.806780000000000164e-03
9.237169999999999409e-03
8.216760000000000036e-03
