7.795729999999999847e-03
1.918303000000000022e-02
1.568156000000000064e-02
1.398304000000000040e-02
1.044578999999999994e-02
1.072494000000000051e-02
1.032291999999999932e-02
8.700509999999999841e-03
8.602230000000000640e-03
8.391880000000000867e-03
8.474330000000000404e-03
8.511960000000000706e-03
9.274539999999999521e-03
9.379109999999999531e-03
9.596359999999999960e-03
8.655970000000000678e-03
8.614790000000000642e-03
8.451089999999999644e-03
8.517129999999999493e-03
8.668310000000000251e-03
8.615650000000000738e-03
8.682489999999999306e-03
8.391169999999999879e-03
8.160099999999999992e-03
8.011239999999999334e-03
8.017730000000000690e-03
8.230420000000000444e-03
8.485490000000000047e-03
8.193640000000000298e-03
8.037670000000000231e-03
8.282750000000000182e-03
8.020640000000000755e-03
8.321590000000000237e-03
8.410720000000000002e-03
8.653130000000000197e-03
8.861439999999999942e-03
8.485750000000000237e-03
8.394709999999999672e-03
8.559779999999999472e-03
8.421740000000000476e-03
8.652129999999999196e-03
8.227190000000000544e-03
8.265629999999999505e-03
7.927069999999999603e-03
8.027269999999999545e-03
8.220039999999999639e-03
8.357260000000000036e-03
8.965320000000000580e-03
8.589050000000000851e-03
8.420419999999999641e-03
8.387840000000000573e-03
8.217270000000000477e-03
8.137999999999999401e-03
8.201570000000000041e-03
8.426549999999999666e-03
8.393720000000000347e-03
8.228839999999999419e-03
8.493300000000000502e-03
8.781439999999999732e-03
8.237919999999999271e-03
8.215000000000000080e-03
8.189890000000000017e-03
7.860270000000000798e-03
7.380069999999999859e-03
