8.401979999999999865e-03
1.387153999999999991e-02
1.674109000000000014e-02
2.066261999999999960e-02
3.347785999999999818e-02
4.936041000000000040e-02
5.889243999999999729e-02
4.061333000000000304e-02
2.854515999999999998e-02
1.605122000000000146e-02
2.053579999999999989e-02
2.369786999999999935e-02
2.417139000000000093e-02
2.291102999999999890e-02
1.534956999999999988e-02
2.026858000000000132e-02
2.956312999999999996e-02
3.443041000000000157e-02
3.981718000000000063e-02
4.477587999999999707e-02
2.819616999999999957e-02
1.874384000000000119e-02
4.045826000000000283e-02
4.387085999999999764e-02
4.115015999999999813e-02
4.779101999999999656e-02
2.616452000000000014e-02
4.180057000000000217e-02
3.287272000000000111e-02
2.012353999999999879e-02
2.440722000000000030e-02
2.468122000000000024e-02
2.640456000000000053e-02
5.131016000000000049e-02
7.487589000000000050e-02
6.257873999999999381e-02
1.926040000000000044e-02
3.733550000000000063e-02
6.918831999999999760e-02
6.213445000000000079e-02
4.481247000000000008e-02
4.266766000000000308e-02
6.604633000000000032e-02
1.034867399999999937e-01
1.187760100000000013e-01
7.169171000000000571e-02
6.279764000000000179e-02
4.693806999999999841e-02
4.679201000000000193e-02
1.522700300000000007e-01
2.792124699999999904e-01
3.243819800000000142e-01
4.618149999999999755e-01
5.339459199999999628e-01
6.112245299999999881e-01
5.470671099999999676e-01
4.363776699999999953e-01
3.697851899999999858e-01
2.859973900000000180e-01
1.950127200000000005e-01
1.017543999999999949e-01
4.642289000000000138e-02
1.563186999999999910e-02
2.298998000000000014e-02
