8.187210000000000321e-03
1.637452000000000005e-02
2.361689000000000149e-02
2.393102000000000076e-02
2.802030000000000146e-02
3.172781000000000212e-02
1.944486000000000131e-02
1.043109000000000050e-02
1.109021999999999959e-02
1.666663999999999993e-02
2.388159000000000115e-02
3.765626999999999863e-02
6.318957000000000046e-02
7.770868000000000220e-02
7.679036000000000195e-02
7.206537999999999833e-02
7.731694000000000067e-02
5.164417000000000313e-02
3.552655999999999870e-02
1.910977999999999982e-02
1.323848000000000039e-02
1.242650000000000005e-02
1.071620000000000038e-02
1.311767999999999962e-02
1.780129999999999907e-02
2.268504999999999827e-02
3.015411000000000133e-02
3.605152999999999830e-02
3.274368999999999891e-02
2.051773000000000138e-02
1.858018999999999990e-02
1.433407000000000084e-02
1.678895000000000040e-02
1.819855999999999904e-02
1.465060999999999967e-02
1.571484999999999896e-02
1.487492999999999975e-02
1.040057999999999955e-02
1.012419999999999987e-02
1.059430999999999914e-02
1.100989999999999955e-02
1.016441000000000046e-02
9.683459999999999637e-03
9.384689999999999352e-03
9.181099999999999331e-03
1.079275000000000026e-02
1.137553999999999996e-02
1.380313000000000026e-02
1.441332000000000030e-02
1.178468000000000050e-02
1.130257999999999957e-02
1.023171999999999970e-02
1.095499999999999946e-02
1.276831999999999967e-02
1.328295999999999991e-02
1.239399000000000056e-02
1.026199000000000035e-02
9.086429999999999507e-03
1.004762000000000016e-02
1.091073000000000043e-02
1.515802999999999942e-02
1.229813000000000087e-02
1.167878999999999966e-02
1.010724999999999991e-02
