8.713560000000000402e-03
1.083330000000000057e-02
1.348118000000000059e-02
1.503500999999999969e-02
1.398812999999999966e-02
1.174243999999999982e-02
9.314479999999999982e-03
8.462219999999999465e-03
8.579410000000000855e-03
8.914780000000000620e-03
8.935989999999999558e-03
9.318720000000000822e-03
1.122480000000000006e-02
1.269127999999999923e-02
1.859072999999999976e-02
1.896909000000000095e-02
1.800989999999999883e-02
1.424651000000000042e-02
1.113769000000000044e-02
8.875040000000000706e-03
1.043694000000000045e-02
2.465339000000000072e-02
3.235401999999999723e-02
4.116634000000000265e-02
4.439710000000000184e-02
5.247049000000000157e-02
4.764129999999999754e-02
3.950499999999999845e-02
3.147457000000000032e-02
1.202592000000000071e-02
1.053602000000000011e-02
9.311279999999999904e-03
9.083890000000000714e-03
1.197377999999999984e-02
2.039759999999999837e-02
1.991746000000000141e-02
2.188127000000000127e-02
2.494164999999999924e-02
2.127990999999999910e-02
1.575369000000000075e-02
8.114309999999999579e-03
9.795760000000000578e-03
9.682269999999999766e-03
9.791680000000000522e-03
1.055560000000000005e-02
1.155878999999999934e-02
9.912749999999999687e-03
9.462999999999999190e-03
9.785620000000000082e-03
9.581730000000000108e-03
1.073282000000000055e-02
1.053424000000000027e-02
9.292649999999999522e-03
8.909850000000000408e-03
9.384170000000000705e-03
8.657420000000000740e-03
9.517909999999999218e-03
1.099267999999999947e-02
1.474178999999999941e-02
1.297499000000000048e-02
1.032330000000000053e-02
9.256310000000000232e-03
8.297429999999999736e-03
8.085240000000000482e-03
