7.592279999999999862e-03
8.604030000000000358e-03
8.791129999999999431e-03
8.588339999999999863e-03
8.847739999999999772e-03
8.545960000000000015e-03
8.332410000000000164e-03
8.319899999999999865e-03
8.615450000000000191e-03
8.955410000000000453e-03
9.316170000000000354e-03
8.756720000000000823e-03
8.311560000000000822e-03
8.283369999999999969e-03
8.700100000000000541e-03
9.189849999999999408e-03
9.207709999999999159e-03
8.507819999999999272e-03
8.342540000000000719e-03
8.940359999999999627e-03
8.165810000000000776e-03
8.481189999999999563e-03
8.151040000000000021e-03
8.042910000000000337e-03
7.946790000000000451e-03
8.261009999999999187e-03
8.351640000000000452e-03
9.080259999999999720e-03
8.621959999999999694e-03
8.988849999999999618e-03
8.063549999999999190e-03
8.168049999999999616e-03
8.225510000000000113e-03
9.024779999999999608e-03
9.254049999999999776e-03
8.380510000000000737e-03
8.440019999999999467e-03
8.925129999999999869e-03
8.998950000000000352e-03
9.123720000000000094e-03
8.842300000000000854e-03
8.350230000000000152e-03
8.707269999999999593e-03
8.405960000000000515e-03
8.865029999999999438e-03
1.064876000000000017e-02
9.657030000000000475e-03
9.405830000000000440e-03
9.049279999999999824e-03
9.532960000000000045e-03
1.151869999999999977e-02
1.132561999999999978e-02
1.078648999999999927e-02
1.057062999999999926e-02
1.138284999999999991e-02
1.156407999999999915e-02
1.213646999999999990e-02
9.942609999999999296e-03
9.706050000000000788e-03
9.700429999999999470e-03
9.575729999999999312e-03
8.691020000000000689e-03
8.612180000000000529e-03
7.415899999999999576e-03
