7.521400000000000134e-03
8.666500000000000592e-03
9.007090000000000582e-03
8.853659999999999308e-03
9.178989999999999719e-03
8.870720000000000341e-03
9.052529999999999605e-03
9.781339999999999479e-03
9.493849999999999859e-03
1.007706000000000053e-02
8.872440000000000535e-03
8.763339999999999672e-03
8.354040000000000077e-03
8.947780000000000664e-03
9.444819999999999605e-03
9.856939999999999799e-03
9.979599999999999929e-03
9.468570000000000805e-03
8.769139999999999921e-03
9.894770000000000648e-03
9.352960000000000440e-03
9.960600000000000009e-03
9.350350000000000328e-03
8.630350000000000174e-03
8.740960000000000743e-03
9.163750000000000021e-03
1.108105000000000027e-02
1.421941999999999998e-02
1.360563000000000050e-02
1.285628999999999938e-02
1.365184000000000016e-02
1.170602999999999921e-02
1.042732000000000034e-02
9.664469999999999658e-03
9.040360000000000756e-03
9.094079999999999178e-03
8.970640000000000211e-03
9.183339999999999906e-03
1.040796000000000082e-02
9.304389999999999189e-03
8.911419999999999758e-03
9.046729999999999355e-03
8.458800000000000693e-03
8.783300000000000829e-03
8.800320000000000364e-03
8.732069999999999763e-03
9.540899999999999728e-03
1.028793000000000069e-02
8.458890000000000159e-03
8.422050000000000369e-03
8.929480000000000056e-03
8.975000000000000339e-03
8.670999999999999888e-03
1.012161999999999958e-02
9.017920000000000449e-03
8.507280000000000744e-03
8.466309999999999461e-03
8.372799999999999687e-03
8.218569999999999695e-03
8.341100000000000597e-03
8.329599999999999504e-03
8.198739999999999500e-03
8.221980000000000260e-03
7.321730000000000252e-03
