7.547329999999999664e-03
9.674709999999999560e-03
1.845714999999999856e-02
3.302101000000000341e-02
5.255064000000000263e-02
6.190106000000000080e-02
7.071663000000000254e-02
8.495323000000000457e-02
7.745873000000000341e-02
7.165884000000000142e-02
7.174360000000000459e-02
4.464296000000000236e-02
3.397688000000000097e-02
2.254892999999999828e-02
1.092130000000000010e-02
9.181599999999999831e-03
1.076254999999999920e-02
1.265469999999999963e-02
1.450690999999999960e-02
1.547250000000000014e-02
2.068149999999999850e-02
2.216359999999999858e-02
1.749710999999999975e-02
1.388116999999999997e-02
1.377415000000000063e-02
1.276559000000000027e-02
1.277057000000000019e-02
1.142053999999999986e-02
1.231983000000000036e-02
1.225766000000000008e-02
9.284890000000000504e-03
9.340640000000000748e-03
9.315500000000000863e-03
9.206129999999999869e-03
8.946279999999999163e-03
9.253759999999999764e-03
1.081336999999999923e-02
1.133509000000000079e-02
9.947569999999999329e-03
9.050320000000000586e-03
9.149430000000000063e-03
1.086980000000000064e-02
1.261939999999999937e-02
1.213024000000000047e-02
9.753730000000000386e-03
9.646979999999999444e-03
1.103057999999999990e-02
1.157951999999999940e-02
1.161670000000000064e-02
1.121717000000000027e-02
9.428129999999999844e-03
9.149809999999999541e-03
1.043863000000000082e-02
1.317572000000000014e-02
1.395041999999999983e-02
1.239449999999999927e-02
1.139032000000000065e-02
1.004580000000000056e-02
9.747070000000000040e-03
9.329119999999999774e-03
1.118702000000000064e-02
1.092221999999999985e-02
1.575570999999999916e-02
9.356589999999999699e-03
