7.436700000000000081e-03
9.158470000000000152e-03
8.644229999999999275e-03
8.837950000000000667e-03
9.141260000000000011e-03
9.019730000000000109e-03
8.275390000000000523e-03
8.366929999999999853e-03
9.073740000000000278e-03
9.979510000000000464e-03
1.033048999999999946e-02
9.739839999999999609e-03
9.007720000000000310e-03
8.771469999999999961e-03
9.066529999999999728e-03
9.035430000000000544e-03
9.355779999999999305e-03
9.129200000000000509e-03
8.656759999999999455e-03
8.948140000000000260e-03
9.252420000000000783e-03
1.070060999999999929e-02
1.177954999999999974e-02
9.428580000000000641e-03
9.160230000000000108e-03
9.085269999999999457e-03
8.976130000000000567e-03
9.785429999999999476e-03
1.017136000000000082e-02
8.703719999999999860e-03
8.437409999999999355e-03
8.548689999999999414e-03
9.048290000000000499e-03
9.138320000000000123e-03
8.514469999999999678e-03
8.673639999999999822e-03
9.124010000000000106e-03
9.672729999999999176e-03
9.100509999999999156e-03
9.510209999999999844e-03
9.168090000000000267e-03
8.778040000000000842e-03
8.909620000000000040e-03
9.273540000000000255e-03
9.807220000000000174e-03
1.095024999999999991e-02
1.165677000000000033e-02
1.192714999999999921e-02
1.104970000000000084e-02
1.152541999999999976e-02
1.078415999999999923e-02
1.030189999999999925e-02
8.839909999999999435e-03
8.948269999999999488e-03
9.776599999999999874e-03
1.246638000000000086e-02
1.685270000000000171e-02
1.933932000000000012e-02
2.135878999999999903e-02
2.437092000000000078e-02
2.648999000000000145e-02
2.713294000000000122e-02
1.965942000000000037e-02
7.852579999999999630e-03
