7.219670000000000080e-03
8.929589999999999403e-03
8.253989999999999244e-03
7.987370000000000581e-03
8.345009999999999928e-03
8.609530000000000655e-03
9.090769999999999754e-03
1.003490999999999932e-02
9.682230000000000003e-03
9.158499999999999974e-03
8.914099999999999455e-03
8.444609999999999964e-03
8.250940000000000010e-03
8.398690000000000322e-03
9.563099999999999726e-03
9.960899999999999962e-03
9.039310000000000053e-03
8.490249999999999533e-03
8.284569999999999781e-03
9.105439999999999368e-03
9.878899999999999487e-03
1.003171999999999918e-02
1.029488999999999925e-02
9.001330000000000095e-03
8.906320000000000556e-03
9.945320000000000549e-03
9.794670000000000112e-03
9.278379999999999267e-03
8.939920000000000505e-03
8.198360000000000022e-03
8.598490000000000300e-03
9.198370000000000851e-03
9.285780000000000423e-03
1.019455000000000014e-02
1.001935999999999972e-02
1.001513000000000056e-02
1.022346000000000019e-02
1.063793000000000030e-02
9.240339999999999665e-03
1.023344999999999984e-02
8.938120000000000787e-03
8.441749999999999601e-03
9.782660000000000314e-03
1.242963000000000054e-02
1.368463999999999965e-02
1.389185000000000073e-02
1.553294000000000029e-02
1.783051000000000080e-02
1.493530000000000031e-02
1.135636999999999931e-02
9.760569999999999663e-03
1.142120999999999935e-02
1.276070999999999976e-02
1.941518999999999884e-02
2.895135000000000070e-02
3.033668000000000128e-02
3.703262999999999694e-02
4.139736000000000110e-02
4.115698000000000273e-02
3.550144999999999690e-02
2.846260999999999930e-02
2.269115999999999841e-02
1.537689000000000070e-02
8.046519999999999714e-03
