1.046521000000000083e-02
2.193735000000000129e-02
1.741880000000000164e-02
1.279410999999999916e-02
1.011284999999999962e-02
9.664529999999999302e-03
9.402640000000000303e-03
9.059529999999999667e-03
9.054809999999999942e-03
9.132190000000000099e-03
9.870250000000000551e-03
1.139198999999999941e-02
1.110124000000000007e-02
1.210285000000000007e-02
1.218882999999999946e-02
1.042705000000000021e-02
9.180199999999999472e-03
9.334699999999999595e-03
8.904129999999999684e-03
9.054110000000000630e-03
9.264760000000000356e-03
8.957829999999999959e-03
8.786969999999999850e-03
8.525329999999999367e-03
8.498530000000000667e-03
8.771199999999999830e-03
8.516690000000000371e-03
8.720520000000000702e-03
8.680610000000000062e-03
8.317190000000000347e-03
8.097550000000000234e-03
8.488410000000000052e-03
8.652280000000000040e-03
8.731310000000000807e-03
8.811450000000000185e-03
8.883629999999999999e-03
8.654059999999999878e-03
8.799019999999999411e-03
9.048189999999999358e-03
9.158980000000000593e-03
9.049230000000000121e-03
8.490460000000000021e-03
8.496780000000000652e-03
8.471789999999999876e-03
9.182749999999999940e-03
1.082210999999999937e-02
1.010126000000000079e-02
9.205980000000000760e-03
8.545640000000000180e-03
8.641700000000000423e-03
8.737679999999999406e-03
9.094839999999999869e-03
9.839020000000000404e-03
9.694589999999999458e-03
9.108579999999999802e-03
9.028790000000000079e-03
8.837930000000000785e-03
8.771390000000000436e-03
8.583649999999999960e-03
8.544269999999999643e-03
8.666159999999999142e-03
8.684209999999999499e-03
8.733599999999999350e-03
7.799870000000000414e-03
