8.273990000000000164e-03
1.425163999999999945e-02
1.341227000000000044e-02
1.648215000000000097e-02
1.955727999999999980e-02
2.410415999999999948e-02
1.279101000000000023e-02
1.131215999999999992e-02
1.070259999999999961e-02
9.985509999999999525e-03
1.451288000000000057e-02
1.493600999999999956e-02
1.522261999999999921e-02
1.156656000000000004e-02
1.038806999999999925e-02
1.185749000000000004e-02
1.297838999999999937e-02
1.340926999999999918e-02
1.631987000000000021e-02
1.993547999999999848e-02
2.833901000000000128e-02
2.604404000000000094e-02
2.817551000000000083e-02
2.747756999999999977e-02
1.307535999999999941e-02
1.175199000000000035e-02
1.960204999999999934e-02
2.170363000000000153e-02
1.557879000000000035e-02
1.747821999999999917e-02
2.325578000000000020e-02
3.072205999999999895e-02
3.476196000000000147e-02
2.076460999999999932e-02
1.547527999999999924e-02
1.309213000000000043e-02
1.893873999999999905e-02
5.972269000000000189e-02
9.294315000000000215e-02
1.195666999999999980e-01
1.340150099999999900e-01
1.781996899999999939e-01
1.392821999999999949e-01
1.019329699999999977e-01
7.959842999999999780e-02
5.211604000000000236e-02
2.517863999999999866e-02
1.529285000000000019e-02
1.035251000000000053e-02
1.173863999999999984e-02
1.246506999999999997e-02
2.003337000000000173e-02
3.071489000000000164e-02
3.362619000000000025e-02
4.896539999999999920e-02
6.846773999999999916e-02
4.548445999999999739e-02
2.521224000000000035e-02
2.687704999999999955e-02
1.781264999999999932e-02
1.241394000000000004e-02
1.160435999999999933e-02
1.107943999999999943e-02
1.063715999999999967e-02
