7.251089999999999966e-03
9.905409999999999909e-03
8.559970000000000079e-03
8.301579999999999376e-03
9.130209999999999715e-03
9.291409999999999947e-03
8.518480000000000149e-03
8.362909999999999441e-03
8.794200000000000281e-03
8.074939999999999202e-03
8.092999999999999500e-03
8.939980000000000149e-03
8.284460000000000435e-03
8.686259999999999468e-03
8.491030000000000105e-03
8.844309999999999325e-03
8.766420000000000462e-03
9.025969999999999480e-03
8.643589999999999607e-03
8.666139999999999260e-03
1.049203999999999935e-02
1.014670999999999976e-02
1.024023999999999941e-02
1.004677000000000001e-02
8.892050000000000301e-03
9.245079999999999271e-03
8.666989999999999417e-03
8.610299999999999551e-03
9.051349999999999674e-03
9.088139999999999760e-03
8.665199999999999639e-03
9.588460000000000039e-03
1.205380999999999987e-02
1.303945999999999925e-02
1.338421000000000055e-02
1.222268999999999960e-02
1.159015000000000045e-02
1.310934000000000058e-02
1.561309999999999955e-02
1.888743000000000019e-02
2.343121000000000093e-02
2.676850000000000063e-02
2.582506999999999858e-02
2.840685000000000085e-02
2.382743999999999834e-02
1.483738000000000071e-02
1.373413000000000064e-02
1.152651000000000023e-02
9.614660000000000567e-03
8.993269999999999390e-03
9.977679999999999189e-03
9.514629999999999616e-03
1.058839999999999955e-02
1.046821000000000036e-02
1.464802999999999938e-02
1.439104000000000078e-02
1.114525000000000064e-02
1.185474000000000076e-02
9.169780000000000639e-03
8.507519999999999319e-03
8.605399999999999161e-03
8.583840000000000567e-03
8.184010000000000243e-03
7.411489999999999745e-03
