8.675050000000000122e-03
1.177692999999999969e-02
1.229469000000000048e-02
1.303566999999999920e-02
1.050778999999999949e-02
9.739849999999999550e-03
9.012519999999999559e-03
8.995170000000000249e-03
8.547779999999999614e-03
8.360690000000000482e-03
8.419700000000000448e-03
8.694769999999999235e-03
8.433019999999999405e-03
9.288400000000000475e-03
8.850629999999999956e-03
8.621659999999999741e-03
8.971079999999999333e-03
8.971500000000000308e-03
8.413560000000000483e-03
8.654530000000000556e-03
8.737520000000000356e-03
8.733009999999999384e-03
7.998130000000000864e-03
8.080810000000000770e-03
7.828309999999999783e-03
8.502430000000000057e-03
8.115439999999999807e-03
8.403860000000000843e-03
8.078290000000000123e-03
8.026000000000000148e-03
7.951369999999999272e-03
8.200600000000000597e-03
8.509350000000000594e-03
8.263670000000000737e-03
8.371319999999999803e-03
8.386440000000000214e-03
8.070930000000000465e-03
8.401880000000000459e-03
8.452589999999999409e-03
8.259809999999999375e-03
8.324359999999999399e-03
8.210040000000000046e-03
8.529959999999999626e-03
8.680119999999999503e-03
8.290240000000000803e-03
8.193970000000000073e-03
8.108010000000000564e-03
8.297479999999999439e-03
7.966920000000000598e-03
8.241230000000000430e-03
8.272830000000000114e-03
8.247050000000000561e-03
8.681009999999999421e-03
8.283949999999999994e-03
8.098559999999999440e-03
8.344930000000000403e-03
8.129950000000000371e-03
8.188960000000000336e-03
8.461730000000000640e-03
8.160769999999999483e-03
8.001190000000000038e-03
8.277349999999999292e-03
8.093239999999999809e-03
7.299280000000000004e-03
