7.944410000000000707e-03
9.281130000000000282e-03
1.021514999999999923e-02
1.105611999999999914e-02
1.172015000000000036e-02
1.328756000000000034e-02
1.070397000000000015e-02
9.424780000000000657e-03
9.940559999999999327e-03
8.942449999999999358e-03
9.199040000000000342e-03
1.116743000000000076e-02
9.893229999999999386e-03
8.680999999999999481e-03
8.858690000000000661e-03
8.877579999999999499e-03
9.918110000000000814e-03
9.409429999999999877e-03
1.029143000000000072e-02
1.000005999999999985e-02
1.220368999999999968e-02
1.288699999999999915e-02
1.357777999999999936e-02
1.310722999999999923e-02
9.674389999999999726e-03
8.962039999999999243e-03
1.031778000000000035e-02
1.225424999999999952e-02
9.431929999999999828e-03
9.366400000000000420e-03
9.403929999999999581e-03
1.039699000000000005e-02
1.424463999999999939e-02
1.189467999999999949e-02
1.045113999999999939e-02
9.303469999999999449e-03
9.556540000000000520e-03
1.782047000000000145e-02
2.635759000000000019e-02
2.905340000000000006e-02
3.438991999999999744e-02
4.941071999999999825e-02
4.436322000000000182e-02
2.914720999999999979e-02
2.466201999999999978e-02
2.436123000000000108e-02
1.210490000000000003e-02
1.085183999999999975e-02
9.068309999999999566e-03
9.228639999999999760e-03
1.216744999999999979e-02
1.154871000000000023e-02
1.110455999999999943e-02
1.406279000000000036e-02
1.420958999999999937e-02
1.962347999999999870e-02
1.490071999999999924e-02
1.383968999999999998e-02
1.208808999999999925e-02
1.164993999999999925e-02
8.672720000000000082e-03
1.012271999999999998e-02
9.432019999999999293e-03
7.627379999999999577e-03
