7.674359999999999862e-03
9.963700000000000681e-03
1.229791000000000044e-02
1.160179000000000071e-02
1.437103999999999986e-02
1.610324000000000130e-02
1.424064000000000059e-02
1.056416999999999946e-02
9.799910000000000218e-03
8.430319999999999828e-03
1.014517000000000023e-02
1.361804999999999960e-02
2.370076000000000127e-02
3.170436000000000087e-02
3.396740000000000176e-02
3.703308000000000294e-02
4.118493000000000154e-02
2.899105000000000085e-02
2.674442999999999959e-02
1.448926000000000033e-02
1.061938999999999939e-02
8.502869999999999179e-03
8.550109999999999655e-03
9.223040000000000058e-03
9.978330000000000533e-03
1.020646000000000053e-02
1.208384000000000021e-02
1.326411000000000083e-02
1.267997000000000048e-02
1.301285999999999936e-02
1.068555000000000026e-02
9.890660000000000771e-03
9.246259999999999202e-03
8.816440000000000041e-03
1.004787000000000041e-02
1.051216999999999950e-02
1.028813999999999944e-02
8.690039999999999570e-03
8.335260000000000585e-03
9.924459999999999532e-03
9.701039999999999316e-03
9.053159999999999333e-03
8.409259999999999999e-03
8.568080000000000487e-03
8.607599999999999973e-03
8.414629999999999332e-03
9.478089999999999779e-03
1.050335999999999978e-02
9.138399999999999648e-03
1.023852999999999916e-02
1.141002999999999983e-02
8.349199999999999330e-03
8.121780000000000319e-03
9.478530000000000635e-03
9.730410000000000101e-03
9.787090000000000026e-03
9.074280000000000540e-03
8.379219999999999724e-03
8.361870000000000414e-03
8.690969999999999251e-03
9.538190000000000210e-03
9.017749999999999724e-03
9.407940000000000053e-03
7.819980000000000681e-03
