7.187920000000000420e-03
8.205089999999999953e-03
9.381169999999999440e-03
9.902660000000000629e-03
1.011490999999999953e-02
1.012448999999999988e-02
8.548689999999999414e-03
8.574429999999999205e-03
8.995039999999999286e-03
8.513160000000000519e-03
8.163890000000000036e-03
8.937540000000000762e-03
8.537660000000000735e-03
8.619599999999999831e-03
8.629980000000000637e-03
9.019889999999999158e-03
8.534589999999999885e-03
9.035180000000000294e-03
9.389430000000000692e-03
1.233758000000000077e-02
1.334048000000000005e-02
1.168708000000000073e-02
1.023864000000000024e-02
8.425880000000000175e-03
1.053478000000000053e-02
8.433480000000000143e-03
9.727380000000000748e-03
1.007342999999999954e-02
1.101953999999999954e-02
1.069422000000000081e-02
1.298186999999999952e-02
1.246321000000000061e-02
1.338504000000000083e-02
9.009249999999999897e-03
8.873670000000000169e-03
1.099871000000000008e-02
1.447880999999999994e-02
2.079788999999999943e-02
3.021224999999999952e-02
2.735999999999999890e-02
2.356509000000000034e-02
2.263715999999999992e-02
1.273847999999999994e-02
1.277777000000000079e-02
1.172235999999999938e-02
1.087170999999999971e-02
1.388791999999999978e-02
1.395059000000000056e-02
1.147150000000000079e-02
1.374718999999999941e-02
9.913140000000000840e-03
8.864359999999999948e-03
1.569268999999999872e-02
1.777058999999999930e-02
1.406549999999999988e-02
8.917039999999999342e-03
9.762569999999999928e-03
8.867470000000000560e-03
9.055840000000000764e-03
1.006572000000000022e-02
8.966500000000000511e-03
1.108154000000000083e-02
1.070121999999999914e-02
7.777570000000000143e-03
