9.852329999999999421e-03
1.499040999999999915e-02
1.637544000000000152e-02
1.697314999999999935e-02
1.530638999999999958e-02
1.389898000000000002e-02
1.207935000000000085e-02
9.657050000000000356e-03
8.595179999999999140e-03
8.224159999999999457e-03
8.578529999999999142e-03
8.581470000000000764e-03
8.906209999999999474e-03
1.023311000000000012e-02
9.892359999999999348e-03
1.062979000000000007e-02
9.272139999999999896e-03
9.702449999999999616e-03
9.267779999999999768e-03
8.575789999999999802e-03
8.645119999999999194e-03
8.425480000000000816e-03
8.441799999999999304e-03
8.287430000000000144e-03
8.427739999999999537e-03
8.693869999999999376e-03
8.352069999999999633e-03
8.286399999999999322e-03
8.263819999999999846e-03
8.190499999999999864e-03
8.140619999999999454e-03
8.013609999999999137e-03
8.328040000000000095e-03
8.223190000000000013e-03
8.381859999999999658e-03
8.423099999999999338e-03
8.483920000000000697e-03
8.387900000000000217e-03
8.513180000000000400e-03
8.536659999999999734e-03
8.217300000000000298e-03
8.455980000000000094e-03
8.666429999999999273e-03
8.516809999999999659e-03
8.528489999999999682e-03
8.100879999999999539e-03
8.211770000000000180e-03
8.531649999999999998e-03
8.390329999999999663e-03
8.286840000000000178e-03
8.248369999999999660e-03
8.201869999999999994e-03
8.406439999999999399e-03
8.378659999999999580e-03
8.641470000000000054e-03
8.582040000000000848e-03
8.389399999999999982e-03
8.297880000000000533e-03
8.348509999999999959e-03
8.365680000000000338e-03
8.352439999999999171e-03
8.193699999999999942e-03
8.205630000000000215e-03
7.413010000000000259e-03
