7.560869999999999917e-03
8.539990000000000775e-03
9.306059999999999680e-03
9.386919999999999986e-03
9.890430000000000402e-03
9.857049999999999146e-03
8.809690000000000229e-03
8.299300000000000774e-03
8.244299999999999545e-03
8.029269999999999810e-03
8.636279999999999651e-03
8.899850000000000816e-03
9.366340000000000776e-03
8.395089999999999150e-03
8.238519999999999177e-03
8.301019999999999233e-03
8.987300000000000150e-03
9.077139999999999168e-03
9.262070000000000719e-03
9.100189999999999321e-03
9.688479999999999315e-03
1.168373999999999975e-02
1.080045999999999957e-02
1.080817000000000062e-02
8.994959999999999761e-03
9.629860000000000503e-03
1.040533000000000083e-02
1.091249000000000038e-02
9.717009999999999884e-03
9.958210000000000325e-03
1.006419000000000064e-02
1.253879999999999925e-02
1.459995000000000043e-02
1.090012999999999919e-02
1.277699000000000022e-02
9.816160000000000857e-03
9.909740000000000215e-03
1.441266000000000075e-02
2.955028999999999989e-02
4.122085000000000332e-02
4.253360999999999947e-02
4.285391999999999674e-02
3.268862000000000156e-02
2.591583000000000081e-02
2.358133000000000104e-02
2.145566000000000140e-02
1.261436999999999975e-02
1.017932000000000038e-02
1.087479000000000050e-02
9.122250000000000150e-03
1.080535000000000002e-02
1.070673999999999931e-02
1.152759000000000075e-02
1.338825000000000084e-02
2.295016999999999890e-02
1.822284000000000057e-02
1.650290999999999911e-02
1.573499000000000078e-02
1.318699000000000086e-02
1.020843999999999918e-02
8.492629999999999277e-03
9.896159999999999332e-03
1.147071000000000028e-02
8.465590000000000268e-03
