1.765987000000000112e-02
2.763569999999999915e-02
2.202793000000000112e-02
3.335826000000000069e-02
1.774150999999999853e-02
1.404857999999999975e-02
1.403432999999999937e-02
1.741134000000000084e-02
1.948478999999999836e-02
2.413032999999999845e-02
3.701179000000000274e-02
2.271820999999999910e-02
4.246964000000000294e-02
5.440016000000000296e-02
7.908091999999999899e-02
5.169603999999999866e-02
2.302070999999999978e-02
1.687790000000000123e-02
2.827504999999999949e-02
3.284038999999999708e-02
3.104178000000000145e-02
4.050689999999999846e-02
6.486145999999999578e-02
8.916590000000000626e-02
8.940689000000000275e-02
9.482321000000000499e-02
9.355012999999999523e-02
6.700299999999999312e-02
3.335795999999999900e-02
1.042417600000000028e-01
2.016983599999999932e-01
3.605105900000000196e-01
5.060316299999999545e-01
5.000834499999999849e-01
4.245798599999999756e-01
3.968363699999999938e-01
2.919217599999999746e-01
1.215068100000000068e-01
6.222587000000000257e-02
2.173802000000000026e-02
2.144363999999999992e-02
3.204512000000000332e-02
8.090010999999999730e-02
6.834724000000000355e-02
1.119903299999999990e-01
9.385429000000000688e-02
1.369898599999999911e-01
1.005785899999999955e-01
6.125971000000000194e-02
1.777793999999999902e-02
1.359533999999999916e-02
2.028639999999999957e-02
2.380691999999999878e-02
2.527451000000000003e-02
4.400152000000000230e-02
4.128996000000000055e-02
3.384022999999999892e-02
4.401362000000000330e-02
3.367499999999999660e-02
3.265139999999999709e-02
1.979708999999999983e-02
1.934067000000000078e-02
1.894716000000000108e-02
1.765904000000000085e-02
