7.565439999999999665e-03
8.448260000000000838e-03
8.386390000000000511e-03
8.818440000000000306e-03
8.750819999999999432e-03
8.617690000000000766e-03
8.392300000000000107e-03
7.950489999999999294e-03
8.286889999999999881e-03
8.309930000000000094e-03
9.039439999999999281e-03
9.555340000000000708e-03
8.811259999999999579e-03
9.508310000000000720e-03
8.464040000000000799e-03
9.516999999999999418e-03
9.080440000000000386e-03
7.983320000000000347e-03
8.459470000000000184e-03
8.407410000000000577e-03
8.610770000000000229e-03
8.845119999999999719e-03
9.055969999999999992e-03
8.322480000000000155e-03
8.895480000000000748e-03
9.664570000000000799e-03
9.944089999999999180e-03
1.074344999999999987e-02
9.099770000000000081e-03
9.384009999999999921e-03
8.686249999999999527e-03
9.127609999999999543e-03
9.282059999999999964e-03
9.579429999999999890e-03
9.433709999999999665e-03
9.882530000000000481e-03
9.082319999999999630e-03
9.085080000000000586e-03
8.497440000000000201e-03
8.541289999999999993e-03
1.095847999999999961e-02
1.167541000000000065e-02
1.037880000000000053e-02
1.389842999999999981e-02
1.711779000000000078e-02
2.150844999999999840e-02
2.273379999999999845e-02
2.604423999999999975e-02
2.465499999999999983e-02
1.736524999999999874e-02
1.249193999999999999e-02
1.062248000000000012e-02
8.347040000000000015e-03
8.989479999999999346e-03
9.583160000000000289e-03
8.908930000000000668e-03
8.596869999999999512e-03
9.920369999999999536e-03
9.842899999999999913e-03
1.078002999999999947e-02
1.074718000000000027e-02
9.336099999999999954e-03
9.227430000000000007e-03
7.348740000000000307e-03
