1.454321000000000086e-02
2.740797999999999845e-02
3.159624999999999934e-02
4.588435999999999904e-02
4.557726000000000138e-02
3.316608000000000056e-02
2.269215999999999941e-02
1.355431999999999991e-02
1.377201999999999940e-02
1.866641000000000133e-02
1.662465000000000123e-02
1.535148000000000068e-02
2.265152000000000138e-02
3.080344999999999958e-02
5.953665000000000346e-02
6.422932000000000641e-02
6.450237999999999805e-02
4.905554000000000164e-02
2.852297000000000166e-02
1.309554999999999921e-02
2.608187000000000005e-02
8.234818000000000693e-02
1.249357499999999982e-01
1.385446800000000034e-01
1.640657000000000088e-01
1.802207399999999904e-01
1.493508100000000005e-01
1.293174599999999952e-01
9.110638999999999543e-02
4.044948999999999767e-02
1.911795000000000161e-02
1.268793999999999998e-02
1.745692999999999898e-02
3.038097000000000020e-02
4.756422999999999901e-02
5.030790000000000262e-02
6.263647999999999438e-02
8.054896000000000278e-02
8.592196000000000555e-02
2.830620999999999832e-02
1.820315999999999948e-02
1.736667999999999892e-02
1.488272000000000032e-02
1.764995000000000105e-02
2.282659000000000077e-02
2.929616000000000164e-02
1.424979000000000003e-02
2.313708999999999905e-02
1.633151999999999868e-02
1.772427000000000030e-02
1.542961999999999979e-02
1.226422999999999923e-02
1.060602000000000072e-02
1.538043000000000049e-02
1.604457000000000105e-02
1.894150000000000000e-02
1.310214999999999991e-02
1.772966999999999946e-02
3.787929999999999769e-02
2.928228999999999901e-02
2.502472000000000030e-02
1.717455000000000023e-02
1.490627999999999918e-02
1.161857999999999988e-02
