8.912959999999999286e-03
1.405355999999999966e-02
1.018367000000000057e-02
1.345468000000000011e-02
1.394137999999999974e-02
1.168643999999999933e-02
9.490500000000000672e-03
8.372219999999999662e-03
1.053453000000000028e-02
1.291756999999999975e-02
1.591754999999999906e-02
2.032157999999999881e-02
1.554661000000000064e-02
1.234301999999999969e-02
1.201942999999999935e-02
1.239006999999999956e-02
1.265263999999999972e-02
1.434115000000000043e-02
1.983406000000000058e-02
2.055763000000000035e-02
1.960904999999999940e-02
2.774068000000000020e-02
2.742253000000000052e-02
1.603815999999999922e-02
1.418630000000000065e-02
1.589300999999999908e-02
1.702332999999999971e-02
1.487669999999999965e-02
2.063351000000000074e-02
1.793722999999999845e-02
1.167766999999999937e-02
1.007879000000000067e-02
1.433179000000000050e-02
1.604434000000000068e-02
1.472181000000000010e-02
1.762651000000000148e-02
2.218086000000000016e-02
3.327747000000000344e-02
3.007342000000000001e-02
2.665429999999999883e-02
2.070670000000000149e-02
1.281461000000000058e-02
1.368273000000000059e-02
2.277362000000000136e-02
3.592010999999999815e-02
3.902165999999999968e-02
4.281386999999999693e-02
4.042213000000000056e-02
3.889118999999999909e-02
4.724516000000000132e-02
5.011961000000000194e-02
4.295749000000000095e-02
2.323068000000000008e-02
1.866158999999999873e-02
2.549059999999999868e-02
3.981438000000000338e-02
7.638622999999999941e-02
1.196025700000000053e-01
1.548729399999999867e-01
1.873056899999999969e-01
2.112959899999999891e-01
2.359089299999999889e-01
1.601353600000000044e-01
1.288487999999999960e-02
