2.489664000000000113e-02
5.144148999999999944e-02
6.808815999999999480e-02
7.319251000000000229e-02
6.616025000000000378e-02
6.536754999999999649e-02
5.016753999999999658e-02
2.890708000000000166e-02
1.912047999999999873e-02
1.490990000000000024e-02
1.440907999999999946e-02
9.898109999999999895e-03
1.017108000000000075e-02
1.304980000000000029e-02
1.361699000000000069e-02
2.000611000000000056e-02
1.725511000000000059e-02
2.524165999999999910e-02
1.964045999999999847e-02
1.477547000000000062e-02
1.325910999999999930e-02
1.014490000000000010e-02
8.926460000000000644e-03
9.515420000000000128e-03
1.049610999999999947e-02
1.262778999999999985e-02
9.263169999999999391e-03
8.784649999999999750e-03
8.701580000000000426e-03
1.116663000000000031e-02
9.883779999999999996e-03
9.957300000000000526e-03
9.303189999999999377e-03
8.907349999999999643e-03
9.276569999999999608e-03
8.764269999999999353e-03
9.058359999999999676e-03
9.202339999999999826e-03
1.005827999999999930e-02
9.907239999999999450e-03
8.471760000000000054e-03
9.485969999999999819e-03
1.097039000000000000e-02
1.233658999999999971e-02
1.234028000000000035e-02
9.829009999999999136e-03
9.000779999999999892e-03
9.113670000000000798e-03
9.312849999999999254e-03
9.738429999999999309e-03
9.316670000000000854e-03
8.558210000000000123e-03
8.349089999999999984e-03
8.777329999999999854e-03
9.538090000000000804e-03
1.006922000000000025e-02
9.581179999999999905e-03
1.053484000000000018e-02
1.065546000000000028e-02
9.333370000000000555e-03
9.169280000000000139e-03
9.896949999999999845e-03
9.018089999999999440e-03
9.134220000000000186e-03
