8.904799999999999174e-03
1.231287000000000006e-02
1.406731999999999948e-02
1.347393000000000028e-02
1.601866999999999874e-02
1.697142000000000095e-02
1.778263999999999886e-02
2.160435000000000133e-02
2.468706999999999846e-02
2.031673000000000159e-02
1.288864999999999976e-02
1.171648999999999954e-02
9.432080000000000672e-03
1.019277000000000030e-02
1.487281000000000020e-02
1.786814000000000111e-02
2.029101000000000168e-02
1.436688000000000028e-02
2.573939999999999909e-02
3.990363999999999717e-02
3.791690000000000338e-02
1.946542000000000064e-02
1.376954000000000025e-02
1.162696000000000042e-02
2.026566999999999952e-02
6.184205000000000257e-02
9.674942000000000264e-02
1.123606500000000064e-01
1.438752100000000034e-01
1.029656000000000043e-01
8.213644999999999974e-02
5.357031000000000293e-02
4.809712000000000015e-02
1.784043000000000087e-02
1.057876999999999949e-02
1.182711999999999999e-02
1.451131999999999943e-02
3.615535999999999750e-02
2.741181000000000173e-02
3.293403999999999776e-02
3.004760999999999890e-02
2.873227000000000073e-02
1.720160000000000092e-02
1.297793000000000037e-02
9.634900000000000062e-03
9.857539999999999705e-03
1.177502000000000063e-02
1.314100999999999984e-02
9.854989999999999237e-03
1.104448000000000062e-02
1.439532999999999958e-02
1.053736000000000082e-02
1.030098999999999945e-02
1.206758999999999957e-02
1.046956999999999922e-02
9.331729999999999886e-03
8.827269999999999908e-03
9.455780000000000435e-03
9.322300000000000378e-03
1.003893999999999967e-02
9.264700000000000712e-03
1.000235000000000013e-02
1.161622999999999996e-02
8.472949999999999926e-03
