7.777619999999999846e-03
8.664480000000000445e-03
8.676019999999999566e-03
9.094039999999999416e-03
9.148569999999999966e-03
1.146305000000000067e-02
1.292325000000000071e-02
1.124221000000000074e-02
1.116066999999999927e-02
8.675149999999999528e-03
8.953239999999999463e-03
9.620669999999999569e-03
1.057191000000000033e-02
1.047967999999999990e-02
9.647209999999999813e-03
9.301910000000000039e-03
9.388900000000000370e-03
9.855050000000000615e-03
1.156740000000000025e-02
1.180329999999999921e-02
1.067930999999999915e-02
8.785720000000000335e-03
1.006414999999999914e-02
1.105994000000000074e-02
1.030874000000000026e-02
1.137004999999999960e-02
9.377140000000000822e-03
1.156180000000000055e-02
1.086600000000000066e-02
9.595509999999999803e-03
9.520229999999999318e-03
9.157280000000000281e-03
9.158529999999999796e-03
1.168771000000000046e-02
1.340311999999999927e-02
1.351334000000000042e-02
9.105359999999999843e-03
9.583339999999999220e-03
1.160014000000000010e-02
1.193490999999999996e-02
1.044243000000000081e-02
9.803030000000000771e-03
1.243858999999999937e-02
1.860004999999999992e-02
2.159753999999999841e-02
1.737607999999999861e-02
1.465826999999999929e-02
1.416750999999999948e-02
1.047100999999999935e-02
1.581124000000000071e-02
2.332261999999999877e-02
2.913647000000000112e-02
4.037311999999999845e-02
5.337961000000000095e-02
6.112961000000000089e-02
5.355630000000000113e-02
4.828579999999999678e-02
4.188920000000000143e-02
3.385247999999999730e-02
2.600867000000000109e-02
1.580540000000000070e-02
1.207686000000000003e-02
8.774900000000000408e-03
8.696010000000000545e-03
