9.502009999999999970e-03
2.988419000000000145e-02
1.880828000000000014e-02
1.360927999999999964e-02
1.045135999999999982e-02
9.714000000000000412e-03
1.000223000000000084e-02
1.079873999999999938e-02
8.990269999999999859e-03
9.442300000000000693e-03
1.107258000000000027e-02
1.296743000000000028e-02
1.429091000000000042e-02
1.606290999999999969e-02
2.234136999999999929e-02
1.481380000000000023e-02
1.261148999999999951e-02
9.628430000000000322e-03
9.105069999999999830e-03
8.970779999999999380e-03
9.944329999999999489e-03
9.711779999999999718e-03
9.411310000000000855e-03
8.669589999999999588e-03
8.404359999999999609e-03
8.687020000000000158e-03
8.929380000000000650e-03
9.019100000000000381e-03
8.829329999999999817e-03
8.642570000000000460e-03
8.373139999999999403e-03
8.439139999999999489e-03
8.700430000000000316e-03
8.719440000000000177e-03
8.739210000000000728e-03
8.933719999999999162e-03
8.638639999999999514e-03
8.295010000000000230e-03
8.772099999999999689e-03
9.049410000000000787e-03
8.985780000000000503e-03
8.295359999999999887e-03
8.404790000000000524e-03
8.138430000000000317e-03
8.945879999999999804e-03
9.853880000000000625e-03
9.096669999999999409e-03
8.935399999999999593e-03
8.265669999999999268e-03
8.565889999999999616e-03
8.636039999999999342e-03
8.558849999999999791e-03
9.656200000000000200e-03
9.063490000000000435e-03
8.309280000000000485e-03
8.935999999999999499e-03
9.125029999999999253e-03
9.811379999999999754e-03
9.044869999999999993e-03
8.473949999999999191e-03
8.620519999999999572e-03
8.692029999999999895e-03
8.952790000000000400e-03
7.728709999999999747e-03
