8.128259999999999999e-03
5.514994000000000146e-02
1.180068900000000032e-01
4.410470699999999855e-01
5.992406000000000121e-01
7.184266999999999737e-01
7.850332300000000263e-01
7.786148800000000092e-01
7.667753099999999877e-01
7.579117399999999449e-01
6.788095800000000235e-01
5.051111600000000035e-01
3.137030599999999780e-01
1.738640399999999975e-01
4.975725999999999760e-02
3.286731999999999848e-02
3.883678000000000130e-02
9.456963999999999648e-02
1.366086300000000087e-01
1.773515300000000072e-01
2.913436600000000043e-01
2.682916200000000084e-01
1.871980699999999942e-01
1.076344699999999960e-01
8.539641000000000592e-02
6.475011999999999435e-02
7.778617999999999644e-02
6.553902999999999812e-02
8.067767000000000688e-02
7.456303999999999710e-02
2.881722000000000103e-02
3.395283000000000329e-02
3.329088000000000186e-02
2.477388000000000159e-02
2.319709999999999828e-02
3.479912999999999756e-02
4.540601999999999833e-02
4.165653999999999885e-02
3.297185999999999867e-02
3.087416000000000119e-02
3.251882999999999857e-02
4.605436999999999725e-02
5.850298999999999777e-02
3.911757999999999902e-02
2.839886999999999967e-02
6.134292000000000217e-02
6.018570000000000170e-02
4.696046999999999721e-02
4.278081999999999718e-02
3.366316999999999920e-02
2.118180000000000063e-02
2.628238000000000102e-02
4.598113000000000200e-02
6.764971000000000179e-02
6.421525999999999623e-02
3.402140000000000025e-02
3.734843000000000190e-02
4.923071999999999865e-02
4.545557000000000070e-02
2.989247000000000085e-02
4.748169000000000001e-02
2.055842999999999907e-02
4.640012999999999777e-02
3.024581000000000144e-02
