2.379451999999999956e-02
3.687026999999999666e-02
3.035977999999999941e-02
3.247541000000000316e-02
2.664108999999999922e-02
1.906574000000000116e-02
1.384151999999999952e-02
1.411648000000000069e-02
2.652708999999999970e-02
3.894883999999999846e-02
4.052773999999999960e-02
2.783655000000000157e-02
1.756279000000000173e-02
1.582153999999999852e-02
2.362865999999999925e-02
1.592442000000000163e-02
3.109133000000000036e-02
3.235848999999999670e-02
2.514432000000000125e-02
1.363453000000000061e-02
1.453629000000000032e-02
3.789511999999999742e-02
2.599332000000000031e-02
1.785789000000000126e-02
2.623730999999999980e-02
2.204798999999999995e-02
2.803556000000000104e-02
3.103846000000000036e-02
4.544066000000000077e-02
4.686387000000000191e-02
6.643828999999999707e-02
4.670876000000000194e-02
4.839208999999999872e-02
2.820123000000000074e-02
2.913305000000000061e-02
2.308883000000000116e-02
5.369111000000000022e-02
7.048134999999999817e-02
5.609221000000000346e-02
3.651626000000000177e-02
5.271428000000000225e-02
7.684014000000000122e-02
7.514068000000000136e-02
7.261636999999999953e-02
5.125767999999999991e-02
2.844632999999999884e-02
7.603045999999999416e-02
1.373616500000000018e-01
2.777979099999999812e-01
3.701141199999999909e-01
4.430164100000000271e-01
4.349122599999999950e-01
4.116464899999999760e-01
3.632305299999999959e-01
2.768257000000000079e-01
1.503746400000000039e-01
5.959976000000000163e-02
4.173223000000000210e-02
2.125845000000000165e-02
1.555747000000000033e-02
1.536003000000000021e-02
2.315568000000000140e-02
3.146791000000000171e-02
2.108219999999999886e-02
