8.004590000000000663e-03
8.408479999999999427e-03
8.180039999999999534e-03
8.487949999999999315e-03
8.298049999999999524e-03
8.996789999999999302e-03
8.326300000000000021e-03
8.359580000000000136e-03
8.608799999999999786e-03
8.656850000000000656e-03
8.446699999999999695e-03
8.295030000000000112e-03
8.681130000000000443e-03
8.475899999999999754e-03
8.521330000000000571e-03
8.350299999999999737e-03
8.516370000000000537e-03
8.542710000000000234e-03
8.363429999999999823e-03
8.552680000000000005e-03
8.364699999999999219e-03
8.112080000000000679e-03
8.245789999999999370e-03
8.696809999999999263e-03
9.016859999999999806e-03
8.818470000000000128e-03
1.025376000000000065e-02
9.907660000000000425e-03
1.058470000000000071e-02
9.503390000000000448e-03
9.334010000000000223e-03
9.078229999999999633e-03
8.546559999999999921e-03
9.767059999999999284e-03
1.140573999999999928e-02
1.350581000000000004e-02
1.156504000000000039e-02
1.083513000000000011e-02
9.542000000000000134e-03
8.726090000000000582e-03
9.291429999999999828e-03
1.017792999999999996e-02
1.178797999999999999e-02
1.158484000000000076e-02
8.553460000000000577e-03
9.209709999999999425e-03
1.229704000000000040e-02
1.138384999999999918e-02
9.611559999999999895e-03
9.531390000000000695e-03
9.656680000000000819e-03
1.068959000000000055e-02
9.136949999999999586e-03
1.244852999999999932e-02
9.483129999999999338e-03
9.012040000000000675e-03
9.147300000000000569e-03
9.419069999999999873e-03
8.512880000000000447e-03
8.844430000000000347e-03
9.002009999999999526e-03
9.697580000000000783e-03
8.651620000000000490e-03
7.467449999999999609e-03
