1.179265999999999995e-02
1.706801000000000151e-02
1.417667000000000059e-02
1.192028000000000011e-02
1.002689000000000011e-02
9.451350000000000723e-03
8.733730000000000313e-03
9.472919999999999258e-03
1.108797000000000081e-02
1.010264999999999948e-02
9.909740000000000215e-03
1.176706999999999927e-02
1.263164999999999948e-02
1.371938999999999971e-02
1.489125999999999991e-02
1.107215999999999929e-02
9.501239999999999339e-03
8.479969999999999869e-03
8.697889999999999788e-03
9.065339999999999857e-03
9.298860000000000806e-03
9.109340000000000492e-03
9.018979999999999358e-03
8.462070000000000355e-03
8.462090000000000237e-03
8.638339999999999561e-03
8.889239999999999642e-03
9.503910000000000829e-03
8.822109999999999327e-03
8.601690000000000377e-03
8.286319999999999797e-03
8.524999999999999592e-03
8.914319999999999883e-03
9.153980000000000797e-03
8.950760000000000313e-03
9.114979999999999957e-03
8.546180000000000443e-03
8.674940000000000775e-03
9.007150000000000226e-03
9.472939999999999139e-03
9.512939999999999244e-03
8.920549999999999313e-03
8.506639999999999341e-03
8.533390000000000072e-03
8.803989999999999386e-03
9.700290000000000301e-03
9.765160000000000159e-03
9.565479999999999469e-03
8.661810000000000689e-03
8.963439999999999602e-03
8.960330000000000725e-03
9.322989999999999750e-03
9.358719999999999192e-03
9.632349999999999593e-03
9.120549999999999838e-03
9.320729999999999293e-03
9.282590000000000285e-03
9.117880000000000082e-03
8.889630000000000795e-03
8.629960000000000755e-03
8.890669999999999823e-03
8.842090000000000366e-03
9.049130000000000715e-03
7.650930000000000231e-03
