8.048949999999999161e-03
1.025848000000000038e-02
1.015580999999999949e-02
9.704030000000000641e-03
9.752439999999999373e-03
9.421330000000000329e-03
8.794939999999999355e-03
8.586150000000000726e-03
8.639900000000000704e-03
8.723730000000000720e-03
8.252709999999999907e-03
8.388100000000000764e-03
8.557580000000000395e-03
9.719739999999999283e-03
1.071632999999999961e-02
1.032648000000000073e-02
1.065045000000000054e-02
1.096653000000000037e-02
8.751649999999999707e-03
8.939980000000000149e-03
8.740929999999999186e-03
9.072190000000000809e-03
1.352250999999999974e-02
1.168590000000000080e-02
1.601177000000000156e-02
1.757175000000000056e-02
1.509208000000000077e-02
1.675975999999999855e-02
1.146768999999999913e-02
1.058420000000000021e-02
9.439329999999999249e-03
8.934829999999999509e-03
8.397730000000000819e-03
9.332599999999999923e-03
1.160741000000000030e-02
1.230328999999999971e-02
1.239401000000000044e-02
1.417135999999999917e-02
1.160804000000000002e-02
1.069820999999999966e-02
8.815190000000000525e-03
9.355560000000000612e-03
9.991939999999999503e-03
9.614779999999999854e-03
9.236380000000000631e-03
1.087163000000000018e-02
9.295680000000000609e-03
9.163819999999999605e-03
9.414010000000000433e-03
8.853259999999999949e-03
8.652240000000000278e-03
8.826379999999999990e-03
8.570400000000000587e-03
8.692170000000000799e-03
9.052120000000000305e-03
8.508460000000000675e-03
8.694240000000000648e-03
8.487710000000000740e-03
1.032273000000000045e-02
9.868069999999999620e-03
1.013927000000000057e-02
8.702249999999999916e-03
8.947959999999999595e-03
7.426630000000000037e-03
