9.316430000000000544e-03
1.205927000000000041e-02
8.710570000000000812e-03
8.979700000000000182e-03
8.526209999999999345e-03
9.116259999999999294e-03
9.388449999999999573e-03
9.380190000000000056e-03
9.518280000000000490e-03
9.592629999999999560e-03
9.478000000000000314e-03
1.137996999999999967e-02
1.345197000000000059e-02
1.430534999999999966e-02
1.533939999999999956e-02
1.162530999999999981e-02
8.802569999999999145e-03
9.037569999999999978e-03
1.132433000000000051e-02
1.109237000000000070e-02
1.052145999999999984e-02
1.076081000000000086e-02
1.642750999999999933e-02
2.258376000000000133e-02
1.599936999999999887e-02
1.413294000000000009e-02
1.092231999999999925e-02
1.326714000000000018e-02
2.391195000000000126e-02
3.813844999999999735e-02
5.103507000000000182e-02
6.572084999999999733e-02
6.276848999999999623e-02
7.940226999999999702e-02
4.656708999999999848e-02
3.325236000000000164e-02
2.886282999999999904e-02
1.527414000000000029e-02
1.009111000000000036e-02
1.029117000000000053e-02
1.403265000000000068e-02
1.611094000000000068e-02
2.318879000000000079e-02
2.616759999999999919e-02
3.334634000000000209e-02
2.543112000000000150e-02
2.583478999999999984e-02
1.787427000000000113e-02
1.500487000000000001e-02
1.292125000000000044e-02
1.062525999999999922e-02
1.595065000000000024e-02
9.526069999999999330e-03
1.319075999999999929e-02
1.391576999999999918e-02
1.608371999999999927e-02
1.481772999999999944e-02
1.368181000000000085e-02
1.101029000000000070e-02
1.120489000000000034e-02
1.229777999999999948e-02
9.193180000000000449e-03
1.218545000000000045e-02
8.985929999999999612e-03
