7.439689999999999671e-03
8.824089999999999712e-03
8.183980000000000421e-03
8.579929999999999501e-03
8.083450000000000704e-03
8.384990000000000152e-03
8.995950000000000821e-03
8.892789999999999376e-03
8.632280000000000855e-03
8.709949999999999290e-03
8.884619999999999324e-03
9.050439999999999874e-03
9.866839999999999986e-03
9.831490000000000021e-03
9.590309999999999460e-03
8.788270000000000803e-03
8.288669999999999718e-03
8.538950000000000012e-03
9.407580000000000456e-03
9.157429999999999390e-03
1.089258000000000066e-02
9.734140000000000501e-03
1.224744000000000006e-02
1.195725000000000086e-02
1.191762000000000030e-02
1.095332000000000076e-02
9.838100000000000664e-03
1.044576000000000011e-02
1.423568000000000056e-02
1.888961000000000112e-02
2.815416000000000099e-02
3.410016999999999909e-02
3.661404000000000047e-02
3.767242999999999981e-02
2.112535999999999928e-02
1.987925000000000109e-02
1.958526999999999837e-02
1.006676999999999919e-02
9.201130000000000073e-03
9.145489999999999176e-03
1.185789999999999934e-02
1.354058999999999992e-02
1.267186000000000007e-02
1.492261999999999929e-02
1.668004999999999835e-02
1.579834000000000099e-02
8.920910000000000645e-03
1.208048999999999928e-02
9.473169999999999508e-03
1.031021000000000021e-02
1.037800000000000007e-02
9.053240000000000592e-03
1.038124999999999985e-02
1.034043999999999935e-02
1.078749000000000027e-02
1.048599000000000059e-02
8.370709999999999956e-03
8.831749999999999323e-03
8.354040000000000077e-03
9.335750000000000298e-03
1.150994999999999970e-02
8.797829999999999540e-03
8.444560000000000261e-03
7.825590000000000324e-03
