3.010546999999999876e-02
4.672211999999999893e-02
2.362411000000000025e-02
3.506826999999999861e-02
6.285142999999999980e-02
1.159736100000000047e-01
2.597523299999999757e-01
3.540986500000000148e-01
4.280159499999999784e-01
4.697111199999999820e-01
4.868657900000000205e-01
4.056728199999999895e-01
3.204418099999999936e-01
1.864831100000000075e-01
7.599485000000000268e-02
4.049807999999999880e-02
3.295321999999999835e-02
1.705771000000000023e-02
2.217146999999999868e-02
4.077435000000000087e-02
6.138302000000000341e-02
7.584295000000000619e-02
9.780205000000000148e-02
9.830917000000000128e-02
1.078844999999999943e-01
8.127769999999999440e-02
4.145944000000000018e-02
2.095119000000000148e-02
3.007403999999999980e-02
3.120602999999999919e-02
2.492704999999999921e-02
2.294614999999999849e-02
1.703715000000000090e-02
1.914276999999999992e-02
2.635178000000000173e-02
2.111773000000000122e-02
2.749450000000000158e-02
3.307543999999999762e-02
2.464370000000000102e-02
1.403823000000000050e-02
1.239517000000000049e-02
2.033810999999999952e-02
2.686726000000000045e-02
3.618212999999999985e-02
2.343187000000000048e-02
1.502452999999999948e-02
1.381008000000000062e-02
1.445289999999999943e-02
2.942944000000000115e-02
4.247254000000000307e-02
3.605875000000000052e-02
2.599200999999999942e-02
1.340604999999999922e-02
9.575989999999999502e-03
2.428765999999999911e-02
4.258644000000000318e-02
3.147607999999999656e-02
1.378405000000000082e-02
1.324999999999999963e-02
1.303256000000000032e-02
1.264133999999999917e-02
2.683363000000000068e-02
3.598889999999999728e-02
1.588341000000000058e-02
