2.530974000000000071e-02
4.258025000000000004e-02
2.864177999999999863e-02
2.565920999999999827e-02
1.724548999999999874e-02
1.303651999999999936e-02
1.137080000000000035e-02
1.127827999999999990e-02
1.051789000000000023e-02
1.063271000000000008e-02
1.243653999999999940e-02
2.148873999999999923e-02
2.756043999999999855e-02
4.510945000000000232e-02
4.049558999999999798e-02
2.574939000000000047e-02
1.780525999999999984e-02
1.200618999999999992e-02
1.187408000000000040e-02
1.166971999999999975e-02
1.128544000000000075e-02
1.014786999999999981e-02
9.580740000000000783e-03
9.291310000000000541e-03
8.872480000000000297e-03
9.043000000000000690e-03
9.312459999999999835e-03
1.000751000000000071e-02
1.043404000000000033e-02
1.028860000000000018e-02
9.353320000000000037e-03
9.413080000000000752e-03
9.911289999999999684e-03
1.122436999999999914e-02
1.172032999999999929e-02
1.130723999999999965e-02
9.623440000000000466e-03
1.076504999999999997e-02
1.194025999999999942e-02
1.202674999999999925e-02
1.117817999999999937e-02
9.070220000000000365e-03
8.939320000000000599e-03
9.149769999999999778e-03
1.207755999999999934e-02
1.467156000000000016e-02
1.319066999999999983e-02
1.240790999999999943e-02
1.016296000000000040e-02
1.205097999999999933e-02
1.043367000000000079e-02
1.117348999999999946e-02
1.254727999999999920e-02
1.091334000000000054e-02
9.447719999999999729e-03
1.095654000000000072e-02
1.044670999999999968e-02
1.148489999999999928e-02
1.102078000000000085e-02
8.816209999999999672e-03
1.044108000000000015e-02
1.048150999999999944e-02
1.057222000000000023e-02
8.419960000000000638e-03
