9.210950000000000734e-03
1.751803999999999861e-02
2.089090000000000044e-02
1.970875000000000057e-02
2.771366999999999928e-02
3.629253999999999813e-02
3.293458999999999970e-02
2.355501000000000122e-02
1.872864999999999946e-02
9.607630000000000683e-03
1.233157999999999997e-02
3.329192000000000262e-02
5.633790000000000325e-02
8.092805000000000137e-02
1.017228399999999949e-01
1.218323300000000026e-01
1.247777699999999962e-01
9.055351000000000372e-02
6.352542999999999385e-02
3.958083999999999908e-02
2.510559000000000054e-02
1.506897999999999918e-02
1.142123999999999917e-02
1.060718000000000077e-02
1.296356000000000071e-02
1.593177999999999955e-02
2.521438000000000151e-02
3.278994999999999826e-02
3.176600000000000257e-02
3.463725000000000137e-02
3.854980000000000212e-02
1.891017000000000045e-02
1.692574999999999982e-02
1.521226000000000002e-02
1.506855000000000000e-02
1.566332000000000141e-02
1.657894999999999855e-02
9.809719999999999204e-03
9.451980000000000451e-03
1.085299999999999980e-02
1.316076000000000051e-02
9.381419999999999690e-03
9.022699999999999818e-03
9.790810000000000485e-03
8.612929999999999545e-03
8.743670000000000261e-03
1.018578000000000018e-02
1.267052999999999929e-02
1.321705999999999923e-02
1.406848999999999947e-02
1.411716000000000013e-02
9.970190000000000302e-03
8.951090000000000088e-03
1.042772999999999964e-02
1.112925000000000025e-02
1.264287000000000050e-02
1.296046000000000004e-02
1.008613000000000044e-02
9.301099999999999646e-03
1.023589999999999917e-02
1.035982000000000049e-02
9.428640000000000285e-03
1.068613000000000028e-02
8.718399999999999414e-03
