1.381980000000000014e-02
2.476973000000000022e-02
1.772386999999999921e-02
1.678537000000000085e-02
1.552975000000000015e-02
2.010231999999999991e-02
2.876888999999999835e-02
4.232592000000000299e-02
4.797583999999999876e-02
4.619770000000000126e-02
2.714277000000000009e-02
2.660449999999999968e-02
1.874891999999999878e-02
1.764531000000000086e-02
3.740212999999999871e-02
5.004386000000000251e-02
3.150017000000000095e-02
2.173475999999999880e-02
1.010332000000000070e-02
2.204626999999999976e-02
3.398799000000000264e-02
6.463961000000000012e-02
5.508890000000000314e-02
2.802754999999999830e-02
1.954786000000000024e-02
3.265853999999999979e-02
4.376188000000000300e-02
3.519715999999999817e-02
2.752827999999999872e-02
1.433282999999999953e-02
1.944863999999999968e-02
3.348509999999999681e-02
3.678073999999999927e-02
3.205389000000000155e-02
3.959607999999999878e-02
4.062576999999999855e-02
3.985352000000000339e-02
6.935341999999999896e-02
4.538096999999999964e-02
2.727026000000000103e-02
2.148517999999999956e-02
3.498752000000000112e-02
5.741907000000000261e-02
7.513443000000000205e-02
8.673814999999999997e-02
8.941380000000000161e-02
1.153177799999999947e-01
1.459683200000000125e-01
1.006914200000000037e-01
7.769620000000000692e-02
3.840224999999999889e-02
5.707501000000000241e-02
9.875604999999999800e-02
1.390909700000000082e-01
3.805889499999999814e-01
4.440450100000000178e-01
5.484509499999999926e-01
5.831866900000000076e-01
5.911653599999999731e-01
5.394759199999999977e-01
4.324846600000000207e-01
3.359386300000000158e-01
1.865759200000000062e-01
2.430625999999999967e-02
