1.122333000000000011e-02
2.585791000000000131e-02
1.876038999999999832e-02
1.407028999999999919e-02
1.116251000000000049e-02
1.036514000000000012e-02
1.001228000000000014e-02
9.727049999999999239e-03
1.016689999999999955e-02
9.606929999999999636e-03
1.012476999999999995e-02
1.197574000000000034e-02
1.445919000000000024e-02
1.951227000000000170e-02
2.341866999999999907e-02
1.582775999999999975e-02
1.146127000000000083e-02
9.305050000000000474e-03
9.056869999999999851e-03
9.209480000000000791e-03
9.620059999999999722e-03
9.154270000000000809e-03
8.775500000000000314e-03
7.988089999999999774e-03
8.073900000000000174e-03
8.683130000000000709e-03
8.820140000000000619e-03
8.854229999999999393e-03
8.638460000000000583e-03
8.514179999999999665e-03
8.282259999999999622e-03
8.164160000000000167e-03
8.089960000000000206e-03
8.442800000000000304e-03
8.730170000000000638e-03
9.096699999999999231e-03
8.443259999999999307e-03
8.203679999999999653e-03
8.486399999999999846e-03
9.318709999999999147e-03
9.626459999999999878e-03
8.497360000000000677e-03
8.276759999999999326e-03
8.417219999999999563e-03
8.924039999999999404e-03
1.055807999999999920e-02
1.009705999999999972e-02
9.809500000000000511e-03
8.839970000000000813e-03
9.004760000000000542e-03
8.530199999999999935e-03
8.811770000000000019e-03
9.692819999999999561e-03
9.627939999999999762e-03
8.568849999999999384e-03
8.227649999999999547e-03
8.380580000000000321e-03
8.329889999999999517e-03
8.262989999999999571e-03
8.000310000000000060e-03
7.833510000000000126e-03
8.079120000000000398e-03
8.148489999999999553e-03
7.432549999999999574e-03
