7.891429999999999625e-03
1.020200999999999920e-02
1.212749999999999939e-02
1.494177000000000005e-02
1.533960000000000011e-02
1.397779000000000035e-02
1.144120000000000033e-02
1.154929000000000025e-02
1.117940000000000079e-02
1.184230999999999999e-02
1.298469000000000012e-02
1.016518999999999930e-02
9.605620000000000477e-03
8.493260000000000740e-03
8.607230000000000436e-03
9.153210000000000165e-03
9.319900000000000753e-03
9.573480000000000531e-03
9.451090000000000532e-03
9.231829999999999897e-03
9.948419999999999486e-03
9.609770000000000117e-03
8.775899999999999673e-03
8.151469999999999203e-03
8.205419999999999728e-03
8.239569999999999880e-03
8.655740000000000309e-03
9.442419999999999980e-03
9.271180000000000393e-03
9.216969999999999677e-03
8.224189999999999279e-03
8.693390000000000492e-03
8.741860000000000602e-03
8.821209999999999468e-03
8.292199999999999571e-03
8.325640000000000471e-03
8.482740000000000766e-03
8.443690000000000223e-03
8.814509999999999360e-03
8.775039999999999576e-03
9.035520000000000010e-03
8.774020000000000430e-03
8.706439999999999318e-03
8.623379999999999934e-03
8.960600000000000856e-03
1.011155000000000040e-02
1.018690000000000047e-02
9.960689999999999475e-03
9.028500000000000067e-03
8.388800000000000076e-03
8.479910000000000225e-03
8.405750000000000027e-03
8.694669999999999829e-03
9.338429999999999995e-03
9.121600000000000541e-03
8.163180000000000783e-03
8.610929999999999279e-03
9.510549999999999560e-03
9.775209999999999455e-03
8.868300000000000835e-03
8.867039999999999644e-03
8.850210000000000715e-03
8.834969999999999282e-03
8.278789999999999413e-03
