1.933632000000000059e-02
3.211651000000000089e-02
3.555003999999999803e-02
3.467231999999999953e-02
3.056976999999999958e-02
3.307776999999999940e-02
2.908430999999999864e-02
1.855820999999999860e-02
1.283539000000000034e-02
9.795939999999999509e-03
9.409990000000000021e-03
8.858210000000000042e-03
9.200989999999999169e-03
1.349357999999999981e-02
1.564667999999999962e-02
1.665109999999999854e-02
1.449741000000000050e-02
1.719537999999999969e-02
1.489428999999999927e-02
1.095649999999999923e-02
9.671789999999999554e-03
8.635540000000000577e-03
8.362069999999999226e-03
8.575940000000000646e-03
9.189869999999999289e-03
9.262619999999999187e-03
8.647260000000000363e-03
8.580459999999999823e-03
8.871630000000000141e-03
8.573970000000000202e-03
8.806730000000000461e-03
9.387509999999999952e-03
8.532160000000000438e-03
8.185190000000000174e-03
8.410459999999999811e-03
8.319949999999999568e-03
8.891970000000000776e-03
8.596680000000000640e-03
8.900079999999999450e-03
8.877980000000000593e-03
8.133670000000000830e-03
8.737089999999999440e-03
9.000960000000000558e-03
9.466660000000000005e-03
9.799449999999999480e-03
8.723230000000000220e-03
8.171279999999999516e-03
8.587090000000000348e-03
8.415449999999999667e-03
8.736249999999999225e-03
8.144909999999999997e-03
8.225639999999999341e-03
8.186060000000000211e-03
8.350689999999999155e-03
8.846820000000000031e-03
8.438859999999999417e-03
8.540499999999999481e-03
8.963040000000000243e-03
8.799329999999999305e-03
8.178170000000000231e-03
8.258669999999999206e-03
8.497700000000000392e-03
8.268030000000000865e-03
7.429640000000000376e-03
