2.081563999999999984e-02
4.136775000000000174e-02
6.455835999999999519e-02
7.426470999999999767e-02
7.753110000000000557e-02
8.267739000000000338e-02
7.033242000000000660e-02
5.471361000000000280e-02
3.455915999999999849e-02
3.000301000000000010e-02
2.032547000000000173e-02
1.197775000000000055e-02
1.023737000000000084e-02
9.881680000000000325e-03
1.241213000000000038e-02
1.518941000000000041e-02
1.722179000000000071e-02
2.480368000000000156e-02
2.199844000000000105e-02
1.643369999999999900e-02
1.587239000000000011e-02
1.714902000000000093e-02
1.292278999999999997e-02
1.086876999999999982e-02
1.059123000000000009e-02
1.037216000000000006e-02
8.998640000000000458e-03
9.759459999999999316e-03
1.116247000000000072e-02
1.176978000000000052e-02
9.660880000000000162e-03
9.304029999999999592e-03
8.992840000000000208e-03
8.481149999999999800e-03
8.753679999999999795e-03
9.410299999999999915e-03
8.532480000000000273e-03
8.821340000000000431e-03
1.036859000000000045e-02
1.061093999999999926e-02
9.232270000000000754e-03
9.193120000000000805e-03
9.437779999999999780e-03
1.043742999999999928e-02
1.053651000000000067e-02
1.069430000000000033e-02
9.210539999999999700e-03
8.627269999999999384e-03
8.494520000000000196e-03
8.420320000000000235e-03
8.836999999999999370e-03
9.257939999999999225e-03
8.700909999999999200e-03
9.040559999999999569e-03
1.003501000000000046e-02
9.336830000000000823e-03
1.008519000000000082e-02
1.096705000000000076e-02
1.059745999999999952e-02
9.154660000000000228e-03
8.628169999999999243e-03
8.983559999999999809e-03
8.223350000000000798e-03
8.723399999999999210e-03
