7.897889999999999425e-03
1.389091999999999931e-02
1.107044000000000084e-02
8.693829999999999614e-03
8.175959999999999478e-03
9.064920000000000616e-03
1.195822000000000031e-02
1.513776000000000010e-02
1.873336999999999919e-02
2.791636999999999938e-02
3.176836000000000243e-02
2.934538000000000077e-02
3.251699000000000256e-02
2.554899999999999879e-02
1.940369999999999942e-02
1.379770999999999949e-02
1.451440000000000022e-02
9.062459999999999613e-03
9.129570000000000046e-03
8.876749999999999224e-03
9.664499999999999480e-03
1.026355999999999970e-02
1.114649000000000022e-02
1.185545999999999996e-02
1.394542000000000004e-02
1.289730000000000043e-02
1.205609000000000021e-02
8.520120000000000818e-03
8.741820000000000840e-03
8.855889999999999943e-03
8.912430000000000699e-03
8.727610000000000229e-03
8.996860000000000621e-03
8.999470000000000733e-03
8.882539999999999533e-03
9.443550000000000208e-03
9.675259999999999763e-03
9.369670000000000082e-03
8.823350000000000637e-03
9.569350000000000772e-03
9.096099999999999325e-03
8.719769999999999952e-03
8.830479999999999927e-03
9.466550000000000659e-03
9.601470000000000837e-03
8.765830000000000496e-03
8.445569999999999466e-03
8.734099999999999850e-03
8.709500000000000228e-03
9.080609999999999377e-03
9.793069999999999206e-03
1.101834999999999967e-02
9.627369999999999678e-03
8.504509999999999847e-03
8.482540000000000219e-03
9.550919999999999202e-03
9.390320000000000611e-03
8.288409999999999528e-03
9.116849999999999260e-03
9.062819999999999210e-03
8.605760000000000493e-03
8.759599999999999331e-03
9.107469999999999455e-03
7.493470000000000339e-03
