7.929349999999999940e-03
1.191796000000000001e-02
1.989010999999999904e-02
2.877143000000000062e-02
5.235341999999999774e-02
6.942671000000000259e-02
8.086793999999999927e-02
7.961137999999999548e-02
7.728749000000000036e-02
7.377008000000000176e-02
6.768905000000000061e-02
4.257335999999999759e-02
3.019998000000000127e-02
1.693327999999999847e-02
9.805470000000000158e-03
9.361380000000000742e-03
1.071200999999999924e-02
1.618433000000000024e-02
1.809869999999999882e-02
1.909604999999999983e-02
2.582786000000000109e-02
2.810701000000000171e-02
2.157194999999999946e-02
1.360311999999999980e-02
1.202332000000000053e-02
1.130719999999999989e-02
1.214249000000000057e-02
1.174523000000000060e-02
1.213406000000000033e-02
1.268533999999999981e-02
9.763249999999999360e-03
9.253660000000000357e-03
9.684850000000000056e-03
9.349939999999999293e-03
9.447010000000000476e-03
9.548640000000000599e-03
1.055202000000000050e-02
1.057138999999999995e-02
1.010739000000000082e-02
9.661770000000000080e-03
9.263189999999999272e-03
1.014737999999999925e-02
1.062249000000000006e-02
1.017975999999999950e-02
9.689100000000000837e-03
1.112444999999999927e-02
1.109628999999999997e-02
1.137802000000000084e-02
1.003017999999999965e-02
9.495790000000000480e-03
9.184440000000000312e-03
9.461060000000000303e-03
1.005970999999999949e-02
1.205764999999999962e-02
1.226654999999999933e-02
1.020221999999999969e-02
1.002819999999999927e-02
1.024438000000000085e-02
1.096887000000000036e-02
9.355520000000000849e-03
1.024247000000000005e-02
9.752989999999999576e-03
1.086804000000000069e-02
8.558390000000000788e-03
