7.560019999999999761e-03
8.788260000000000863e-03
8.628780000000000824e-03
8.734159999999999494e-03
9.239850000000000840e-03
8.542569999999999331e-03
8.375250000000000750e-03
8.330209999999999351e-03
8.323179999999999468e-03
8.422699999999999979e-03
8.783489999999999701e-03
8.106939999999999980e-03
8.162269999999999248e-03
8.673639999999999822e-03
8.978440000000000726e-03
9.254439999999999195e-03
9.542850000000000291e-03
9.641389999999999683e-03
8.728160000000000432e-03
9.205019999999999522e-03
8.892179999999999529e-03
8.422739999999999741e-03
8.436789999999999567e-03
8.272859999999999936e-03
8.294179999999999955e-03
1.003528000000000059e-02
1.014487000000000028e-02
9.517799999999999871e-03
8.665169999999999817e-03
8.240580000000000821e-03
8.469199999999999645e-03
9.244219999999999174e-03
1.129598000000000060e-02
9.393119999999999595e-03
9.110709999999999295e-03
1.020475000000000028e-02
8.934479999999999852e-03
8.469569999999999182e-03
8.403169999999999737e-03
9.628829999999999681e-03
1.103120999999999963e-02
1.147603999999999985e-02
1.237595000000000015e-02
1.379834999999999916e-02
1.077382999999999987e-02
1.131951999999999958e-02
2.053713999999999887e-02
1.939155999999999866e-02
1.351251000000000015e-02
1.563020000000000034e-02
1.604103000000000126e-02
1.648319000000000173e-02
1.651009999999999978e-02
1.675563000000000052e-02
1.251581000000000048e-02
1.202803000000000032e-02
1.168399999999999994e-02
1.813920999999999936e-02
2.415093000000000101e-02
3.240797000000000122e-02
4.192242999999999664e-02
6.185617000000000199e-02
6.171085999999999933e-02
8.873179999999999609e-03
