1.168632999999999998e-02
2.739385000000000084e-02
2.747099999999999889e-02
2.443555999999999853e-02
2.112599999999999895e-02
1.789204999999999962e-02
1.551883000000000082e-02
1.123533999999999991e-02
9.080859999999999627e-03
9.461199999999999471e-03
9.589649999999999910e-03
9.320790000000000672e-03
9.806320000000000314e-03
1.242974999999999983e-02
1.480652000000000010e-02
1.788632999999999890e-02
1.494749000000000078e-02
1.494351000000000013e-02
1.232202999999999944e-02
1.024911000000000051e-02
9.089369999999999394e-03
9.024630000000000499e-03
8.754380000000000842e-03
8.577970000000000733e-03
9.140930000000000236e-03
1.022915999999999929e-02
9.488999999999999171e-03
9.083070000000000380e-03
8.990990000000000787e-03
8.743559999999999180e-03
8.813639999999999322e-03
8.981269999999999532e-03
9.103800000000000434e-03
8.475329999999999669e-03
8.660130000000000258e-03
8.803419999999999301e-03
8.959740000000000759e-03
9.667480000000000864e-03
9.051589999999999983e-03
8.804940000000000683e-03
8.814229999999999288e-03
9.078680000000000430e-03
9.617870000000000585e-03
9.645189999999999667e-03
1.020420000000000008e-02
8.439260000000000511e-03
9.152920000000000153e-03
9.520010000000000625e-03
9.300309999999999133e-03
8.967120000000000299e-03
8.564810000000000825e-03
8.453070000000000028e-03
8.627110000000000334e-03
8.991300000000000681e-03
9.140129999999999783e-03
9.007199999999999929e-03
9.033029999999999185e-03
9.000710000000000308e-03
9.072230000000000572e-03
8.681619999999999268e-03
9.082099999999999201e-03
9.259679999999999300e-03
8.773509999999999989e-03
8.014570000000000374e-03
