1.305084999999999926e-02
1.721342999999999832e-02
1.406214000000000075e-02
1.534994999999999936e-02
1.420351000000000079e-02
1.607992999999999922e-02
1.522806999999999980e-02
1.894223999999999908e-02
1.562623000000000137e-02
1.175280000000000075e-02
1.050120000000000046e-02
1.316301999999999923e-02
1.641083999999999946e-02
2.139579999999999954e-02
1.873375000000000040e-02
1.285588000000000009e-02
1.786070999999999839e-02
2.850623999999999866e-02
3.179005000000000025e-02
3.835620000000000002e-02
3.847997000000000223e-02
2.348592999999999861e-02
1.845979000000000023e-02
1.661790000000000142e-02
2.941900999999999891e-02
3.938864999999999728e-02
2.840511000000000078e-02
4.340312999999999810e-02
5.044186999999999976e-02
5.880367000000000233e-02
5.423734000000000194e-02
4.972664999999999724e-02
3.983418999999999849e-02
3.001167000000000071e-02
6.522777999999999909e-02
1.370402699999999918e-01
2.721099599999999841e-01
3.579582900000000123e-01
3.960067899999999974e-01
3.210418500000000175e-01
2.181339999999999946e-01
1.135285899999999987e-01
8.948462000000000083e-02
5.386582000000000175e-02
1.454932999999999921e-02
1.548070000000000002e-02
2.904657999999999893e-02
3.051732000000000056e-02
3.650195999999999996e-02
5.926900000000000224e-02
8.747760999999999731e-02
9.566330000000000666e-02
7.473021999999999998e-02
5.630837000000000342e-02
4.519168999999999964e-02
3.907839999999999925e-02
3.055008000000000029e-02
3.602468000000000337e-02
1.990364999999999843e-02
1.614751999999999854e-02
2.980982999999999897e-02
4.139179999999999943e-02
4.040088000000000013e-02
1.456037999999999950e-02
