7.801739999999999717e-03
1.069480000000000083e-02
8.942969999999999739e-03
9.794729999999999756e-03
8.987709999999999450e-03
8.616550000000000598e-03
8.304539999999999145e-03
8.551279999999999645e-03
8.920819999999999445e-03
9.256979999999999723e-03
9.493559999999999846e-03
8.748260000000000758e-03
8.624430000000000637e-03
9.456960000000000366e-03
9.400089999999999835e-03
8.736809999999999368e-03
9.123650000000000510e-03
9.051919999999999758e-03
8.525629999999999320e-03
8.402099999999999153e-03
8.984920000000000406e-03
9.545730000000000534e-03
9.158170000000000199e-03
8.568630000000000690e-03
9.136409999999999323e-03
9.469510000000000427e-03
9.376809999999999312e-03
1.081510999999999931e-02
1.012356000000000020e-02
1.096867999999999975e-02
1.055252999999999920e-02
9.482400000000000204e-03
1.001423000000000070e-02
9.037979999999999278e-03
9.088000000000000592e-03
9.289290000000000394e-03
1.127617000000000029e-02
1.202174999999999945e-02
1.239472999999999964e-02
9.941729999999999318e-03
1.158419999999999936e-02
1.546501999999999946e-02
1.620424999999999990e-02
1.354758000000000004e-02
1.069047000000000053e-02
9.910620000000000193e-03
1.184618999999999950e-02
1.329315000000000010e-02
1.367480000000000084e-02
1.680560999999999860e-02
1.702475999999999989e-02
1.684284999999999949e-02
1.876424000000000147e-02
1.849610000000000143e-02
1.491893000000000039e-02
1.438211999999999997e-02
9.684530000000000222e-03
9.133250000000000743e-03
9.247129999999999239e-03
8.448419999999999888e-03
9.055060000000000192e-03
9.845899999999999444e-03
9.852120000000000669e-03
8.374899999999999359e-03
