1.492843999999999942e-02
2.100965999999999945e-02
1.300206999999999925e-02
1.207896999999999964e-02
1.235990999999999999e-02
1.874485000000000040e-02
2.470168000000000016e-02
3.411444999999999755e-02
3.892944999999999739e-02
3.652310000000000278e-02
2.027620999999999937e-02
1.933083000000000023e-02
1.412135999999999947e-02
1.379235000000000010e-02
2.391804999999999973e-02
3.495613000000000192e-02
2.157250000000000140e-02
1.297821000000000044e-02
9.970309999999999589e-03
1.565671000000000077e-02
1.907373000000000055e-02
4.091021000000000241e-02
3.808759999999999923e-02
1.783341000000000093e-02
2.001458000000000056e-02
2.901159999999999850e-02
3.081887999999999989e-02
2.440167999999999851e-02
1.964194999999999830e-02
1.136895999999999914e-02
1.212196999999999927e-02
2.215434000000000153e-02
2.701457999999999984e-02
2.786616000000000093e-02
3.246443999999999719e-02
3.554539999999999783e-02
2.787357000000000029e-02
5.602498999999999674e-02
3.125850000000000156e-02
1.988884000000000138e-02
2.041315000000000143e-02
3.837705999999999756e-02
5.251220999999999667e-02
7.625329000000000135e-02
9.156401000000000123e-02
8.029870999999999537e-02
1.050263899999999972e-01
1.296882199999999929e-01
8.838817999999999675e-02
6.285602999999999330e-02
3.441638999999999809e-02
5.326812999999999687e-02
8.621568999999999761e-02
1.774344700000000108e-01
3.030635999999999886e-01
3.659772600000000264e-01
4.351136999999999921e-01
5.147739099999999457e-01
5.362256800000000379e-01
5.021642400000000395e-01
4.141517299999999957e-01
3.420537399999999950e-01
1.962946200000000030e-01
2.301612999999999923e-02
