7.726659999999999778e-03
8.278570000000000720e-03
8.600540000000000268e-03
8.672749999999999904e-03
8.010460000000000497e-03
8.516489999999999824e-03
8.628880000000000230e-03
8.284510000000000138e-03
8.295000000000000290e-03
8.317400000000000834e-03
8.209630000000000746e-03
8.340919999999999931e-03
8.145299999999999416e-03
8.190199999999999911e-03
8.540960000000000218e-03
8.655629999999999227e-03
8.411099999999999480e-03
8.060420000000000432e-03
8.187389999999999252e-03
8.130270000000000205e-03
8.310710000000000666e-03
8.334770000000000026e-03
8.750539999999999360e-03
8.307399999999999507e-03
8.005170000000000688e-03
8.432540000000000521e-03
8.648730000000000306e-03
8.792990000000000528e-03
8.954109999999999500e-03
8.094300000000000453e-03
8.286810000000000356e-03
8.577200000000000102e-03
9.345990000000000200e-03
9.018019999999999856e-03
8.657250000000000015e-03
9.102799999999999433e-03
9.375959999999999156e-03
1.139316999999999934e-02
9.410250000000000212e-03
9.005050000000000554e-03
8.204750000000000237e-03
8.205360000000000084e-03
8.592310000000000572e-03
9.768350000000000297e-03
1.049437999999999933e-02
1.179183999999999961e-02
1.558466000000000018e-02
1.522218000000000009e-02
1.216554000000000073e-02
1.328574000000000074e-02
1.123474000000000000e-02
1.060766999999999960e-02
8.446709999999999635e-03
1.263653999999999993e-02
1.713278999999999844e-02
2.003498999999999905e-02
2.313575000000000007e-02
2.619049999999999850e-02
2.874196000000000042e-02
2.906538999999999998e-02
3.000198999999999921e-02
2.492892999999999845e-02
1.905043999999999835e-02
8.165069999999999967e-03
