8.943609999999999408e-03
1.614813999999999833e-02
1.944660000000000138e-02
2.784247999999999931e-02
3.549787000000000081e-02
4.346208000000000016e-02
2.950662000000000076e-02
2.538378999999999983e-02
2.083470999999999934e-02
1.898831999999999950e-02
1.542963999999999967e-02
1.084062000000000046e-02
9.822910000000000669e-03
9.291749999999999662e-03
9.824829999999999675e-03
1.025427999999999930e-02
1.114513999999999956e-02
1.300581999999999953e-02
1.243823999999999971e-02
1.166380000000000021e-02
1.040863000000000031e-02
1.033109999999999931e-02
1.035261999999999988e-02
9.042859999999999787e-03
8.216829999999999620e-03
8.442800000000000304e-03
8.324520000000000183e-03
8.773080000000000808e-03
8.638679999999999276e-03
8.646459999999999910e-03
8.292950000000000321e-03
8.513200000000000281e-03
8.438569999999999405e-03
8.028669999999999904e-03
7.990970000000000018e-03
8.524830000000000602e-03
8.276240000000000679e-03
8.074130000000000543e-03
8.518740000000000340e-03
8.738950000000000537e-03
8.262490000000000806e-03
8.525569999999999676e-03
8.355980000000000699e-03
8.768430000000000668e-03
8.787369999999999209e-03
8.739049999999999943e-03
8.309069999999999998e-03
8.237770000000000162e-03
8.091559999999999378e-03
7.857110000000000483e-03
8.084370000000000445e-03
8.281349999999999822e-03
8.240010000000000737e-03
8.093770000000000131e-03
8.450010000000000854e-03
8.481320000000000525e-03
8.369740000000000513e-03
8.652909999999999768e-03
8.826660000000000061e-03
8.283860000000000529e-03
8.233539999999999262e-03
8.118469999999999159e-03
8.141320000000000501e-03
7.764540000000000330e-03
