1.160009000000000040e-02
1.864872999999999878e-02
1.926164000000000001e-02
1.485355000000000009e-02
1.205495999999999998e-02
9.774569999999999786e-03
9.538210000000000091e-03
9.498460000000000236e-03
1.074653000000000067e-02
1.338563000000000079e-02
1.250805999999999966e-02
1.412155000000000007e-02
1.970881000000000022e-02
2.251014000000000140e-02
2.201946999999999932e-02
1.467619000000000042e-02
1.002097000000000057e-02
8.896050000000000832e-03
1.529220000000000058e-02
3.552763999999999922e-02
4.627599999999999769e-02
8.301153999999999478e-02
9.205225999999999686e-02
7.530198000000000447e-02
6.162448999999999705e-02
4.628191000000000249e-02
3.204036999999999857e-02
1.757699000000000067e-02
1.123882000000000006e-02
1.004447999999999973e-02
1.154787999999999995e-02
1.327816000000000066e-02
1.736791999999999850e-02
1.893573999999999952e-02
3.274205000000000171e-02
2.046923000000000145e-02
2.096467000000000122e-02
1.858465000000000117e-02
1.240820999999999938e-02
1.107719000000000065e-02
1.295680999999999916e-02
1.538114999999999968e-02
1.175273999999999937e-02
9.845790000000000097e-03
9.558459999999999526e-03
1.065425000000000053e-02
1.160839999999999962e-02
9.341330000000000119e-03
1.008539999999999957e-02
1.072964000000000036e-02
1.244720000000000028e-02
1.362653999999999949e-02
1.094676999999999976e-02
8.670189999999999494e-03
8.790199999999999750e-03
1.064724000000000052e-02
1.148693999999999930e-02
1.308039000000000077e-02
1.633027000000000090e-02
1.497677000000000036e-02
1.017263000000000021e-02
1.210546000000000018e-02
1.160343999999999959e-02
9.419010000000000229e-03
