9.265890000000000584e-03
2.076245999999999994e-02
1.818772999999999918e-02
1.295065999999999926e-02
1.039450999999999917e-02
9.577789999999999221e-03
1.581518000000000160e-02
3.054099000000000050e-02
3.630363999999999813e-02
6.277217999999999687e-02
7.075454000000000465e-02
6.778164999999999885e-02
6.922992000000000035e-02
6.196271999999999891e-02
4.318514999999999854e-02
2.883511000000000060e-02
3.038342999999999947e-02
1.407709000000000044e-02
1.003926999999999944e-02
9.366960000000000564e-03
1.022594999999999928e-02
9.693600000000000133e-03
1.360998000000000069e-02
1.897133999999999973e-02
2.467219999999999830e-02
2.534064000000000108e-02
1.988385999999999973e-02
1.274911999999999920e-02
1.062607999999999955e-02
8.803039999999999823e-03
1.072905000000000039e-02
9.912610000000000518e-03
1.033703000000000052e-02
1.159128000000000068e-02
1.049761999999999917e-02
1.139737000000000042e-02
1.029310999999999941e-02
9.717029999999999765e-03
9.823490000000000694e-03
9.608000000000000221e-03
8.781680000000000041e-03
8.988849999999999618e-03
8.990559999999999871e-03
9.233820000000000222e-03
9.676099999999999979e-03
1.007524999999999914e-02
9.456880000000000841e-03
9.554250000000000242e-03
9.025609999999999883e-03
9.746160000000000240e-03
1.058486999999999970e-02
1.158489000000000047e-02
1.082398000000000041e-02
9.071450000000000000e-03
8.230200000000000016e-03
9.028929999999999248e-03
8.594559999999999353e-03
9.080249999999999780e-03
1.022221000000000067e-02
9.567100000000000257e-03
9.422979999999999204e-03
9.588809999999999695e-03
8.722300000000000539e-03
7.984730000000000646e-03
