8.236109999999999612e-03
1.267261000000000082e-02
1.140961000000000058e-02
1.036458999999999991e-02
9.097370000000000456e-03
9.214530000000000290e-03
8.436739999999999864e-03
9.124129999999999394e-03
1.040119999999999933e-02
1.069336000000000071e-02
9.884830000000000699e-03
9.498259999999999689e-03
1.001351999999999971e-02
1.073934000000000000e-02
1.059689999999999938e-02
9.655209999999999140e-03
8.351700000000000096e-03
8.496679999999999511e-03
1.025949999999999952e-02
1.839901999999999857e-02
2.401899000000000048e-02
2.885396000000000141e-02
2.875470999999999930e-02
2.389000999999999972e-02
1.939710000000000045e-02
1.766066999999999984e-02
1.480536999999999999e-02
1.212596999999999980e-02
9.372159999999999172e-03
9.246789999999999524e-03
8.863249999999999601e-03
9.616470000000000226e-03
1.069819999999999972e-02
1.039506999999999931e-02
1.427338000000000044e-02
1.071117000000000076e-02
1.441859000000000023e-02
1.278157000000000078e-02
9.067419999999999647e-03
1.015131000000000019e-02
1.255298000000000004e-02
1.102600999999999928e-02
8.965910000000000546e-03
9.855269999999999309e-03
8.912339999999999499e-03
1.140324000000000025e-02
1.075819000000000081e-02
8.555600000000000011e-03
8.648899999999999297e-03
9.166830000000000811e-03
9.733520000000000713e-03
9.655310000000000281e-03
8.355019999999999461e-03
8.332189999999999735e-03
9.249320000000000111e-03
9.016470000000000387e-03
8.473299999999999582e-03
9.181379999999999403e-03
9.148379999999999360e-03
9.536690000000000444e-03
8.161470000000000530e-03
8.090689999999999341e-03
8.696310000000000498e-03
7.259019999999999709e-03
