3.393045000000000089e-02
1.184038300000000016e-01
8.999492000000000602e-02
5.844550999999999913e-02
3.127818999999999738e-02
2.265893999999999894e-02
1.826463000000000045e-02
1.426983000000000071e-02
1.116902999999999993e-02
1.216076999999999957e-02
1.699118000000000156e-02
2.000174999999999870e-02
2.727527999999999897e-02
4.630847999999999909e-02
6.026138000000000328e-02
3.311664000000000274e-02
2.138084999999999986e-02
1.624644999999999909e-02
1.503365000000000083e-02
1.466693999999999984e-02
1.618247000000000088e-02
1.443158999999999935e-02
1.301314999999999937e-02
9.787840000000000776e-03
9.904299999999999563e-03
1.178162999999999953e-02
1.215538000000000035e-02
1.161110999999999914e-02
1.124165000000000060e-02
1.109707000000000054e-02
1.093338999999999943e-02
9.760839999999999794e-03
1.026896000000000059e-02
1.194708000000000055e-02
1.319735000000000005e-02
1.310118000000000046e-02
1.001512000000000062e-02
9.402459999999999637e-03
1.010837000000000020e-02
1.241400999999999963e-02
1.364325000000000086e-02
1.151697999999999958e-02
1.105873999999999920e-02
1.033220999999999966e-02
1.386414000000000049e-02
1.776258000000000004e-02
1.830982000000000096e-02
1.555602000000000026e-02
1.148524000000000073e-02
1.025650999999999993e-02
9.391770000000000673e-03
1.058409000000000086e-02
1.388912999999999953e-02
1.436855000000000077e-02
1.096565000000000040e-02
9.595380000000000575e-03
1.025361999999999975e-02
1.227990999999999978e-02
1.220831999999999994e-02
9.874529999999999419e-03
1.224371999999999960e-02
9.130110000000000309e-03
9.652869999999999159e-03
1.000792999999999995e-02
