7.682740000000000402e-03
1.032473000000000071e-02
1.103756000000000008e-02
1.036200999999999962e-02
1.232250000000000012e-02
1.201552000000000002e-02
1.391727000000000068e-02
1.321770000000000063e-02
1.334567000000000045e-02
1.282739999999999922e-02
1.166269999999999980e-02
9.355050000000000171e-03
1.291302000000000075e-02
1.855361999999999983e-02
2.674850000000000144e-02
3.262099000000000248e-02
3.830288999999999916e-02
3.587213999999999681e-02
3.280163999999999996e-02
2.770413000000000042e-02
2.343964999999999937e-02
1.353787000000000046e-02
1.022703999999999974e-02
9.036529999999999216e-03
9.159129999999999702e-03
9.292409999999999212e-03
9.554200000000000539e-03
9.767160000000000425e-03
1.181663999999999978e-02
1.201078000000000041e-02
1.460384999999999982e-02
1.239929000000000031e-02
1.129083999999999990e-02
9.702290000000000567e-03
1.088046999999999973e-02
1.190602999999999974e-02
9.565449999999999647e-03
9.178320000000000228e-03
9.152669999999999903e-03
1.120223000000000052e-02
1.039547000000000040e-02
9.097869999999999222e-03
1.146271999999999916e-02
1.146213999999999913e-02
8.877929999999999156e-03
9.565109999999999932e-03
9.010729999999999781e-03
8.251669999999999144e-03
8.390279999999999960e-03
9.200720000000000773e-03
9.958659999999999388e-03
9.520829999999999224e-03
8.612989999999999188e-03
9.252279999999999879e-03
8.774459999999999552e-03
8.394119999999999707e-03
9.037200000000000441e-03
8.482389999999999375e-03
9.065810000000000535e-03
8.540499999999999481e-03
8.237210000000000018e-03
8.179489999999999331e-03
7.799849999999999665e-03
7.483039999999999831e-03
