9.097950000000000481e-03
1.741149000000000169e-02
1.001228000000000014e-02
1.035844000000000001e-02
1.245513999999999996e-02
1.244983000000000027e-02
1.380626000000000075e-02
1.253328000000000081e-02
1.258448000000000032e-02
1.004858999999999961e-02
1.027932999999999972e-02
1.238075999999999934e-02
1.742845000000000158e-02
2.032600999999999852e-02
1.548988999999999921e-02
9.578500000000000208e-03
8.258760000000000406e-03
9.388689999999999883e-03
1.195823000000000025e-02
1.722863000000000172e-02
9.065770000000000772e-03
9.908939999999999762e-03
1.164789999999999923e-02
1.350381999999999971e-02
1.802317999999999976e-02
2.029014000000000165e-02
9.989869999999999653e-03
1.359153999999999918e-02
1.914186999999999833e-02
3.088557000000000108e-02
2.089784000000000086e-02
9.317489999999999453e-03
1.027288999999999980e-02
1.524644999999999993e-02
2.126971999999999891e-02
1.914801000000000003e-02
1.580700000000000160e-02
1.721284999999999829e-02
2.182424000000000169e-02
2.597810999999999870e-02
3.180758999999999670e-02
2.459180000000000046e-02
1.513104000000000011e-02
1.686674999999999980e-02
3.511769000000000002e-02
7.622257000000000338e-02
1.139529400000000026e-01
1.275257800000000052e-01
1.313865200000000066e-01
1.162103399999999953e-01
1.249705400000000050e-01
1.079768200000000011e-01
7.259691999999999534e-02
5.203928000000000026e-02
1.542107000000000026e-02
1.106278999999999943e-02
9.118599999999999275e-03
9.534439999999999929e-03
1.077502999999999968e-02
1.237836999999999965e-02
2.040801000000000073e-02
2.078798999999999925e-02
1.626446999999999962e-02
9.680819999999999703e-03
