6.883379999999999707e-03
8.294549999999999493e-03
8.057989999999999250e-03
8.575799999999999743e-03
8.383170000000000552e-03
8.197760000000000116e-03
8.298260000000000011e-03
8.051759999999999820e-03
8.439679999999999752e-03
8.970119999999999830e-03
8.999649999999999664e-03
8.886689999999999173e-03
8.640590000000000076e-03
8.272849999999999995e-03
8.769419999999999993e-03
8.708580000000000487e-03
9.102910000000000515e-03
8.506710000000000660e-03
8.367060000000000816e-03
8.207719999999999946e-03
8.491969999999999727e-03
9.989440000000000472e-03
9.976479999999999376e-03
8.549660000000000593e-03
8.461410000000000806e-03
8.427179999999999394e-03
8.560730000000000769e-03
8.860349999999999476e-03
9.398979999999999488e-03
8.869369999999999685e-03
8.159680000000000752e-03
8.455020000000000591e-03
8.360080000000000636e-03
8.542869999999999284e-03
8.131489999999999899e-03
8.109059999999999532e-03
8.669460000000000360e-03
8.909620000000000040e-03
9.159969999999999918e-03
8.602220000000000699e-03
8.395289999999999697e-03
7.959090000000000262e-03
8.307260000000000338e-03
8.329339999999999314e-03
9.148270000000000013e-03
8.877599999999999381e-03
8.874560000000000087e-03
8.557860000000000467e-03
8.181670000000000262e-03
8.997309999999999683e-03
9.726639999999999939e-03
9.169760000000000758e-03
8.174239999999999284e-03
8.566239999999999272e-03
8.381309999999999455e-03
8.473180000000000295e-03
8.886009999999999742e-03
9.849649999999999725e-03
1.049688000000000010e-02
1.171234999999999984e-02
1.295386999999999927e-02
1.548710000000000017e-02
1.336859999999999958e-02
7.607000000000000046e-03
