8.259910000000000516e-03
9.334540000000000545e-03
8.655650000000000843e-03
8.764980000000000340e-03
8.650089999999999169e-03
8.364049999999999610e-03
8.274909999999999904e-03
8.484280000000000294e-03
9.039079999999999684e-03
9.776889999999999886e-03
1.083755999999999955e-02
8.754220000000000057e-03
8.712710000000000246e-03
9.274340000000000708e-03
9.604299999999999643e-03
9.127949999999999259e-03
9.605990000000000015e-03
9.842409999999999354e-03
8.699449999999999197e-03
8.230740000000000278e-03
8.976539999999999866e-03
8.708399999999999821e-03
8.856469999999999967e-03
8.597350000000000131e-03
8.325469999999999746e-03
8.299670000000000311e-03
8.821660000000000265e-03
9.895620000000000804e-03
9.263840000000000616e-03
9.668799999999999964e-03
9.764689999999999481e-03
9.386769999999999142e-03
1.098618999999999984e-02
9.820509999999999309e-03
8.248830000000000398e-03
9.737209999999999616e-03
1.378242000000000009e-02
1.368663999999999992e-02
1.157301999999999984e-02
1.105855000000000032e-02
1.175755000000000029e-02
1.103934999999999986e-02
1.054770000000000013e-02
1.209204000000000008e-02
1.126843999999999936e-02
9.549770000000000827e-03
9.003429999999999767e-03
1.531194999999999952e-02
2.750089000000000006e-02
3.190024999999999805e-02
3.335636000000000156e-02
3.252026000000000222e-02
2.742433000000000023e-02
2.730167999999999831e-02
2.182834999999999984e-02
1.556250999999999989e-02
1.145502999999999973e-02
9.885969999999999133e-03
9.248019999999999158e-03
1.006951000000000027e-02
1.051341000000000081e-02
1.088187000000000008e-02
1.121393000000000043e-02
7.952129999999999962e-03
