9.267009999999999137e-03
1.922290000000000110e-02
3.551818000000000336e-02
7.355377000000000443e-02
9.674220000000000041e-02
1.036880899999999966e-01
3.210832999999999743e-02
2.504229999999999998e-02
2.517787000000000150e-02
2.131985999999999951e-02
3.425224000000000324e-02
5.232691999999999899e-02
3.402513000000000065e-02
1.279709000000000055e-02
2.814496999999999832e-02
4.365435000000000149e-02
4.525243999999999794e-02
3.777467000000000324e-02
4.480445999999999734e-02
8.100369999999999793e-02
1.299201100000000053e-01
1.285231099999999960e-01
9.604271999999999809e-02
6.377484999999999404e-02
2.379654999999999965e-02
2.844854000000000133e-02
6.172898000000000274e-02
8.590063000000000559e-02
4.904238999999999821e-02
7.367928999999999451e-02
1.064834600000000020e-01
1.856109900000000035e-01
2.305813399999999957e-01
8.548977000000000659e-02
4.249692000000000053e-02
5.151776000000000272e-02
1.266641000000000017e-01
3.366402399999999795e-01
5.584082599999999896e-01
6.039966300000000343e-01
5.925112999999999630e-01
5.868948099999999890e-01
5.205523399999999468e-01
4.330448199999999970e-01
2.196533800000000092e-01
8.327769000000000144e-02
2.429892999999999983e-02
3.216415999999999720e-02
2.057180999999999940e-02
2.205729000000000023e-02
6.111690000000000178e-02
1.340700400000000014e-01
1.683631700000000064e-01
2.200047800000000109e-01
1.857429600000000125e-01
2.006579900000000083e-01
1.577862700000000062e-01
4.771997000000000044e-02
5.276717999999999686e-02
1.971072999999999922e-02
1.755210999999999924e-02
2.694482000000000127e-02
3.252991999999999689e-02
2.112481999999999902e-02
