2.056275000000000117e-02
4.401333000000000328e-02
4.413252000000000147e-02
3.634996000000000060e-02
2.397140000000000035e-02
2.142288999999999999e-02
1.598855000000000068e-02
1.249744000000000028e-02
8.974100000000000479e-03
9.132690000000000599e-03
9.972389999999999380e-03
9.970259999999999886e-03
1.338020000000000008e-02
1.978981000000000143e-02
2.322445000000000065e-02
1.987014999999999962e-02
1.687773999999999872e-02
1.838278999999999955e-02
1.294750000000000068e-02
1.070606999999999982e-02
9.290230000000000016e-03
9.429550000000000085e-03
8.841389999999999319e-03
9.292039999999999675e-03
9.978469999999999701e-03
1.025570999999999948e-02
9.669189999999999383e-03
8.830350000000000699e-03
9.116100000000000245e-03
8.714239999999999833e-03
9.060389999999999763e-03
9.505400000000000654e-03
9.254049999999999776e-03
8.746699999999999614e-03
8.775180000000000480e-03
9.198859999999999676e-03
9.373410000000000422e-03
8.897779999999999231e-03
8.833809999999999232e-03
8.894769999999999760e-03
9.388519999999999158e-03
8.549390000000000461e-03
1.050717999999999964e-02
1.060081000000000044e-02
1.132043999999999932e-02
8.642810000000000770e-03
9.305719999999999964e-03
9.905499999999999375e-03
1.027739000000000083e-02
9.109410000000000077e-03
8.645029999999999729e-03
8.379090000000000496e-03
8.602069999999999855e-03
9.411120000000000249e-03
9.576440000000000299e-03
9.581749999999999989e-03
9.278069999999999373e-03
9.177690000000000500e-03
8.888850000000000223e-03
9.250980000000000661e-03
9.318550000000000097e-03
9.508759999999999782e-03
8.614250000000000379e-03
8.028240000000000723e-03
