8.576200000000000837e-03
1.225907000000000038e-02
9.867610000000000617e-03
9.793569999999999706e-03
9.517519999999999800e-03
8.754659999999999179e-03
8.725180000000000782e-03
8.103839999999999308e-03
9.106960000000000749e-03
8.624810000000000115e-03
8.874369999999999481e-03
8.370489999999999528e-03
8.557379999999999848e-03
8.340520000000000572e-03
8.799210000000000018e-03
9.114779999999999410e-03
9.666610000000000827e-03
9.682059999999999278e-03
9.986230000000000454e-03
8.643249999999999891e-03
9.073509999999999909e-03
1.041834999999999983e-02
1.017260000000000039e-02
8.884440000000000393e-03
9.918309999999999627e-03
1.000874000000000034e-02
1.003887000000000009e-02
9.778550000000000436e-03
9.570689999999999753e-03
9.940940000000000540e-03
1.045363000000000021e-02
9.603669999999999915e-03
9.515330000000000663e-03
9.709989999999999941e-03
9.131069999999999812e-03
9.470730000000000121e-03
9.516240000000000462e-03
9.683660000000000184e-03
1.129759999999999966e-02
1.036568000000000038e-02
1.299074000000000062e-02
1.377426999999999992e-02
1.076371999999999919e-02
9.517279999999999490e-03
1.012211000000000014e-02
1.204732000000000025e-02
1.692422000000000024e-02
2.591784000000000102e-02
4.043331000000000008e-02
5.098070999999999853e-02
5.402015000000000289e-02
4.772275000000000128e-02
4.083160000000000261e-02
3.829888000000000042e-02
2.781283000000000019e-02
1.697593000000000019e-02
1.117515000000000001e-02
9.916060000000000846e-03
1.081734999999999988e-02
1.179360999999999951e-02
1.027347999999999976e-02
9.378090000000000384e-03
9.479800000000000032e-03
7.463509999999999589e-03
