7.299221000000000181e-02
1.900843200000000011e-01
1.502620100000000014e-01
6.368745000000000656e-02
2.311732999999999844e-02
7.547255999999999410e-02
2.521425500000000208e-01
4.231942000000000204e-01
5.843270999999999882e-01
7.267919800000000041e-01
7.665534600000000198e-01
7.445712700000000073e-01
7.222817499999999447e-01
5.869722400000000340e-01
3.942524800000000162e-01
2.329191399999999967e-01
1.520451899999999967e-01
4.683621000000000312e-02
2.850572999999999996e-02
4.347151999999999961e-02
5.622103999999999990e-02
6.587429000000000201e-02
1.386470599999999886e-01
1.979175099999999909e-01
2.827588600000000008e-01
2.455091899999999883e-01
1.398793299999999962e-01
3.493759999999999921e-02
3.380967000000000000e-02
3.151352000000000320e-02
4.571179000000000214e-02
4.523643000000000108e-02
2.708075999999999886e-02
5.776209000000000204e-02
7.098677999999999932e-02
5.372545000000000098e-02
4.115234999999999727e-02
4.145124000000000031e-02
4.346703999999999846e-02
3.354342999999999908e-02
2.451543999999999945e-02
3.013464999999999894e-02
4.060078000000000298e-02
5.231438000000000060e-02
3.550016999999999756e-02
4.151114000000000193e-02
2.838059999999999888e-02
1.536590999999999999e-02
1.984245999999999926e-02
5.194590000000000318e-02
8.621781000000000583e-02
9.953763000000000194e-02
5.811389000000000138e-02
1.858610999999999944e-02
1.794106000000000173e-02
4.301134999999999681e-02
6.195425999999999711e-02
4.041104000000000224e-02
5.362029000000000101e-02
3.766880999999999702e-02
1.567603000000000052e-02
4.108226999999999712e-02
5.530792000000000347e-02
2.740719999999999962e-02
