3.052793999999999994e-02
6.002551999999999888e-02
3.243382999999999683e-02
3.615282000000000218e-02
3.053598000000000076e-02
3.471482000000000040e-02
4.413232999999999739e-02
6.005371999999999794e-02
4.550905000000000228e-02
1.671417999999999862e-02
1.751298000000000091e-02
2.308754000000000015e-02
3.376039000000000123e-02
5.285655999999999688e-02
5.638871000000000161e-02
2.897148999999999905e-02
2.080146000000000078e-02
9.430375000000000563e-02
1.111752299999999999e-01
1.110466799999999948e-01
1.050390100000000021e-01
6.170099999999999890e-02
4.352174000000000320e-02
4.843091000000000063e-02
7.531928000000000234e-02
1.200676100000000052e-01
1.180139199999999944e-01
1.922814200000000084e-01
2.018735100000000060e-01
2.394824799999999976e-01
2.051341100000000084e-01
1.281108300000000089e-01
1.133217400000000041e-01
1.907373400000000052e-01
3.572640400000000049e-01
6.001849200000000106e-01
7.692406800000000100e-01
8.211216900000000152e-01
8.920246400000000353e-01
7.812952399999999464e-01
6.239172200000000501e-01
4.164215000000000000e-01
2.406099700000000063e-01
1.337774700000000094e-01
1.900210999999999914e-02
2.001885000000000123e-02
5.018718999999999958e-02
1.141285600000000039e-01
1.261846899999999883e-01
2.263512900000000105e-01
2.846267499999999839e-01
4.126050499999999732e-01
2.331128000000000089e-01
2.404622100000000096e-01
1.214286200000000010e-01
7.359630000000000338e-02
6.096232000000000040e-02
8.070291999999999744e-02
4.846769000000000077e-02
6.645494000000000401e-02
1.060345199999999932e-01
1.348107199999999950e-01
1.136622600000000011e-01
3.123114000000000098e-02
