8.263980000000000631e-03
1.167470999999999960e-02
1.035898000000000027e-02
1.026935000000000001e-02
1.129462000000000001e-02
1.123609000000000066e-02
8.885479999999999420e-03
1.011037000000000047e-02
1.147909000000000082e-02
1.304708000000000083e-02
1.381884000000000064e-02
1.463966000000000052e-02
1.156832999999999993e-02
8.769600000000000659e-03
1.061422000000000060e-02
1.352523999999999914e-02
1.190093000000000054e-02
1.088886000000000021e-02
1.055514999999999926e-02
8.990939999999999349e-03
1.240756999999999971e-02
1.980029000000000164e-02
1.818358000000000127e-02
1.130078999999999979e-02
9.519690000000000790e-03
1.022118999999999979e-02
1.481461000000000063e-02
1.173398999999999970e-02
1.513870999999999967e-02
1.153154999999999979e-02
9.557339999999999239e-03
1.011184000000000041e-02
1.294252000000000076e-02
1.215359000000000057e-02
1.019890000000000033e-02
1.093325000000000026e-02
1.146872999999999990e-02
2.231812000000000032e-02
1.750480000000000091e-02
1.114073999999999967e-02
9.622030000000000166e-03
1.049390000000000045e-02
1.193315000000000001e-02
1.620409000000000085e-02
2.213226999999999903e-02
2.464786999999999881e-02
2.304317999999999991e-02
2.543810000000000168e-02
2.292862999999999846e-02
2.461127000000000106e-02
1.606161999999999868e-02
1.676922000000000135e-02
1.131657999999999969e-02
1.616886999999999838e-02
2.965463999999999947e-02
4.486281000000000296e-02
6.822130999999999335e-02
7.912159000000000553e-02
8.866736000000000062e-02
9.391011000000000497e-02
8.845717000000000163e-02
8.647657999999999734e-02
5.701755000000000018e-02
1.065842999999999999e-02
