7.895009999999999181e-03
8.338409999999999225e-03
8.193229999999999263e-03
8.389429999999999804e-03
8.526360000000000189e-03
8.537289999999999462e-03
8.370819999999999303e-03
8.034859999999999572e-03
8.517659999999999815e-03
8.330040000000000361e-03
8.706429999999999378e-03
9.462440000000000781e-03
9.627719999999999334e-03
8.968449999999999339e-03
8.729479999999999532e-03
8.810000000000000123e-03
9.000440000000000176e-03
8.824409999999999546e-03
9.701950000000000851e-03
1.006980000000000028e-02
9.716270000000000809e-03
1.020317999999999919e-02
1.080156999999999992e-02
9.724919999999999745e-03
8.912500000000000283e-03
9.321489999999999984e-03
9.008330000000000157e-03
9.329989999999999811e-03
9.896250000000000532e-03
1.007816999999999914e-02
9.317459999999999631e-03
8.383410000000000861e-03
9.112550000000000511e-03
9.412810000000000621e-03
8.825770000000000143e-03
1.016917999999999989e-02
1.059321000000000047e-02
1.172712000000000060e-02
1.105121000000000055e-02
1.050628999999999973e-02
1.068984000000000080e-02
1.024589000000000055e-02
9.387559999999999655e-03
9.910930000000000087e-03
1.264387999999999970e-02
1.581099999999999867e-02
1.721450000000000063e-02
1.704287999999999983e-02
1.301447000000000020e-02
1.705254000000000145e-02
1.688813000000000120e-02
1.651769000000000154e-02
1.200767999999999974e-02
1.067163999999999960e-02
9.785959999999999798e-03
1.175004999999999973e-02
1.810374999999999832e-02
2.349350000000000049e-02
2.636234999999999967e-02
2.857221999999999887e-02
3.144691000000000153e-02
3.225548999999999777e-02
2.219410999999999953e-02
7.942700000000000454e-03
