7.647039999999999914e-03
9.442769999999999636e-03
1.004196000000000082e-02
8.998300000000000742e-03
1.064778000000000079e-02
9.297829999999999984e-03
9.964910000000000434e-03
9.619209999999999566e-03
9.247770000000000643e-03
1.059507999999999978e-02
1.083499999999999915e-02
8.159059999999999230e-03
8.675320000000000253e-03
8.950329999999999397e-03
9.220970000000000208e-03
1.030106000000000077e-02
1.019758999999999943e-02
1.027114999999999972e-02
9.566220000000000279e-03
9.957739999999999647e-03
9.681890000000000288e-03
8.696199999999999417e-03
8.288770000000000859e-03
8.143060000000000576e-03
8.683569999999999831e-03
9.760150000000000423e-03
1.096639999999999941e-02
1.060733999999999982e-02
8.918030000000000401e-03
8.429719999999999921e-03
8.254219999999999613e-03
1.017661000000000086e-02
1.172476000000000074e-02
9.295799999999999896e-03
9.149519999999999528e-03
1.035507999999999915e-02
8.792070000000000787e-03
8.558970000000000813e-03
8.682669999999999971e-03
9.748609999999999567e-03
1.219283999999999993e-02
1.275597000000000016e-02
1.066099000000000040e-02
1.058836999999999973e-02
1.099401000000000024e-02
1.388582000000000011e-02
1.419927999999999989e-02
1.238649999999999994e-02
1.031131000000000061e-02
1.130321999999999924e-02
1.149391999999999948e-02
1.129540000000000058e-02
1.154932000000000007e-02
1.210255000000000011e-02
9.887270000000000086e-03
1.056916999999999926e-02
8.709150000000000572e-03
8.582700000000000398e-03
9.876799999999999816e-03
1.272817000000000046e-02
2.338774000000000061e-02
3.661928999999999879e-02
2.266429999999999834e-02
8.127139999999999712e-03
