8.509930000000000619e-03
1.202365000000000031e-02
1.440418000000000080e-02
1.552797000000000031e-02
1.850421999999999831e-02
2.625674000000000063e-02
2.164156999999999886e-02
1.773428999999999978e-02
1.429070999999999987e-02
8.904870000000000493e-03
1.121723999999999985e-02
2.284502999999999881e-02
4.636611000000000204e-02
6.318021999999999527e-02
7.701350999999999336e-02
9.794740000000000391e-02
1.107487199999999949e-01
7.637030999999999681e-02
6.134375000000000244e-02
3.304387000000000296e-02
2.296310999999999838e-02
1.173040000000000020e-02
9.329030000000000308e-03
1.066326000000000079e-02
1.372246000000000056e-02
1.649584000000000120e-02
2.127752999999999936e-02
2.327504999999999852e-02
2.032762000000000110e-02
1.890630999999999909e-02
1.636912999999999910e-02
1.158875000000000009e-02
1.081830999999999939e-02
1.036698999999999954e-02
1.108797000000000081e-02
1.372110999999999990e-02
1.227496999999999963e-02
9.186319999999999555e-03
9.469079999999999511e-03
9.598169999999999619e-03
1.199414000000000036e-02
8.829210000000000530e-03
9.683519999999999281e-03
9.078819999999999599e-03
8.357319999999999680e-03
8.658209999999999518e-03
9.432229999999999781e-03
1.071978999999999987e-02
1.077123999999999963e-02
1.192697000000000028e-02
1.092475000000000043e-02
8.769280000000000824e-03
8.568440000000000084e-03
9.140840000000000770e-03
9.897150000000000392e-03
1.139759000000000085e-02
1.114650000000000016e-02
9.468670000000000211e-03
8.884210000000000024e-03
9.417540000000000286e-03
1.043611000000000018e-02
1.004342000000000082e-02
9.875329999999999872e-03
8.597000000000000475e-03
