9.645229999999999429e-03
3.685544000000000320e-02
5.400210999999999900e-02
6.586954999999999893e-02
6.238868999999999665e-02
7.159630000000000161e-02
7.336162999999999712e-02
5.339254999999999696e-02
3.621690999999999799e-02
3.550392000000000131e-02
2.436520000000000005e-02
1.639681000000000125e-02
1.289883000000000002e-02
9.952469999999999720e-03
1.089398999999999923e-02
1.159207999999999940e-02
1.609015000000000098e-02
2.284121000000000068e-02
2.053013999999999881e-02
1.859972000000000014e-02
1.992212000000000149e-02
1.797926000000000038e-02
1.400024000000000060e-02
1.163528999999999952e-02
1.013979999999999916e-02
9.462099999999999331e-03
9.501970000000000208e-03
9.886110000000000037e-03
1.084333999999999992e-02
1.149647999999999989e-02
9.401700000000000682e-03
9.070889999999999856e-03
9.160249999999999990e-03
8.791089999999999668e-03
8.548560000000000186e-03
8.635270000000000445e-03
8.661610000000000142e-03
8.944429999999999742e-03
1.052786999999999994e-02
1.094406000000000025e-02
9.591999999999999832e-03
1.001868000000000029e-02
9.653439999999999244e-03
9.836889999999999176e-03
1.084799000000000006e-02
1.083892000000000015e-02
9.881710000000000146e-03
9.499080000000000024e-03
8.619470000000000603e-03
8.634940000000000671e-03
8.601130000000000234e-03
9.724329999999999780e-03
9.342770000000000241e-03
9.378829999999999459e-03
9.719190000000000815e-03
9.509419999999999332e-03
1.036419000000000055e-02
1.094939999999999976e-02
1.037872999999999921e-02
9.346709999999999394e-03
8.835300000000000792e-03
8.666969999999999535e-03
8.405239999999999587e-03
8.650690000000000809e-03
