7.654529999999999668e-03
8.139820000000000735e-03
8.284079999999999222e-03
8.312850000000000100e-03
8.404429999999999193e-03
8.357899999999999704e-03
8.314210000000000697e-03
8.268060000000000687e-03
8.117390000000000369e-03
8.377640000000000434e-03
8.403509999999999452e-03
8.215449999999999142e-03
8.536570000000000269e-03
8.380709999999999549e-03
8.350689999999999155e-03
8.426650000000000806e-03
8.421410000000000701e-03
8.206510000000000193e-03
8.235259999999999456e-03
8.374029999999999321e-03
8.216589999999999311e-03
7.972709999999999173e-03
8.250079999999999913e-03
8.107810000000000017e-03
8.252550000000000857e-03
8.673659999999999703e-03
8.351809999999999443e-03
8.657730000000000634e-03
8.536979999999999569e-03
8.400819999999999815e-03
8.313189999999999816e-03
8.495970000000000258e-03
8.703429999999999847e-03
8.263539999999999774e-03
8.096630000000000493e-03
8.257389999999999869e-03
8.163019999999999998e-03
8.160280000000000658e-03
8.447990000000000707e-03
8.218019999999999492e-03
8.199599999999999597e-03
8.163099999999999523e-03
8.013950000000000587e-03
8.542529999999999568e-03
9.068919999999999412e-03
8.723200000000000398e-03
8.478229999999999794e-03
8.972529999999999395e-03
8.838570000000000454e-03
9.410570000000000046e-03
9.724309999999999898e-03
9.609730000000000355e-03
9.613419999999999258e-03
9.716259999999999133e-03
9.405190000000000772e-03
9.955189999999999179e-03
8.754279999999999701e-03
8.502350000000000532e-03
8.973309999999999967e-03
9.737229999999999497e-03
1.210260999999999976e-02
1.565764000000000045e-02
1.727609999999999910e-02
7.755729999999999742e-03
