8.139709999999999654e-03
1.857257000000000005e-02
2.681108000000000102e-02
4.748179000000000288e-02
4.792062999999999878e-02
5.334189999999999765e-02
5.349784999999999957e-02
4.647918000000000188e-02
3.999541999999999681e-02
3.691809000000000063e-02
3.099597999999999937e-02
1.540359999999999993e-02
1.362357999999999972e-02
1.045953999999999981e-02
1.001432000000000017e-02
1.155470999999999929e-02
1.029192999999999948e-02
1.449037000000000068e-02
1.729991999999999988e-02
1.663960000000000092e-02
1.588176999999999991e-02
1.823709999999999914e-02
1.660176000000000013e-02
1.076242999999999991e-02
9.531839999999999757e-03
9.288940000000000738e-03
9.578790000000000221e-03
9.936169999999999378e-03
1.018490000000000020e-02
1.233146000000000068e-02
9.292430000000000828e-03
8.888820000000000401e-03
9.219349999999999420e-03
8.838900000000000229e-03
8.571050000000000196e-03
9.179970000000000838e-03
8.785299999999999360e-03
8.586490000000000442e-03
9.252520000000000189e-03
1.139775999999999984e-02
9.091949999999999685e-03
9.929669999999999816e-03
9.037200000000000441e-03
9.318869999999999931e-03
1.027991999999999968e-02
1.049045000000000012e-02
9.835399999999999351e-03
8.960360000000000547e-03
8.463250000000000287e-03
8.216090000000000546e-03
8.686269999999999408e-03
8.808190000000000464e-03
9.552800000000000180e-03
9.942329999999999224e-03
9.156759999999999899e-03
8.814419999999999894e-03
8.692860000000000170e-03
1.034052000000000061e-02
1.053283999999999991e-02
9.229360000000000688e-03
9.032490000000000657e-03
8.597149999999999584e-03
8.457380000000000453e-03
8.751870000000000135e-03
