7.570140000000000376e-03
1.011550999999999943e-02
1.164154000000000057e-02
9.244350000000000137e-03
1.491749000000000026e-02
1.125568000000000055e-02
1.260707999999999968e-02
1.265373000000000019e-02
1.064382000000000002e-02
9.746470000000000133e-03
1.184506999999999921e-02
1.005500999999999964e-02
1.176515000000000026e-02
1.469475999999999942e-02
1.452238999999999960e-02
1.349029000000000027e-02
1.434735000000000003e-02
1.450542999999999971e-02
1.640718000000000037e-02
2.012575999999999948e-02
1.760103999999999835e-02
1.060864000000000078e-02
9.459900000000000253e-03
1.016810999999999930e-02
1.635957999999999857e-02
2.369305000000000022e-02
1.979376999999999873e-02
1.512755000000000002e-02
1.243650999999999958e-02
1.290362999999999927e-02
1.096524999999999930e-02
1.266552999999999950e-02
1.947576000000000168e-02
1.241893999999999984e-02
1.358288000000000030e-02
1.619663000000000005e-02
1.202075000000000018e-02
1.002966999999999921e-02
1.189392000000000053e-02
1.980064999999999950e-02
2.628547999999999996e-02
2.367498000000000172e-02
1.486010999999999929e-02
1.633924999999999961e-02
1.966141000000000069e-02
2.617709999999999829e-02
3.434419999999999834e-02
2.977372000000000005e-02
2.216353000000000073e-02
2.955939999999999956e-02
2.871227000000000154e-02
2.735241000000000061e-02
2.971628000000000117e-02
2.756072000000000036e-02
2.078268999999999950e-02
2.138351000000000141e-02
1.490852999999999970e-02
2.080879999999999883e-02
2.950347999999999860e-02
3.767112000000000238e-02
7.766565000000000274e-02
1.351314000000000126e-01
1.477486500000000091e-01
1.270522999999999965e-02
