1.665329999999999935e-02
2.176422999999999899e-02
2.578170000000000114e-02
1.976413000000000128e-02
1.677261999999999850e-02
1.577862999999999835e-02
1.138286999999999979e-02
1.011231999999999930e-02
8.754259999999999819e-03
8.385119999999999379e-03
8.737150000000000818e-03
8.526310000000000486e-03
9.095100000000000059e-03
1.195963000000000061e-02
1.351670999999999949e-02
1.172991999999999958e-02
1.211005000000000068e-02
1.065203999999999977e-02
9.107640000000000180e-03
9.269249999999999712e-03
8.673439999999999275e-03
8.664710000000000814e-03
8.427679999999999894e-03
8.363630000000000370e-03
8.777389999999999498e-03
8.832829999999999848e-03
8.455020000000000591e-03
8.600530000000000327e-03
8.403459999999999749e-03
8.088690000000000810e-03
8.392629999999999882e-03
8.535050000000000622e-03
8.154730000000000659e-03
8.319190000000000612e-03
8.622539999999999719e-03
8.385639999999999761e-03
8.215059999999999724e-03
8.661659999999999845e-03
8.357889999999999764e-03
8.153789999999999302e-03
8.187879999999999811e-03
8.140400000000000760e-03
9.454749999999999613e-03
8.725999999999999382e-03
8.944459999999999564e-03
8.175550000000000178e-03
8.335860000000000491e-03
8.964800000000000199e-03
8.307719999999999341e-03
8.266849999999999199e-03
8.079140000000000280e-03
8.487369999999999290e-03
8.209110000000000365e-03
9.342690000000000716e-03
8.577100000000000696e-03
8.665980000000000211e-03
8.558959999999999138e-03
8.667750000000000107e-03
8.597489999999999299e-03
8.304429999999999798e-03
8.586599999999999788e-03
8.413830000000000614e-03
8.334579999999999420e-03
7.465069999999999865e-03
