1.337560999999999958e-02
4.471260999999999985e-02
7.387151999999999608e-02
8.936291000000000373e-02
9.684418000000000193e-02
1.062403499999999973e-01
9.692823000000000411e-02
6.677913000000000598e-02
4.973062999999999789e-02
3.972823999999999800e-02
3.799638999999999794e-02
2.515310999999999936e-02
1.613304999999999947e-02
1.083310000000000002e-02
1.134098000000000050e-02
1.369539999999999993e-02
1.503325999999999968e-02
2.239733000000000002e-02
2.105266000000000082e-02
1.886459999999999873e-02
2.000721999999999917e-02
1.710915000000000005e-02
1.506679000000000004e-02
1.033564000000000010e-02
8.811760000000000079e-03
8.594050000000000647e-03
8.704440000000000788e-03
9.483300000000000063e-03
1.035641999999999986e-02
1.224136999999999968e-02
8.764040000000000719e-03
8.784010000000000082e-03
9.027510000000000742e-03
8.568940000000000584e-03
8.356350000000000236e-03
8.764279999999999293e-03
8.523269999999999458e-03
9.536549999999999541e-03
1.047167000000000063e-02
1.083352999999999920e-02
9.433250000000000662e-03
1.028768000000000044e-02
9.397729999999999972e-03
1.066891000000000020e-02
1.175009999999999943e-02
1.096803000000000014e-02
9.893239999999999326e-03
9.244179999999999411e-03
8.533169999999999644e-03
8.318709999999999993e-03
8.943770000000000192e-03
9.478620000000000101e-03
9.770990000000000231e-03
9.402940000000000256e-03
9.387090000000000711e-03
9.357870000000000771e-03
1.056967999999999970e-02
1.335574999999999957e-02
1.371367000000000072e-02
1.023226999999999991e-02
8.796820000000000334e-03
9.457180000000000794e-03
8.935790000000000746e-03
9.419099999999999695e-03
