1.323951999999999941e-02
1.991916999999999993e-02
2.163910999999999960e-02
1.415967999999999914e-02
9.143309999999999979e-03
9.938479999999999537e-03
1.531040000000000005e-02
1.439113000000000024e-02
1.421977999999999957e-02
1.415826000000000064e-02
1.025278999999999947e-02
8.708900000000000322e-03
1.037889999999999993e-02
1.189943000000000077e-02
2.007234999999999922e-02
1.666986000000000162e-02
1.222222000000000065e-02
1.124944999999999938e-02
1.826124999999999970e-02
1.713450000000000042e-02
2.142275000000000082e-02
1.603113000000000107e-02
1.554440999999999982e-02
2.468884000000000009e-02
2.804413000000000045e-02
3.008643999999999902e-02
2.066781999999999994e-02
1.199678000000000029e-02
1.043346000000000030e-02
1.568726000000000148e-02
2.465115000000000015e-02
2.472900000000000098e-02
3.438872999999999930e-02
3.363841000000000053e-02
3.766165999999999958e-02
5.640948999999999963e-02
4.199917000000000233e-02
2.889312000000000130e-02
1.871021000000000142e-02
4.362151000000000223e-02
9.728054999999999342e-02
1.891215099999999927e-01
2.231234300000000115e-01
2.158816299999999910e-01
2.170072600000000074e-01
1.829164299999999910e-01
1.208564699999999936e-01
7.847650000000000459e-02
4.055355000000000071e-02
1.684582999999999914e-02
1.396494000000000034e-02
1.444005999999999935e-02
1.284006000000000036e-02
1.600209000000000006e-02
5.218868000000000118e-02
8.598455000000000681e-02
6.329133000000000675e-02
6.446427000000000407e-02
5.515624999999999695e-02
6.651603000000000376e-02
4.864377000000000284e-02
2.579856000000000163e-02
1.410391000000000075e-02
1.248102000000000066e-02
