7.088969999999999994e-03
9.084500000000000561e-03
1.046983999999999936e-02
1.016454999999999963e-02
9.948929999999999926e-03
1.005375000000000019e-02
8.684340000000000462e-03
8.546619999999999565e-03
8.653519999999999615e-03
9.428840000000000832e-03
1.104311000000000008e-02
9.059239999999999654e-03
8.752110000000000445e-03
9.244870000000000518e-03
9.395070000000000157e-03
1.289435000000000060e-02
1.173582999999999918e-02
9.383350000000000371e-03
8.143920000000000672e-03
9.183699999999999503e-03
9.431609999999999994e-03
1.048866000000000034e-02
1.071382000000000063e-02
1.027408999999999961e-02
1.179568999999999930e-02
1.307279000000000080e-02
1.327125000000000006e-02
1.111155999999999949e-02
1.043117000000000003e-02
9.341330000000000119e-03
8.686279999999999349e-03
1.265353999999999958e-02
1.566965999999999845e-02
1.219847999999999939e-02
1.345429000000000069e-02
1.566765999999999992e-02
1.519041999999999962e-02
1.405193000000000067e-02
1.162479999999999937e-02
1.135505000000000021e-02
1.137278000000000074e-02
1.142357999999999915e-02
1.998853999999999909e-02
2.818651999999999963e-02
3.200809000000000293e-02
4.180617999999999834e-02
5.072033000000000097e-02
4.790076000000000056e-02
3.612760000000000277e-02
2.087429000000000021e-02
1.538869000000000001e-02
1.366956000000000074e-02
9.200599999999999751e-03
1.030423999999999923e-02
1.107370000000000056e-02
1.429898999999999927e-02
1.430413999999999991e-02
1.607905000000000098e-02
1.699480999999999908e-02
2.117505000000000082e-02
2.463452000000000003e-02
2.050039999999999848e-02
1.349444999999999985e-02
8.477169999999999150e-03
