1.565976999999999994e-02
2.197531999999999958e-02
1.786143000000000106e-02
1.406976000000000060e-02
1.707436999999999844e-02
1.925146999999999969e-02
1.651704999999999840e-02
1.534785999999999963e-02
1.725138000000000019e-02
2.925155999999999937e-02
2.539328000000000071e-02
4.408995000000000275e-02
3.779952000000000312e-02
3.586338000000000026e-02
2.541291999999999857e-02
2.753888999999999990e-02
3.253861999999999727e-02
3.235525999999999680e-02
3.423717999999999900e-02
3.047423000000000146e-02
4.162057999999999730e-02
7.285421000000000258e-02
7.941740999999999384e-02
5.845382999999999829e-02
3.544014999999999666e-02
2.107331999999999955e-02
4.136647999999999714e-02
1.294473899999999955e-01
2.477337400000000078e-01
2.931255099999999780e-01
3.591245699999999763e-01
3.884669800000000173e-01
3.536268200000000084e-01
2.791071500000000261e-01
1.478632099999999949e-01
7.235094999999999721e-02
4.608290999999999776e-02
1.695854999999999932e-02
2.111257999999999885e-02
2.635014000000000106e-02
5.468909000000000270e-02
6.585167000000000104e-02
9.080514000000000641e-02
9.706273999999999458e-02
8.516545999999999839e-02
3.617398000000000141e-02
2.880214999999999859e-02
1.944687000000000152e-02
2.502064000000000024e-02
2.336937000000000042e-02
3.841229000000000171e-02
2.523997999999999867e-02
2.427816000000000002e-02
3.514830000000000038e-02
1.525654000000000073e-02
3.377983999999999848e-02
2.903653000000000137e-02
1.741095999999999963e-02
1.270616999999999927e-02
2.639742000000000130e-02
3.955352000000000173e-02
1.900461000000000164e-02
1.794373999999999969e-02
1.397888000000000082e-02
