4.573775000000000063e-02
2.724437699999999740e-01
3.063914200000000254e-01
2.680841099999999866e-01
2.329191999999999929e-01
2.022369499999999987e-01
1.561636499999999872e-01
9.167488999999999499e-02
4.629729999999999956e-02
3.038325000000000053e-02
1.879952999999999833e-02
1.644485000000000044e-02
2.152944999999999859e-02
4.065561000000000175e-02
5.430130999999999847e-02
6.678918999999999828e-02
7.951698999999999573e-02
8.583747999999999378e-02
6.523189999999999544e-02
3.333968999999999822e-02
2.113734000000000099e-02
1.497839999999999935e-02
1.507388999999999951e-02
1.836449999999999888e-02
2.393380000000000160e-02
2.234492999999999896e-02
1.282705999999999950e-02
1.196278999999999919e-02
1.389015000000000041e-02
1.660473999999999978e-02
1.396973999999999959e-02
1.623635000000000009e-02
1.666735999999999912e-02
1.171954000000000051e-02
1.293981999999999945e-02
1.211765000000000064e-02
1.290958000000000036e-02
1.614660000000000054e-02
1.707697000000000034e-02
1.479036000000000066e-02
1.134162000000000017e-02
1.902600000000000124e-02
2.875281000000000017e-02
3.090953999999999924e-02
3.709532000000000107e-02
1.304902999999999966e-02
1.047153999999999967e-02
1.755556999999999951e-02
2.085945000000000160e-02
1.737001000000000170e-02
1.375630000000000082e-02
1.366680999999999972e-02
1.152408000000000078e-02
1.215822000000000083e-02
1.405746000000000079e-02
1.770866999999999927e-02
1.891703999999999955e-02
1.766714000000000132e-02
1.697552999999999909e-02
1.485671000000000040e-02
1.580758000000000163e-02
1.705635999999999958e-02
1.306775999999999945e-02
1.364561000000000072e-02
