8.016159999999999605e-03
1.110342999999999920e-02
1.015234999999999922e-02
9.721610000000000321e-03
1.087417000000000071e-02
1.032275000000000033e-02
1.024962999999999916e-02
9.929679999999999757e-03
9.252259999999999998e-03
1.011960999999999937e-02
1.186797000000000026e-02
1.288854000000000041e-02
1.303836000000000057e-02
1.260859999999999932e-02
1.140558000000000023e-02
1.073479999999999920e-02
8.745970000000000480e-03
1.025315000000000080e-02
1.562324000000000004e-02
1.788007999999999958e-02
1.706053000000000083e-02
1.377070000000000030e-02
1.362302999999999951e-02
1.301497000000000070e-02
1.569792999999999883e-02
1.917355000000000101e-02
1.335973000000000022e-02
9.967260000000000356e-03
1.323219999999999952e-02
1.407708000000000050e-02
1.050531000000000034e-02
1.070260999999999955e-02
1.091034999999999922e-02
9.986210000000000572e-03
1.363633000000000033e-02
1.705189000000000010e-02
1.395541999999999963e-02
1.383124999999999979e-02
1.761253999999999945e-02
2.025162000000000143e-02
2.121212000000000097e-02
1.622037000000000131e-02
1.210623000000000081e-02
1.125444999999999918e-02
1.485150000000000012e-02
2.456701999999999844e-02
3.434858999999999829e-02
2.777616000000000113e-02
2.262033000000000099e-02
3.280025000000000301e-02
3.871853000000000100e-02
3.970234000000000263e-02
3.379431000000000102e-02
3.088006999999999905e-02
1.448806000000000052e-02
1.674074999999999869e-02
2.927180000000000060e-02
5.553780999999999995e-02
7.815758000000000427e-02
1.048805599999999977e-01
1.560635599999999901e-01
1.927955199999999980e-01
1.463929300000000044e-01
1.353122000000000005e-02
