7.719550000000000370e-03
9.355789999999999246e-03
9.305080000000000295e-03
9.363919999999999536e-03
1.029142000000000078e-02
1.135779999999999949e-02
1.274761999999999944e-02
9.898679999999999979e-03
9.145999999999999616e-03
8.834849999999999995e-03
8.562729999999999300e-03
8.478410000000000460e-03
8.501150000000000720e-03
9.311009999999999773e-03
8.948809999999999751e-03
9.037649999999999503e-03
9.070190000000000544e-03
9.919199999999999545e-03
1.050104999999999962e-02
1.091220000000000037e-02
1.132731000000000016e-02
9.065580000000000166e-03
9.803749999999999964e-03
1.079450000000000028e-02
9.769430000000000822e-03
1.232732999999999919e-02
9.453440000000000454e-03
9.348600000000000312e-03
9.278299999999999742e-03
8.446940000000000004e-03
8.433909999999999324e-03
8.892020000000000479e-03
9.644049999999999498e-03
9.745230000000000559e-03
1.073438999999999990e-02
1.025760000000000040e-02
1.001471999999999953e-02
9.945429999999999895e-03
9.678990000000000163e-03
1.128607000000000048e-02
1.069924000000000049e-02
9.883889999999999343e-03
1.246784000000000087e-02
1.614571999999999882e-02
1.698134999999999922e-02
1.120338000000000063e-02
9.271820000000000062e-03
9.682349999999999290e-03
1.139198999999999941e-02
1.518863999999999978e-02
1.500587999999999922e-02
1.351769000000000061e-02
1.672550999999999899e-02
2.305872999999999950e-02
3.332568000000000336e-02
3.639317999999999720e-02
4.425301000000000234e-02
4.359736000000000167e-02
4.225164000000000003e-02
3.295660000000000256e-02
1.750501000000000140e-02
1.184075000000000058e-02
9.197749999999999329e-03
8.051690000000000236e-03
