1.853602400000000094e-01
3.766296199999999983e-01
2.951554100000000069e-01
2.108065600000000039e-01
1.048137600000000058e-01
6.976213000000000553e-02
4.258660999999999697e-02
3.218154000000000153e-02
2.928398000000000112e-02
3.251533999999999675e-02
4.881259999999999766e-02
6.778236999999999457e-02
1.063302799999999992e-01
2.113186999999999982e-01
2.368308899999999884e-01
1.398802100000000048e-01
7.777968999999999855e-02
4.706822000000000089e-02
3.390300000000000258e-02
3.795740000000000225e-02
4.413182000000000216e-02
3.766648999999999692e-02
2.860388000000000167e-02
1.524647999999999975e-02
1.317560000000000085e-02
2.279901000000000150e-02
2.910619000000000053e-02
2.721169999999999839e-02
2.302264999999999867e-02
1.990729999999999930e-02
1.959057999999999980e-02
1.684130000000000002e-02
1.826726000000000044e-02
2.144261999999999904e-02
2.584432000000000049e-02
3.183670000000000250e-02
1.748527000000000067e-02
1.439724000000000038e-02
2.017334000000000141e-02
3.287218000000000084e-02
3.661893000000000092e-02
1.949655000000000138e-02
2.145760000000000028e-02
1.245366000000000008e-02
2.238481000000000151e-02
3.926065000000000110e-02
3.999086999999999781e-02
2.940150000000000055e-02
1.855671000000000057e-02
1.929894000000000054e-02
1.699795000000000125e-02
2.545880999999999839e-02
3.852022000000000085e-02
2.937328999999999982e-02
1.809681999999999957e-02
1.285735000000000003e-02
1.351403999999999973e-02
2.708473000000000130e-02
3.338804000000000077e-02
1.672328999999999830e-02
2.102557999999999858e-02
1.327673000000000048e-02
1.644357999999999931e-02
1.814638000000000015e-02
