7.248720000000000163e-03
1.919484999999999941e-02
2.954417999999999975e-02
4.915031000000000261e-02
6.913871000000000600e-02
9.232780000000000153e-02
8.630213000000000467e-02
8.735144000000000242e-02
8.482011000000000411e-02
6.028064999999999812e-02
6.487858999999999987e-02
3.825710999999999695e-02
2.462488999999999997e-02
1.385156000000000061e-02
1.066203999999999937e-02
9.948800000000000698e-03
1.187574999999999915e-02
1.596051999999999887e-02
1.920913000000000134e-02
1.918469000000000077e-02
2.604097000000000009e-02
2.791412000000000060e-02
1.990199999999999955e-02
1.381279000000000014e-02
1.197895000000000036e-02
1.172638999999999973e-02
1.163884999999999920e-02
1.229909000000000037e-02
1.351665999999999979e-02
1.331777999999999955e-02
9.276750000000000274e-03
9.040090000000000625e-03
9.521669999999999440e-03
8.705279999999999269e-03
8.599280000000000812e-03
9.946989999999999305e-03
1.037033000000000052e-02
1.050824000000000029e-02
1.060901000000000031e-02
1.081764999999999984e-02
9.843539999999999582e-03
1.053284999999999985e-02
1.119331999999999966e-02
1.022520000000000026e-02
1.011385000000000062e-02
1.121799000000000060e-02
1.142569000000000050e-02
1.085911999999999988e-02
9.420430000000000470e-03
9.407699999999999743e-03
8.574139999999999193e-03
9.457810000000000522e-03
1.036194999999999998e-02
1.173277000000000000e-02
1.220313999999999947e-02
1.051286000000000061e-02
1.000887999999999951e-02
1.111594999999999944e-02
1.121436999999999955e-02
9.861419999999999214e-03
1.022093999999999954e-02
8.851490000000000052e-03
1.014735999999999937e-02
8.790080000000000462e-03
