2.496902000000000149e-02
4.072964999999999919e-02
2.407050000000000162e-02
1.989903999999999978e-02
1.474850999999999940e-02
1.052741999999999914e-02
9.546660000000000215e-03
1.585034000000000096e-02
2.203236999999999904e-02
2.349907999999999858e-02
2.027007999999999935e-02
1.649217000000000044e-02
2.137541999999999914e-02
2.953646000000000049e-02
3.442658999999999997e-02
1.644266999999999951e-02
1.563203000000000162e-02
1.486115999999999999e-02
2.054073999999999831e-02
1.837953000000000156e-02
1.676402999999999921e-02
2.144559000000000049e-02
1.888700999999999922e-02
2.233628000000000002e-02
2.713422000000000056e-02
1.977077000000000001e-02
1.595695999999999920e-02
2.155137000000000025e-02
3.395027999999999935e-02
5.369812999999999670e-02
5.522674999999999806e-02
2.555955999999999853e-02
1.976872000000000004e-02
1.350462000000000017e-02
1.720812000000000036e-02
2.501352000000000089e-02
4.254320000000000324e-02
3.035614000000000021e-02
2.841727999999999962e-02
4.179093999999999864e-02
5.067121000000000125e-02
6.611063000000000356e-02
3.295003999999999988e-02
2.316197999999999868e-02
2.369013999999999842e-02
4.897158000000000067e-02
1.188161999999999968e-01
1.900562799999999941e-01
2.698658400000000235e-01
3.061144399999999877e-01
3.208596100000000173e-01
2.981447300000000245e-01
2.424649299999999952e-01
2.142724400000000085e-01
1.233832200000000018e-01
6.092029999999999668e-02
2.666334000000000065e-02
2.360767000000000074e-02
1.802810999999999997e-02
2.029887999999999831e-02
2.305795999999999887e-02
2.382936999999999902e-02
3.282124000000000152e-02
1.554795999999999956e-02
