4.414322999999999858e-02
8.843115999999999477e-02
6.124335999999999669e-02
9.059298000000000350e-02
8.092868999999999757e-02
6.989990000000000092e-02
5.328155999999999864e-02
9.508735999999999577e-02
9.397200999999999471e-02
2.584749000000000074e-02
2.149734000000000020e-02
3.643839000000000106e-02
5.717049999999999910e-02
8.364818000000000253e-02
8.106742000000000115e-02
6.305268999999999457e-02
5.884505000000000291e-02
1.313593700000000031e-01
1.678677199999999980e-01
2.155373800000000006e-01
2.114338099999999998e-01
1.223573899999999964e-01
6.571075999999999306e-02
5.500854000000000160e-02
1.130096500000000032e-01
1.663727299999999965e-01
1.740436900000000009e-01
2.456161199999999933e-01
3.050012300000000121e-01
4.034442899999999832e-01
3.806434899999999733e-01
2.849977300000000047e-01
2.024370100000000006e-01
1.644186499999999995e-01
4.189189099999999777e-01
7.572535900000000320e-01
9.082167100000000381e-01
9.880719799999999609e-01
9.973595100000000047e-01
9.848487999999999687e-01
8.089367200000000535e-01
6.461911200000000077e-01
4.858677699999999766e-01
3.478306800000000032e-01
3.590985000000000010e-02
4.288589999999999763e-02
9.429213000000000178e-02
1.885182300000000089e-01
2.290125199999999972e-01
3.995725500000000263e-01
5.255333800000000499e-01
5.659804899999999472e-01
4.761620500000000034e-01
3.616910899999999929e-01
1.562441599999999930e-01
7.873193000000000552e-02
9.395412000000000208e-02
1.211285500000000015e-01
6.640066999999999497e-02
1.071870600000000007e-01
1.320982400000000057e-01
1.720340800000000059e-01
2.940850600000000092e-01
5.357655000000000056e-02
