8.453330000000000219e-03
4.777290000000000009e-02
2.984846999999999848e-02
1.457564000000000082e-02
9.864809999999999898e-03
1.544595999999999990e-02
2.699355999999999978e-02
2.702186000000000171e-02
1.811716000000000021e-02
2.276500999999999872e-02
1.999549999999999939e-02
1.408191999999999951e-02
1.460480999999999932e-02
1.559939999999999938e-02
3.272909999999999708e-02
3.169882999999999729e-02
2.022906000000000010e-02
1.681492000000000056e-02
2.383458000000000104e-02
2.703846999999999848e-02
2.883544999999999858e-02
1.923077000000000120e-02
3.098228000000000093e-02
5.964865999999999918e-02
6.280666999999999500e-02
7.333344999999999447e-02
5.490149999999999891e-02
1.577049999999999980e-02
1.730030000000000109e-02
2.557885999999999840e-02
4.399651999999999730e-02
7.274490000000000123e-02
9.446166000000000285e-02
8.399737999999999649e-02
1.133321199999999945e-01
1.304582499999999978e-01
1.067142100000000038e-01
8.480964000000000558e-02
2.933958999999999873e-02
4.251796000000000048e-02
1.024476799999999993e-01
3.175819799999999860e-01
5.113009200000000476e-01
6.123479600000000245e-01
6.225597299999999779e-01
5.008498399999999906e-01
4.065101700000000040e-01
3.316259100000000237e-01
1.784437000000000106e-01
3.958477999999999997e-02
1.266572000000000010e-02
2.303534999999999958e-02
2.024383000000000085e-02
6.255876000000000492e-02
1.649602099999999960e-01
2.217509199999999903e-01
1.699543400000000093e-01
1.614616100000000054e-01
1.514468300000000045e-01
1.858173200000000080e-01
1.361699799999999960e-01
6.497131000000000434e-02
2.907360999999999973e-02
2.031410999999999981e-02
