1.261394000000000057e-02
1.823005999999999932e-02
1.761611000000000080e-02
1.352773999999999990e-02
1.190510000000000006e-02
1.006149999999999926e-02
9.270950000000000024e-03
1.512349999999999979e-02
2.715586999999999862e-02
4.016100000000000225e-02
4.705092999999999775e-02
5.226444000000000228e-02
5.269423000000000162e-02
5.578563999999999745e-02
3.834229000000000109e-02
3.155534000000000117e-02
2.751382000000000133e-02
1.604697999999999888e-02
1.182931000000000087e-02
8.887489999999999626e-03
9.105139999999999414e-03
8.645510000000000347e-03
1.062580999999999942e-02
1.206433999999999979e-02
1.692528000000000088e-02
1.917927999999999994e-02
1.798411000000000107e-02
1.300367000000000016e-02
1.099365000000000064e-02
9.282820000000000654e-03
1.052632000000000047e-02
1.023768000000000074e-02
1.113065000000000061e-02
1.211603999999999980e-02
1.122790000000000073e-02
1.044199999999999989e-02
1.024017999999999977e-02
1.005318000000000010e-02
1.030629999999999914e-02
8.763629999999999684e-03
9.017819999999999309e-03
9.423479999999999704e-03
8.924049999999999344e-03
9.855940000000000534e-03
9.082289999999999808e-03
9.329330000000000261e-03
1.021712999999999961e-02
9.354249999999999718e-03
8.675880000000000397e-03
8.367799999999999891e-03
9.609650000000000830e-03
9.485210000000000863e-03
9.630329999999999446e-03
1.007885000000000031e-02
8.908420000000000227e-03
8.752299999999999316e-03
8.343959999999999225e-03
8.900240000000000234e-03
9.658570000000000003e-03
9.689859999999999793e-03
9.504939999999999917e-03
9.445590000000000236e-03
8.490940000000000640e-03
7.701610000000000227e-03
