7.761360000000000134e-03
1.158967999999999977e-02
1.507623999999999943e-02
1.772400999999999838e-02
1.816865000000000147e-02
1.951040000000000066e-02
1.983746000000000120e-02
1.740115000000000064e-02
1.525202999999999975e-02
1.493179000000000034e-02
1.489479999999999971e-02
1.028359000000000044e-02
8.898859999999999756e-03
8.832069999999999158e-03
8.407329999999999318e-03
8.884299999999999489e-03
9.818999999999999603e-03
1.149910999999999989e-02
1.029905000000000057e-02
1.025288000000000067e-02
1.082378999999999980e-02
1.015558000000000086e-02
9.123809999999999559e-03
8.482879999999999934e-03
8.243169999999999317e-03
8.179930000000000187e-03
8.632350000000000440e-03
8.276850000000000526e-03
8.811259999999999579e-03
8.710860000000000825e-03
8.365539999999999435e-03
8.154339999999999505e-03
8.171529999999999766e-03
8.242980000000000446e-03
8.273970000000000283e-03
8.442929999999999532e-03
8.126019999999999424e-03
8.270069999999999158e-03
8.449609999999999760e-03
9.463430000000000106e-03
8.106800000000000811e-03
8.322249999999999787e-03
8.552389999999999992e-03
9.116489999999999663e-03
9.276329999999999298e-03
8.851480000000000112e-03
8.817049999999999887e-03
8.906370000000000259e-03
8.305180000000000548e-03
8.092600000000000141e-03
8.308350000000000804e-03
8.642300000000000329e-03
8.547249999999999293e-03
8.629970000000000696e-03
8.699530000000000457e-03
8.202779999999999794e-03
8.390450000000000685e-03
9.526440000000000602e-03
9.205619999999999428e-03
8.888570000000000151e-03
8.348430000000000434e-03
8.116639999999999619e-03
7.860699999999999979e-03
7.699140000000000150e-03
