7.764319999999999902e-03
1.283429999999999988e-02
1.886755000000000029e-02
3.474388999999999950e-02
2.546775000000000080e-02
2.213255999999999904e-02
1.498732000000000016e-02
1.017672000000000021e-02
1.155197999999999989e-02
3.013172999999999893e-02
3.736467000000000260e-02
1.649735000000000090e-02
1.906313999999999925e-02
3.037735999999999909e-02
4.655680999999999709e-02
5.970931000000000155e-02
3.780846000000000207e-02
4.061950000000000283e-02
1.785969000000000098e-02
1.513022999999999972e-02
1.759138000000000021e-02
3.847567999999999822e-02
5.382075000000000053e-02
4.560290000000000177e-02
4.084259999999999974e-02
4.792673000000000072e-02
8.843061000000000671e-02
1.060333799999999965e-01
6.551179999999999504e-02
2.678055999999999839e-02
2.378831000000000001e-02
7.610986000000000140e-02
1.371881100000000020e-01
3.407547200000000109e-01
3.249328400000000006e-01
4.083082699999999732e-01
3.906030400000000125e-01
3.107207100000000111e-01
1.898029300000000086e-01
9.170005999999999990e-02
2.635215999999999947e-02
1.320068999999999930e-02
1.001854999999999933e-02
1.977270000000000069e-02
3.990236999999999951e-02
4.502969999999999889e-02
6.061359000000000191e-02
1.280010900000000118e-01
6.041226999999999708e-02
6.554223000000000687e-02
6.077743000000000034e-02
3.328968000000000205e-02
1.088541999999999982e-02
2.008812000000000098e-02
2.642138999999999946e-02
3.781377999999999823e-02
3.200473999999999680e-02
5.099891000000000146e-02
4.520673000000000052e-02
2.568706999999999935e-02
2.029800999999999828e-02
3.363810999999999884e-02
1.709222999999999992e-02
1.355793999999999923e-02
