7.471979999999999594e-03
1.346343000000000019e-02
1.126434999999999936e-02
1.669727999999999837e-02
1.133581999999999992e-02
1.237491999999999932e-02
9.810869999999999314e-03
9.859369999999999246e-03
9.350630000000000400e-03
9.190900000000000111e-03
1.472883000000000005e-02
1.152764000000000046e-02
1.430451999999999939e-02
2.119905999999999874e-02
2.065786999999999832e-02
1.906352000000000046e-02
1.135123000000000035e-02
1.030642000000000016e-02
1.308273000000000075e-02
1.424208000000000071e-02
1.534748000000000015e-02
1.528002000000000006e-02
2.122989999999999947e-02
2.364509000000000055e-02
2.323098999999999997e-02
2.545882999999999827e-02
2.981423999999999880e-02
2.260295999999999833e-02
1.484795000000000038e-02
3.231057999999999847e-02
5.192164999999999975e-02
6.633329000000000308e-02
1.155502000000000057e-01
1.732559899999999986e-01
1.220245799999999936e-01
1.276392600000000044e-01
1.052138199999999996e-01
5.033947999999999895e-02
3.492467999999999961e-02
1.823284000000000016e-02
1.421222999999999931e-02
2.023571999999999871e-02
1.552632999999999965e-02
1.790133000000000002e-02
3.076902000000000109e-02
3.763538000000000300e-02
3.580528999999999656e-02
3.411709000000000269e-02
1.914775999999999978e-02
1.551161000000000033e-02
9.665309999999999874e-03
1.617176999999999851e-02
1.320804000000000075e-02
1.197725999999999999e-02
2.076338000000000142e-02
2.215469000000000119e-02
1.320699000000000005e-02
2.324228000000000058e-02
2.262851999999999919e-02
1.832777000000000017e-02
1.072356999999999998e-02
1.060151999999999969e-02
9.819480000000000222e-03
9.260749999999999885e-03
