2.147477000000000066e-02
4.031073000000000295e-02
5.384586000000000233e-02
5.585368999999999751e-02
5.716559000000000224e-02
2.401761999999999994e-02
1.460080000000000058e-02
9.564410000000000620e-03
1.832558999999999924e-02
2.816279000000000005e-02
1.774956000000000103e-02
2.104649999999999924e-02
3.284342999999999985e-02
4.395533000000000079e-02
7.564178000000000568e-02
6.595061000000000673e-02
5.543577999999999700e-02
3.640086000000000016e-02
1.413301999999999961e-02
1.876065999999999845e-02
5.966102999999999684e-02
1.617010999999999865e-01
1.964387700000000125e-01
1.852862700000000029e-01
2.128339599999999887e-01
2.230887099999999956e-01
1.724098000000000019e-01
9.937548999999999688e-02
5.790304999999999758e-02
2.086466000000000015e-02
1.758314000000000057e-02
1.484495000000000085e-02
1.659623000000000001e-02
2.961897999999999961e-02
5.411346999999999685e-02
5.213359000000000049e-02
6.426031000000000104e-02
8.709068000000000365e-02
6.968718999999999608e-02
3.636684999999999918e-02
2.395502999999999869e-02
2.121893999999999864e-02
1.403529000000000061e-02
1.665774999999999895e-02
2.330157000000000062e-02
1.892510999999999846e-02
2.195423000000000166e-02
1.608429000000000109e-02
1.590364999999999834e-02
1.356073000000000001e-02
1.832427000000000014e-02
1.713670000000000124e-02
1.269846999999999990e-02
1.137972999999999936e-02
1.201272999999999924e-02
1.354275999999999917e-02
1.403019999999999962e-02
2.993459000000000050e-02
3.355228999999999850e-02
3.587271000000000210e-02
1.604018000000000110e-02
9.923700000000000576e-03
1.002965999999999927e-02
1.163476999999999914e-02
