2.538713999999999901e-02
4.823422000000000126e-02
1.606741999999999893e-02
3.192923999999999762e-02
2.779705000000000023e-02
1.913901999999999964e-02
1.348672000000000065e-02
2.245491999999999974e-02
3.326240999999999920e-02
6.298744000000000565e-02
4.578747999999999846e-02
6.530716000000000299e-02
3.850168999999999814e-02
1.130800000000000034e-02
2.835471000000000172e-02
5.450593000000000105e-02
4.496631999999999713e-02
2.994820000000000121e-02
2.146518000000000037e-02
1.721417999999999907e-02
4.310201000000000310e-02
1.241569899999999949e-01
1.411534200000000017e-01
4.811987999999999682e-02
1.926684000000000035e-02
2.973980000000000026e-02
5.032998000000000333e-02
6.203271999999999953e-02
7.473907000000000467e-02
3.811414999999999942e-02
1.976106000000000043e-02
3.627052000000000054e-02
5.235936000000000062e-02
4.767973999999999823e-02
3.282500000000000001e-02
3.825337999999999655e-02
5.340849999999999764e-02
1.343654099999999907e-01
1.178130500000000025e-01
6.025596999999999898e-02
1.990708000000000061e-02
2.381393999999999872e-02
5.085118000000000277e-02
8.839700000000000335e-02
1.144757799999999992e-01
1.320761400000000085e-01
1.711274700000000037e-01
1.932802600000000093e-01
1.982307600000000058e-01
1.798589800000000016e-01
1.455961899999999865e-01
1.133931900000000048e-01
4.381424999999999903e-02
8.175918000000000074e-02
2.249776900000000079e-01
3.404761900000000119e-01
5.416773000000000282e-01
6.565212000000000270e-01
7.255513700000000288e-01
7.380471800000000249e-01
7.392029799999999540e-01
7.365946799999999461e-01
5.073531900000000094e-01
4.406625000000000125e-02
