7.918339999999999407e-03
8.874879999999999922e-03
8.419919999999999141e-03
8.171819999999999778e-03
9.241169999999999940e-03
1.184657000000000071e-02
1.370388999999999982e-02
1.237814999999999922e-02
1.251765999999999990e-02
8.437659999999999605e-03
8.926009999999999847e-03
9.472529999999999839e-03
9.685569999999999249e-03
9.709580000000000641e-03
9.457270000000000260e-03
9.286829999999999391e-03
8.626609999999999834e-03
9.329459999999999489e-03
1.108351999999999948e-02
1.293327000000000018e-02
9.789680000000000257e-03
8.826940000000000133e-03
9.240879999999999928e-03
1.037517999999999947e-02
9.674310000000000201e-03
1.218757999999999994e-02
1.002229999999999961e-02
9.298970000000000152e-03
9.553330000000000502e-03
8.657349999999999421e-03
9.453249999999999847e-03
9.085229999999999695e-03
9.927170000000000785e-03
1.319024000000000064e-02
1.733089000000000157e-02
1.365208000000000046e-02
1.095009000000000086e-02
8.965860000000000843e-03
1.526172999999999939e-02
1.883831999999999868e-02
1.467549999999999931e-02
1.136498000000000022e-02
1.467069000000000012e-02
1.927424999999999972e-02
3.352937999999999752e-02
2.410154999999999936e-02
1.979155999999999971e-02
1.891376000000000168e-02
9.676459999999999576e-03
1.593413000000000121e-02
2.495777999999999885e-02
2.071701999999999919e-02
3.655742000000000019e-02
4.945433999999999941e-02
6.069021000000000138e-02
5.024715999999999905e-02
5.215012000000000120e-02
5.036293000000000020e-02
4.789481000000000294e-02
3.611661000000000038e-02
1.949802999999999953e-02
1.330700999999999933e-02
1.004376000000000053e-02
1.048837000000000033e-02
