7.270109999999999767e-03
8.719279999999999392e-03
1.020778999999999957e-02
1.022115999999999997e-02
1.006346999999999971e-02
1.178928999999999915e-02
1.128993000000000010e-02
1.197152999999999932e-02
1.228864999999999992e-02
1.041709000000000038e-02
1.168170999999999966e-02
8.540960000000000218e-03
1.001486000000000043e-02
1.401691000000000048e-02
1.975116000000000024e-02
2.519253000000000117e-02
2.531013999999999833e-02
2.473393000000000119e-02
2.363838999999999871e-02
2.170680999999999999e-02
1.889692000000000108e-02
1.622594000000000120e-02
1.225674000000000034e-02
9.706360000000000682e-03
8.521910000000000596e-03
9.347350000000000797e-03
1.019200999999999961e-02
1.139434999999999927e-02
1.304340000000000013e-02
1.596130000000000118e-02
1.837948999999999833e-02
1.407116999999999916e-02
1.258381000000000083e-02
9.471910000000000052e-03
9.504200000000000842e-03
1.009384999999999970e-02
9.722879999999999717e-03
8.715229999999999158e-03
8.813180000000000319e-03
9.070280000000000009e-03
9.214319999999999802e-03
8.881389999999999424e-03
8.218720000000000539e-03
8.438549999999999524e-03
8.416420000000000845e-03
8.713850000000000415e-03
8.703910000000000466e-03
8.869719999999999341e-03
8.724489999999999676e-03
9.484009999999999316e-03
9.545420000000000640e-03
9.900169999999999804e-03
8.980600000000000041e-03
8.457169999999999965e-03
8.423570000000000016e-03
8.690899999999999667e-03
9.083290000000000808e-03
9.500869999999999801e-03
9.363679999999999226e-03
8.651940000000000325e-03
8.090820000000000303e-03
8.758639999999999828e-03
8.593170000000000669e-03
7.934780000000000652e-03
