6.749418999999999558e-02
1.507742099999999918e-01
1.779072700000000062e-01
2.345195700000000105e-01
1.957633599999999974e-01
9.189451999999999343e-02
3.672587000000000074e-02
1.343621000000000051e-02
4.852913999999999839e-02
7.935965000000000380e-02
3.847836999999999785e-02
3.631837000000000260e-02
9.758756000000000375e-02
1.589934100000000017e-01
2.885268000000000277e-01
2.543031000000000041e-01
2.122031699999999965e-01
1.175897800000000049e-01
3.537991000000000053e-02
3.886592999999999992e-02
1.542597400000000063e-01
5.194133499999999959e-01
6.757213499999999984e-01
7.126373099999999683e-01
7.366774099999999770e-01
7.548936600000000219e-01
6.035047799999999629e-01
4.634330899999999920e-01
2.006896699999999867e-01
9.409362999999999755e-02
5.303433999999999926e-02
3.871020000000000016e-02
3.445841000000000182e-02
8.805417000000000105e-02
1.842304200000000058e-01
2.143686300000000045e-01
2.367649400000000071e-01
3.059157699999999758e-01
2.672224000000000266e-01
1.222421900000000006e-01
4.715888000000000024e-02
4.934732000000000007e-02
3.675242000000000092e-02
5.748252999999999696e-02
7.517569000000000334e-02
5.761153000000000107e-02
4.330223999999999879e-02
3.956732999999999778e-02
4.956159000000000259e-02
3.450552999999999954e-02
5.613122000000000250e-02
5.284002000000000143e-02
2.363770000000000107e-02
2.732346000000000080e-02
3.524489000000000094e-02
3.367769000000000318e-02
3.214869000000000060e-02
5.595688000000000051e-02
1.326945300000000050e-01
1.102865999999999985e-01
4.954523999999999734e-02
3.148116000000000109e-02
2.245886999999999883e-02
2.872235000000000066e-02
