2.568294000000000132e-02
9.710035000000000194e-02
1.799150599999999878e-01
1.673942800000000064e-01
2.257981699999999925e-01
3.286997099999999783e-01
3.263056599999999974e-01
3.825520600000000271e-01
3.308251199999999725e-01
2.216073899999999874e-01
1.534086600000000022e-01
8.997342999999999313e-02
3.067296400000000256e-01
5.456349299999999625e-01
7.190965400000000063e-01
8.715649800000000447e-01
9.325573999999999808e-01
8.906072999999999906e-01
8.425251799999999847e-01
7.405966499999999675e-01
5.377703299999999631e-01
2.774372999999999978e-01
1.087675800000000026e-01
6.512432999999999417e-02
6.707478000000000051e-02
1.090003100000000030e-01
2.088682699999999948e-01
2.643487800000000054e-01
2.757997799999999944e-01
4.068237499999999840e-01
4.185417000000000165e-01
2.285024400000000011e-01
1.516832599999999864e-01
7.434520000000000017e-02
8.792666000000000370e-02
1.212220600000000065e-01
9.864185999999999788e-02
3.625512000000000179e-02
4.478864999999999930e-02
6.613769999999999372e-02
7.158759000000000650e-02
4.713306999999999913e-02
2.506258999999999917e-02
2.985557999999999962e-02
2.607386999999999899e-02
2.850665000000000143e-02
3.082622000000000140e-02
4.815061000000000341e-02
7.196341000000000543e-02
9.461819999999999953e-02
1.027331100000000025e-01
6.110622000000000276e-02
3.462633999999999851e-02
1.953939000000000023e-02
2.987692000000000125e-02
5.032796999999999965e-02
6.972635000000000638e-02
6.554914000000000573e-02
5.305566999999999922e-02
4.699488999999999750e-02
2.123525999999999886e-02
2.804813999999999918e-02
4.581297000000000147e-02
3.465242000000000322e-02
