7.771799999999999715e-03
8.732860000000000275e-03
8.217689999999999717e-03
8.432550000000000462e-03
8.910059999999999161e-03
8.801810000000000189e-03
8.463750000000000787e-03
8.053430000000000311e-03
8.349890000000000437e-03
8.713959999999999761e-03
9.173989999999999922e-03
9.367369999999999863e-03
9.097980000000000303e-03
8.746119999999999589e-03
8.647089999999999638e-03
8.643049999999999344e-03
8.354469999999999258e-03
8.378019999999999912e-03
9.533500000000000307e-03
1.011064000000000060e-02
9.641769999999999161e-03
1.070195000000000000e-02
1.063265000000000043e-02
8.894400000000000223e-03
9.487249999999999156e-03
9.535049999999999776e-03
8.987749999999999212e-03
9.499209999999999252e-03
1.006580999999999969e-02
9.429170000000000607e-03
8.476970000000000338e-03
8.233310000000000628e-03
9.005489999999999676e-03
8.884430000000000452e-03
8.881419999999999246e-03
9.343900000000000469e-03
9.339639999999999748e-03
1.133997999999999950e-02
1.047965000000000008e-02
9.102290000000000728e-03
8.753069999999999948e-03
8.994810000000000652e-03
8.648249999999999688e-03
8.949969999999999801e-03
1.186992000000000082e-02
1.504156000000000069e-02
1.652578000000000033e-02
1.466593000000000063e-02
1.089582000000000050e-02
1.222757000000000011e-02
1.311392999999999934e-02
1.332783000000000058e-02
1.143529000000000073e-02
1.058898999999999951e-02
9.705460000000000823e-03
1.109618000000000063e-02
1.816465999999999914e-02
2.789989999999999831e-02
3.479659999999999698e-02
3.807494000000000156e-02
4.123108000000000328e-02
4.541909999999999697e-02
3.070998000000000130e-02
8.355800000000000033e-03
