7.361239999999999797e-03
8.231999999999999734e-03
8.048659999999999148e-03
8.232180000000000400e-03
8.332539999999999392e-03
8.252110000000000001e-03
7.939989999999999201e-03
8.017069999999999405e-03
8.015740000000000365e-03
8.304570000000000701e-03
8.687630000000000005e-03
8.705150000000000041e-03
8.337660000000000210e-03
8.202640000000000625e-03
8.443859999999999214e-03
8.831630000000000036e-03
8.721760000000000276e-03
8.073949999999999877e-03
8.344829999999999262e-03
8.051779999999999701e-03
8.517709999999999518e-03
9.239340000000000400e-03
9.532149999999999651e-03
8.805069999999999911e-03
8.303740000000000426e-03
8.460459999999999509e-03
8.628629999999999980e-03
8.574979999999999408e-03
8.910430000000000433e-03
8.756039999999999657e-03
8.089819999999999303e-03
8.242340000000000777e-03
8.296229999999999924e-03
8.596039999999999237e-03
8.833580000000000598e-03
8.634559999999999458e-03
8.608720000000000261e-03
9.708659999999999166e-03
9.124580000000000191e-03
8.720759999999999276e-03
9.229229999999999726e-03
9.363959999999999298e-03
8.645349999999999563e-03
8.707869999999999500e-03
9.263830000000000675e-03
1.005151999999999955e-02
1.062530000000000072e-02
1.080275999999999979e-02
9.957350000000000229e-03
1.086891000000000072e-02
1.105831999999999996e-02
1.107164000000000065e-02
8.698880000000000848e-03
8.745420000000000277e-03
9.710709999999999134e-03
1.131968000000000037e-02
1.417092999999999998e-02
1.803491000000000122e-02
2.115662999999999919e-02
2.244871999999999840e-02
2.550470000000000168e-02
2.545568999999999957e-02
1.803282999999999969e-02
7.863870000000000235e-03
