7.667720000000000265e-03
8.558190000000000242e-03
8.622519999999999837e-03
8.660460000000000033e-03
8.473450000000000426e-03
8.641569999999999460e-03
8.308609999999999260e-03
8.268330000000000818e-03
8.437999999999999320e-03
7.993290000000000117e-03
8.616350000000000051e-03
8.527309999999999751e-03
8.584829999999999892e-03
8.830980000000000427e-03
8.881260000000000196e-03
9.083410000000000095e-03
8.901259999999999381e-03
8.902270000000000322e-03
9.673019999999999188e-03
9.540319999999999703e-03
8.899749999999999675e-03
8.663940000000000183e-03
8.693920000000000814e-03
8.602729999999999405e-03
8.199639999999999360e-03
8.668920000000000098e-03
8.228080000000000463e-03
8.911270000000000649e-03
8.772850000000000439e-03
8.146010000000000403e-03
9.129369999999999499e-03
9.253040000000000570e-03
9.081739999999999605e-03
9.532139999999999710e-03
1.167819999999999969e-02
1.262434999999999946e-02
8.879540000000000002e-03
9.157989999999999534e-03
1.021123999999999990e-02
9.720440000000000330e-03
8.193219999999999323e-03
8.472220000000000792e-03
1.085768999999999970e-02
1.458545999999999974e-02
1.597979000000000066e-02
1.286602000000000058e-02
1.031533999999999923e-02
9.254119999999999360e-03
9.392410000000000342e-03
1.312676999999999941e-02
1.457986999999999998e-02
1.425281999999999938e-02
1.574176000000000047e-02
2.064898000000000081e-02
3.055543999999999968e-02
3.309528999999999943e-02
3.658329999999999915e-02
3.694858000000000170e-02
3.234180999999999861e-02
2.511296000000000014e-02
2.010342000000000032e-02
1.657298999999999925e-02
1.118023999999999928e-02
7.400089999999999793e-03
