1.039349000000000002e-02
1.642653999999999989e-02
1.874518999999999838e-02
2.076594999999999830e-02
2.430701000000000042e-02
1.483266999999999919e-02
1.203978999999999987e-02
9.748329999999999496e-03
9.583090000000000705e-03
1.016095000000000019e-02
1.084602999999999956e-02
1.105161999999999985e-02
1.267163999999999964e-02
1.708267000000000119e-02
2.142774999999999888e-02
2.774282000000000137e-02
2.578499999999999889e-02
2.412134000000000153e-02
1.570453999999999947e-02
1.169804999999999977e-02
1.315329999999999971e-02
2.764393000000000059e-02
5.363684999999999981e-02
6.936609000000000524e-02
9.010497000000000645e-02
1.187025300000000005e-01
9.114078000000000457e-02
6.957578999999999847e-02
4.818236000000000047e-02
2.664276999999999965e-02
1.761768999999999835e-02
9.968150000000000274e-03
1.021874000000000046e-02
1.429483999999999963e-02
1.909270000000000064e-02
2.122367000000000004e-02
2.926474999999999910e-02
3.858744000000000063e-02
3.771406000000000064e-02
1.880750000000000130e-02
1.453077000000000014e-02
1.175338000000000077e-02
9.689649999999999305e-03
1.075220999999999989e-02
1.437386000000000046e-02
1.216567999999999990e-02
1.058938000000000067e-02
1.150827999999999920e-02
1.102400000000000081e-02
1.052325999999999956e-02
1.087572000000000018e-02
1.116836000000000044e-02
9.004369999999999388e-03
9.962340000000000084e-03
1.228455999999999992e-02
1.112203999999999970e-02
1.069243999999999924e-02
1.236046000000000020e-02
1.476006000000000019e-02
1.519857999999999973e-02
1.353093999999999998e-02
1.175853999999999962e-02
1.235398000000000052e-02
9.658240000000000228e-03
