7.689149999999999631e-03
1.160457999999999976e-02
1.029879000000000037e-02
9.310489999999999391e-03
9.374280000000000460e-03
9.525070000000000064e-03
9.239179999999999615e-03
9.563469999999999263e-03
1.044190000000000049e-02
1.214130000000000070e-02
1.326340999999999978e-02
1.456617999999999975e-02
1.547446000000000065e-02
1.292943000000000044e-02
1.232841999999999966e-02
9.606780000000000527e-03
9.444169999999999995e-03
1.230887999999999947e-02
2.644269000000000133e-02
3.972147000000000178e-02
5.086993000000000070e-02
5.406550999999999718e-02
4.898841000000000306e-02
3.912663999999999725e-02
2.649340000000000028e-02
1.897373000000000115e-02
1.619225999999999999e-02
9.618559999999999957e-03
9.969910000000000230e-03
1.076697000000000071e-02
1.116178999999999956e-02
1.491127000000000077e-02
1.361779999999999935e-02
2.143170000000000144e-02
1.851910999999999835e-02
1.467076999999999964e-02
1.152885000000000021e-02
1.034170000000000054e-02
9.279249999999999304e-03
1.026267999999999972e-02
1.257960999999999975e-02
1.031274000000000080e-02
1.165159999999999980e-02
9.264299999999999619e-03
9.149440000000000003e-03
9.422919999999999560e-03
1.070640999999999954e-02
9.269150000000000306e-03
9.232850000000000779e-03
9.786639999999999229e-03
9.782700000000000076e-03
1.090483000000000077e-02
1.165073999999999971e-02
1.003525000000000077e-02
9.730030000000000623e-03
1.035379999999999981e-02
9.702850000000000710e-03
9.560640000000000457e-03
8.886049999999999505e-03
9.517650000000000762e-03
1.049349999999999936e-02
1.183267999999999993e-02
1.167147999999999970e-02
8.803439999999999183e-03
