8.390669999999999379e-03
1.240602000000000024e-02
1.033098999999999996e-02
9.550750000000000212e-03
8.851009999999999434e-03
8.880719999999999933e-03
1.132633000000000077e-02
1.413780000000000071e-02
1.634706999999999827e-02
2.230619000000000005e-02
2.209710000000000146e-02
2.297986999999999946e-02
2.225241999999999845e-02
1.887341000000000019e-02
1.508477000000000082e-02
1.334563000000000069e-02
1.075166999999999963e-02
9.923130000000000492e-03
8.324410000000000837e-03
8.914069999999999633e-03
9.657110000000000000e-03
9.247659999999999561e-03
9.859349999999999364e-03
1.150469999999999965e-02
1.104169999999999978e-02
1.131294000000000050e-02
9.883559999999999568e-03
8.381670000000000786e-03
8.445770000000000013e-03
8.461480000000000390e-03
8.293079999999999549e-03
8.167409999999999948e-03
8.504519999999999788e-03
8.829039999999999805e-03
8.533489999999999479e-03
8.388460000000000361e-03
8.413939999999999961e-03
8.526860000000000689e-03
9.201630000000000573e-03
8.568990000000000287e-03
8.573189999999999630e-03
8.578030000000000377e-03
8.661929999999999977e-03
8.776749999999999829e-03
9.196960000000000551e-03
8.622529999999999778e-03
8.604739999999999611e-03
8.322579999999999562e-03
8.527160000000000642e-03
8.785150000000000250e-03
8.794279999999999806e-03
9.043960000000000193e-03
8.604479999999999421e-03
8.293019999999999906e-03
8.797889999999999183e-03
8.784820000000000476e-03
8.879019999999999621e-03
8.358880000000000823e-03
8.405060000000000656e-03
8.390359999999999485e-03
8.169910000000000713e-03
8.198139999999999594e-03
8.683980000000000865e-03
7.551219999999999981e-03
