1.580184999999999923e-02
2.419637999999999997e-02
1.641244999999999857e-02
1.661183000000000104e-02
2.374944000000000013e-02
1.627336999999999881e-02
1.632271000000000069e-02
1.114861999999999971e-02
1.182156999999999999e-02
1.490623999999999942e-02
2.082453000000000082e-02
4.059016000000000013e-02
3.782051000000000163e-02
3.057549999999999851e-02
2.573906000000000110e-02
1.781550000000000147e-02
1.066864000000000007e-02
1.231677999999999940e-02
3.719581999999999750e-02
5.776354000000000211e-02
4.948870999999999826e-02
5.557559000000000110e-02
5.565338999999999703e-02
4.119927000000000311e-02
3.528623000000000176e-02
5.362396999999999997e-02
2.957676999999999876e-02
1.986059999999999909e-02
3.998307999999999723e-02
4.290995000000000226e-02
2.296404000000000153e-02
1.845497000000000110e-02
3.070629999999999887e-02
1.965070999999999832e-02
3.106679999999999858e-02
4.251988999999999769e-02
3.903896999999999923e-02
4.810135000000000105e-02
5.161614999999999953e-02
5.067421999999999899e-02
5.489037000000000083e-02
3.944124999999999714e-02
1.961830000000000171e-02
2.967289000000000038e-02
6.038258999999999987e-02
9.486785999999999830e-02
1.064775800000000022e-01
1.117826299999999939e-01
6.400696999999999637e-02
1.386657199999999923e-01
1.613667900000000099e-01
1.643967600000000029e-01
1.116719099999999992e-01
7.202632999999999952e-02
4.330893000000000242e-02
9.314670999999999368e-02
1.977334299999999878e-01
3.373517100000000268e-01
4.518602199999999791e-01
5.369951099999999977e-01
6.158783399999999686e-01
6.912287499999999474e-01
5.716570600000000502e-01
3.323405000000000109e-02
