7.713030000000000060e-03
1.092932999999999925e-02
9.533460000000000545e-03
1.021293000000000027e-02
1.391966000000000037e-02
2.313207999999999931e-02
3.404250999999999805e-02
4.609744999999999815e-02
4.626046999999999798e-02
5.610184000000000004e-02
5.938695000000000085e-02
4.861299000000000176e-02
3.857685999999999754e-02
2.499364999999999920e-02
1.390420000000000024e-02
1.052277000000000073e-02
9.677170000000000563e-03
9.634349999999999858e-03
1.029400999999999927e-02
1.272261000000000052e-02
1.514363999999999988e-02
1.700760000000000119e-02
1.768327999999999914e-02
1.634423000000000126e-02
1.631985000000000033e-02
1.316787999999999986e-02
1.181430999999999974e-02
9.614299999999999236e-03
1.048904999999999976e-02
1.045871999999999948e-02
9.981340000000000004e-03
9.288299999999999335e-03
8.915100000000000455e-03
9.516739999999999228e-03
9.673080000000000567e-03
8.929889999999999356e-03
9.144869999999999388e-03
1.008352000000000033e-02
1.062230999999999939e-02
8.566570000000000781e-03
8.161250000000000102e-03
9.349029999999999493e-03
1.079592000000000052e-02
1.044237999999999937e-02
9.431059999999999791e-03
8.707859999999999559e-03
8.927440000000000028e-03
8.933099999999999374e-03
9.459789999999999172e-03
1.035024000000000013e-02
9.843569999999999404e-03
1.026192000000000076e-02
8.573449999999999821e-03
8.545290000000000524e-03
1.073895000000000058e-02
9.788029999999999647e-03
1.109782999999999950e-02
8.357079999999999370e-03
8.456730000000000844e-03
8.637999999999999845e-03
9.148260000000000072e-03
9.470789999999999764e-03
1.083037000000000062e-02
7.998730000000000770e-03
