8.752110000000000445e-03
1.544445000000000019e-02
2.384469000000000172e-02
2.028067999999999885e-02
2.670058000000000153e-02
3.450786000000000131e-02
2.557177000000000061e-02
1.243625999999999933e-02
1.282983000000000040e-02
1.598248000000000030e-02
2.764888000000000068e-02
4.312505999999999978e-02
8.275718999999999437e-02
9.999616000000000060e-02
1.014060499999999976e-01
1.078929899999999942e-01
8.825131999999999421e-02
7.004222999999999699e-02
4.122553000000000328e-02
2.034584999999999866e-02
1.300133000000000018e-02
1.194307000000000007e-02
1.034819000000000017e-02
1.122072000000000000e-02
1.751064000000000093e-02
1.785037999999999903e-02
2.045773999999999856e-02
2.523457000000000131e-02
1.973632999999999985e-02
1.369545999999999958e-02
1.369768000000000027e-02
1.050908000000000050e-02
1.042322000000000040e-02
1.423554999999999959e-02
1.363823999999999939e-02
1.365638999999999915e-02
1.195447999999999997e-02
9.150890000000000066e-03
9.803660000000000499e-03
1.018121999999999951e-02
1.039308000000000072e-02
9.031809999999999491e-03
8.975959999999999842e-03
9.773499999999999202e-03
9.370579999999999882e-03
9.228449999999999154e-03
1.007096000000000033e-02
1.284659999999999969e-02
1.211379999999999922e-02
1.013380000000000010e-02
1.054998000000000047e-02
9.194469999999999726e-03
1.001113000000000003e-02
1.134206999999999924e-02
1.153007999999999984e-02
1.058481000000000005e-02
9.787449999999999622e-03
8.725699999999999429e-03
9.590569999999999651e-03
1.097837999999999939e-02
1.167570000000000066e-02
1.115058000000000021e-02
1.088406999999999916e-02
8.669849999999999779e-03
