2.108656000000000072e-02
3.517684000000000089e-02
3.654340999999999839e-02
2.841971000000000080e-02
1.966102999999999948e-02
1.670929000000000164e-02
1.332247999999999939e-02
1.120469999999999973e-02
9.355719999999999661e-03
8.818899999999999309e-03
9.405500000000000665e-03
1.014601000000000044e-02
1.347562000000000065e-02
1.658789000000000097e-02
1.788063000000000152e-02
1.625398000000000120e-02
1.597673999999999969e-02
1.771531000000000147e-02
1.306015999999999948e-02
9.469180000000000652e-03
9.105230000000000615e-03
9.216629999999999961e-03
9.356629999999999461e-03
8.561040000000000663e-03
8.849360000000000559e-03
9.551969999999999905e-03
9.176929999999999810e-03
9.602110000000000506e-03
9.239439999999999806e-03
8.759940000000000782e-03
9.009079999999999172e-03
9.480540000000000841e-03
8.741169999999999496e-03
8.273970000000000283e-03
8.794329999999999509e-03
9.626859999999999237e-03
9.303860000000000602e-03
9.588309999999999195e-03
8.594179999999999875e-03
8.372269999999999365e-03
8.423730000000000800e-03
8.694230000000000708e-03
1.062854000000000056e-02
1.022007999999999944e-02
9.801930000000000365e-03
8.560260000000000091e-03
9.952799999999999495e-03
1.011140999999999950e-02
9.557710000000000511e-03
8.997800000000000242e-03
8.374009999999999440e-03
8.278119999999999923e-03
8.401429999999999662e-03
9.340060000000000723e-03
9.851300000000000334e-03
9.413309999999999386e-03
9.464770000000000821e-03
8.719350000000000711e-03
8.777019999999999961e-03
8.724100000000000257e-03
9.319100000000000300e-03
9.007219999999999810e-03
8.732860000000000275e-03
7.937140000000000514e-03
