8.417289999999999148e-03
1.441377999999999930e-02
1.653846999999999956e-02
1.941731999999999833e-02
1.710650999999999838e-02
1.793807000000000040e-02
1.200952999999999916e-02
1.031176999999999962e-02
1.064194000000000077e-02
1.800751000000000088e-02
2.144149999999999875e-02
2.150880999999999973e-02
1.723579999999999904e-02
2.056954000000000074e-02
1.698061000000000015e-02
2.728076999999999933e-02
2.876911000000000052e-02
1.532326999999999995e-02
1.040253000000000011e-02
1.463663999999999937e-02
1.403930999999999929e-02
1.686723999999999862e-02
2.840037000000000117e-02
2.169948000000000016e-02
3.779269999999999852e-02
3.979326999999999864e-02
4.817363000000000200e-02
3.790845999999999799e-02
2.981887000000000079e-02
2.979437000000000058e-02
1.773425000000000001e-02
2.788217999999999946e-02
3.775073000000000317e-02
4.008141999999999955e-02
3.427235000000000004e-02
4.708434999999999704e-02
4.442382999999999749e-02
5.870667000000000246e-02
5.381234000000000017e-02
3.998937000000000325e-02
3.212957999999999786e-02
2.766791999999999863e-02
8.965085999999999888e-02
1.889039100000000082e-01
2.798803400000000052e-01
3.612526400000000137e-01
3.666052499999999936e-01
3.644642200000000054e-01
3.051614500000000008e-01
1.993852700000000033e-01
1.422768199999999983e-01
1.257061399999999940e-01
4.781247999999999748e-02
3.112778999999999893e-02
2.456146999999999844e-02
3.497937999999999742e-02
5.023492999999999709e-02
5.571360000000000201e-02
7.707659000000000038e-02
1.201652700000000046e-01
1.492418799999999934e-01
1.020908700000000002e-01
5.653840999999999728e-02
2.057722999999999844e-02
