9.697060000000000402e-03
1.859695999999999919e-02
1.800171000000000063e-02
1.459042999999999972e-02
1.820277999999999827e-02
1.503591999999999949e-02
1.856930000000000039e-02
1.871321999999999916e-02
1.478353999999999953e-02
1.134236999999999919e-02
2.095833999999999891e-02
2.669701999999999839e-02
2.951041999999999901e-02
3.007962999999999956e-02
2.927824999999999872e-02
2.456041000000000127e-02
1.317584999999999937e-02
2.005277000000000101e-02
4.116522999999999710e-02
5.263100999999999891e-02
4.162081000000000114e-02
2.527698000000000098e-02
2.006814000000000167e-02
2.409775999999999932e-02
4.635812999999999739e-02
5.402389999999999970e-02
3.079474999999999921e-02
1.615542000000000020e-02
1.764628000000000030e-02
3.395704000000000083e-02
2.197788999999999993e-02
2.587988000000000094e-02
2.641024000000000149e-02
1.493090000000000042e-02
3.242743000000000014e-02
4.033160999999999691e-02
3.140475000000000211e-02
2.145655000000000132e-02
2.992246999999999962e-02
4.826467999999999731e-02
5.939313000000000231e-02
4.271789000000000142e-02
2.349456999999999934e-02
2.294668999999999875e-02
3.967137999999999914e-02
6.203051999999999871e-02
9.914605999999999419e-02
8.772183999999999537e-02
6.194643999999999845e-02
1.057280899999999968e-01
1.215392099999999947e-01
1.208858500000000030e-01
1.115030099999999996e-01
8.386770999999999809e-02
4.314960999999999797e-02
4.504500000000000171e-02
6.710649000000000475e-02
1.408546699999999874e-01
2.163694200000000067e-01
2.810540499999999997e-01
4.250099099999999908e-01
5.980401600000000428e-01
4.013279100000000099e-01
3.029866999999999977e-02
