7.578829999999999942e-03
1.071995000000000066e-02
1.157903000000000057e-02
1.187032000000000018e-02
1.144691999999999932e-02
1.020900999999999927e-02
8.460509999999999212e-03
8.658439999999999886e-03
9.696120000000000780e-03
1.136328999999999985e-02
1.239408999999999997e-02
1.146655000000000070e-02
1.202628000000000030e-02
1.713324999999999917e-02
2.029453000000000160e-02
2.085008000000000000e-02
1.390151000000000060e-02
1.092454999999999989e-02
1.034153999999999976e-02
1.175983000000000063e-02
1.115825999999999971e-02
1.733480000000000090e-02
1.794917999999999861e-02
1.434373000000000072e-02
1.845166000000000167e-02
1.961167999999999939e-02
2.081596000000000141e-02
2.942770999999999929e-02
1.367280000000000058e-02
1.070692999999999992e-02
1.683915999999999885e-02
4.015791999999999973e-02
7.735148999999999497e-02
7.331780999999999715e-02
8.253132999999999997e-02
8.648380999999999430e-02
7.426831999999999878e-02
4.289107999999999810e-02
2.278258000000000019e-02
1.175968999999999973e-02
1.034495000000000033e-02
1.302514999999999923e-02
1.304342000000000001e-02
9.430090000000000347e-03
1.556621000000000046e-02
2.446366000000000165e-02
3.093303999999999845e-02
3.412918999999999675e-02
1.835878999999999983e-02
1.970846999999999877e-02
1.558462000000000042e-02
1.022519000000000032e-02
9.825260000000000590e-03
1.460479999999999938e-02
1.885817000000000049e-02
1.604693000000000092e-02
1.691563000000000094e-02
1.897522000000000097e-02
2.291270000000000112e-02
1.414195000000000035e-02
9.996770000000000309e-03
1.673747000000000082e-02
1.033627999999999977e-02
9.999670000000000433e-03
