1.399564000000000016e-02
2.692007000000000080e-02
3.737001000000000211e-02
2.970099000000000003e-02
1.886397000000000074e-02
1.563296000000000130e-02
1.582721000000000128e-02
1.378399999999999938e-02
1.473325999999999976e-02
2.396863000000000118e-02
2.350999999999999965e-02
1.823750000000000024e-02
1.254048999999999962e-02
1.455907000000000034e-02
1.860090999999999828e-02
3.866979000000000249e-02
3.822968999999999673e-02
1.390501000000000063e-02
1.039306000000000084e-02
1.180163000000000045e-02
2.086127999999999941e-02
1.973319000000000115e-02
2.475018999999999830e-02
2.671824000000000074e-02
3.384503999999999985e-02
5.772474999999999828e-02
6.781734000000000373e-02
2.923154999999999851e-02
2.165312000000000139e-02
2.111296999999999827e-02
3.123690999999999968e-02
5.005977000000000343e-02
4.986971999999999933e-02
4.927701999999999777e-02
5.916401999999999772e-02
7.097441000000000166e-02
7.791289999999999327e-02
7.290525000000000477e-02
4.551496000000000014e-02
2.546429999999999874e-02
3.303696999999999884e-02
1.142246900000000037e-01
2.601697399999999827e-01
3.627059200000000150e-01
3.954266000000000170e-01
3.895867800000000214e-01
3.280242700000000067e-01
2.616868600000000211e-01
1.936770700000000067e-01
9.117556000000000271e-02
5.970759999999999956e-02
6.032384999999999831e-02
2.120713000000000112e-02
1.620753000000000124e-02
5.575477999999999684e-02
5.666083999999999704e-02
4.045428999999999692e-02
6.206331999999999821e-02
7.926716000000000317e-02
1.244883199999999995e-01
1.083027899999999960e-01
6.974281999999999704e-02
3.636948000000000264e-02
1.925997999999999946e-02
