7.573850000000000027e-03
9.891590000000000452e-03
1.077703999999999988e-02
1.136907000000000022e-02
1.365243000000000012e-02
1.281006999999999979e-02
1.013158999999999935e-02
1.092083999999999937e-02
1.081555000000000016e-02
9.497790000000000746e-03
9.121020000000000516e-03
9.571210000000000134e-03
9.125750000000000181e-03
9.202719999999999304e-03
1.084581000000000087e-02
1.012995000000000041e-02
1.064787000000000025e-02
9.861480000000000593e-03
9.755120000000000804e-03
1.280685999999999977e-02
1.492103000000000006e-02
1.470208999999999926e-02
1.090325999999999969e-02
9.178560000000000538e-03
9.520449999999999746e-03
1.103090999999999967e-02
1.133322999999999969e-02
1.217732000000000016e-02
1.117093000000000079e-02
1.583077000000000095e-02
2.147632000000000013e-02
2.230893999999999933e-02
1.873887000000000122e-02
1.117451000000000035e-02
1.004334999999999950e-02
1.656262999999999833e-02
2.622311000000000086e-02
3.825822000000000250e-02
6.711232000000000308e-02
6.775375000000000147e-02
5.446372000000000019e-02
4.193937999999999833e-02
3.725185000000000302e-02
3.995644999999999752e-02
1.278408999999999969e-02
1.145318000000000030e-02
1.408769999999999988e-02
9.460150000000000503e-03
1.104412999999999923e-02
1.417170000000000062e-02
1.651220000000000118e-02
1.928610999999999867e-02
2.086860999999999924e-02
2.445148000000000113e-02
1.580035000000000120e-02
1.736166000000000098e-02
1.595084999999999906e-02
9.909889999999999324e-03
9.060079999999999870e-03
1.106820000000000026e-02
1.028197999999999959e-02
1.015989999999999949e-02
1.096713000000000028e-02
8.053839999999999610e-03
