7.982710000000000500e-03
1.099965999999999965e-02
1.063123000000000019e-02
1.159338000000000035e-02
1.307510999999999916e-02
1.575970999999999969e-02
1.390558000000000072e-02
1.298627999999999935e-02
1.075353000000000073e-02
8.488070000000000337e-03
9.048409999999999787e-03
1.147228999999999957e-02
1.697442000000000048e-02
2.435986000000000054e-02
2.977482999999999866e-02
3.653180999999999790e-02
3.347601000000000049e-02
2.916896999999999893e-02
1.804358000000000004e-02
1.622008000000000130e-02
1.118427999999999957e-02
9.575560000000000321e-03
1.001124999999999932e-02
8.502279999999999213e-03
9.287439999999999238e-03
1.037694999999999937e-02
1.177193999999999983e-02
1.347565000000000048e-02
1.387984999999999913e-02
1.213385999999999978e-02
1.139786999999999918e-02
9.080430000000000446e-03
9.494179999999999633e-03
9.541300000000000822e-03
8.834470000000000517e-03
9.872479999999999450e-03
1.032773000000000024e-02
8.929819999999999772e-03
8.256950000000000747e-03
9.062129999999999838e-03
9.136939999999999645e-03
8.221090000000000342e-03
8.175959999999999478e-03
8.478990000000000485e-03
8.222550000000000345e-03
8.382409999999999861e-03
8.765560000000000365e-03
9.994070000000000731e-03
8.792770000000000100e-03
9.623500000000000110e-03
9.676459999999999576e-03
8.512079999999999994e-03
8.528159999999999907e-03
8.974730000000000207e-03
8.912460000000000521e-03
8.955770000000000050e-03
8.934700000000000281e-03
9.131500000000000727e-03
8.404850000000000168e-03
8.314969999999999653e-03
8.280819999999999501e-03
8.918040000000000342e-03
8.461549999999999974e-03
7.543929999999999907e-03
