7.987030000000000865e-03
9.131739999999999302e-03
1.428360000000000046e-02
1.840860000000000066e-02
4.051530999999999882e-02
5.448841000000000101e-02
7.902626000000000095e-02
8.544219000000000119e-02
8.600206000000000517e-02
8.788861000000000590e-02
9.053411999999999571e-02
5.707659999999999817e-02
4.070572000000000079e-02
2.455142999999999909e-02
1.404022000000000082e-02
1.107193000000000066e-02
1.028173999999999928e-02
9.899959999999999316e-03
1.283537000000000046e-02
1.841355000000000075e-02
2.618287999999999865e-02
2.897732000000000085e-02
2.518574999999999980e-02
2.037156999999999857e-02
2.400758000000000059e-02
1.738390999999999895e-02
1.673565000000000122e-02
1.315370000000000081e-02
1.338280000000000025e-02
1.283053999999999965e-02
1.162527000000000005e-02
1.038540999999999943e-02
1.076248999999999956e-02
9.708269999999999747e-03
9.168050000000000505e-03
9.453919999999999338e-03
1.086995999999999969e-02
1.248327999999999938e-02
1.121174999999999949e-02
8.509469999999999881e-03
9.166389999999999955e-03
1.052398000000000049e-02
1.245621000000000055e-02
1.102084000000000050e-02
9.858910000000000243e-03
9.639170000000000724e-03
1.058856000000000033e-02
1.020282999999999954e-02
1.187678999999999992e-02
1.252828999999999922e-02
1.027520999999999990e-02
1.009271999999999947e-02
1.010709000000000087e-02
1.246894999999999948e-02
1.312665000000000012e-02
1.355101000000000049e-02
1.207112999999999936e-02
9.010229999999999281e-03
8.964480000000000365e-03
9.536219999999999766e-03
1.038348000000000049e-02
1.036357000000000077e-02
1.274081999999999992e-02
8.661069999999999880e-03
