1.065177999999999958e-02
1.393859000000000070e-02
1.194972000000000048e-02
9.396859999999999935e-03
1.136137000000000084e-02
2.067833999999999992e-02
3.284801999999999861e-02
3.163015999999999744e-02
3.099994999999999834e-02
1.602138000000000173e-02
9.021160000000000290e-03
1.148849000000000051e-02
2.066313999999999998e-02
2.199053999999999939e-02
2.248580000000000023e-02
1.865912000000000126e-02
1.305325000000000062e-02
1.711060999999999832e-02
1.921629000000000045e-02
3.170129000000000002e-02
2.456438999999999845e-02
1.602587999999999929e-02
2.526530999999999916e-02
2.974330000000000029e-02
3.193663000000000057e-02
3.588710999999999984e-02
2.034833000000000128e-02
1.962830999999999951e-02
1.345831999999999931e-02
1.171127999999999926e-02
1.244673999999999954e-02
1.612919999999999979e-02
1.628620999999999888e-02
2.397526000000000171e-02
4.369524000000000324e-02
3.385661999999999699e-02
1.508001999999999954e-02
1.696297999999999903e-02
2.478906000000000165e-02
3.703085999999999878e-02
2.863138000000000141e-02
2.045343999999999982e-02
2.606001000000000151e-02
4.586466000000000154e-02
6.369223000000000245e-02
5.894560000000000077e-02
6.189739999999999825e-02
7.069129000000000385e-02
2.518795000000000062e-02
4.242823999999999901e-02
7.345970000000000277e-02
9.189194000000000528e-02
1.788864300000000129e-01
2.554717100000000185e-01
3.226407800000000159e-01
2.917920600000000197e-01
2.873350100000000018e-01
2.629711599999999816e-01
2.302905799999999947e-01
1.638293100000000058e-01
9.052759000000000500e-02
4.677088000000000079e-02
1.882647000000000140e-02
1.536557000000000027e-02
