7.509390000000000336e-03
1.016893999999999958e-02
1.081754000000000049e-02
1.085946999999999954e-02
1.090466000000000005e-02
1.187639000000000056e-02
9.536940000000000695e-03
1.155398000000000015e-02
1.174046999999999938e-02
9.249729999999999411e-03
9.383549999999999183e-03
9.371700000000000169e-03
9.534590000000000773e-03
9.965709999999999152e-03
1.000574000000000081e-02
1.128452999999999921e-02
9.814959999999999310e-03
1.013455000000000085e-02
1.209110000000000046e-02
1.544169999999999918e-02
1.600224000000000091e-02
1.242489999999999914e-02
1.097876000000000060e-02
9.586839999999999251e-03
1.337152999999999953e-02
1.281997999999999992e-02
1.470925000000000010e-02
1.512460000000000020e-02
1.220030000000000073e-02
1.484550999999999926e-02
2.065973000000000115e-02
1.942761000000000141e-02
1.934264000000000122e-02
1.148745999999999969e-02
1.226702999999999995e-02
2.985122999999999943e-02
4.339011000000000257e-02
5.926601000000000091e-02
8.183952999999999367e-02
6.563359000000000554e-02
4.678181000000000006e-02
2.916434000000000040e-02
2.152393000000000015e-02
2.004863000000000131e-02
1.499130000000000081e-02
1.104352999999999932e-02
1.079670999999999929e-02
9.943550000000000652e-03
1.354820999999999977e-02
1.471111999999999941e-02
1.768273999999999888e-02
1.807094999999999882e-02
2.149975999999999970e-02
1.859987999999999919e-02
1.600073999999999941e-02
1.654047000000000156e-02
1.342769000000000081e-02
1.321253000000000011e-02
9.817279999999999410e-03
1.171639000000000014e-02
1.230130999999999933e-02
1.184064999999999944e-02
1.317545000000000001e-02
8.349590000000000484e-03
