7.504890000000000172e-03
1.056835000000000066e-02
1.684857999999999842e-02
1.807939000000000074e-02
1.767215999999999926e-02
2.171613000000000016e-02
1.774904999999999886e-02
2.471144000000000118e-02
2.937212999999999977e-02
2.815083999999999989e-02
2.924347000000000057e-02
1.346830000000000076e-02
1.261875999999999970e-02
2.538547999999999846e-02
4.876607000000000164e-02
8.596191000000000249e-02
1.038878300000000005e-01
1.011559999999999959e-01
1.034575300000000059e-01
8.892289999999999917e-02
6.963331000000000381e-02
4.693433000000000327e-02
3.377618000000000287e-02
1.911343000000000070e-02
1.014257000000000006e-02
1.173711000000000025e-02
1.294672000000000010e-02
1.275994000000000086e-02
1.580056000000000169e-02
4.001832999999999779e-02
4.737869000000000108e-02
3.203211999999999726e-02
3.174998999999999877e-02
2.039554000000000020e-02
1.706432999999999908e-02
1.470798000000000071e-02
1.237810999999999946e-02
1.168742000000000045e-02
1.239204999999999994e-02
1.381939000000000084e-02
1.349530999999999994e-02
1.393271999999999913e-02
9.978070000000000342e-03
1.020186000000000009e-02
9.384840000000000196e-03
1.156263000000000082e-02
1.275126000000000037e-02
1.118675000000000051e-02
8.914800000000000502e-03
1.156261999999999915e-02
1.571805999999999898e-02
1.530950000000000019e-02
1.386160999999999990e-02
1.209672000000000004e-02
8.634259999999999505e-03
8.836329999999999879e-03
1.023101000000000045e-02
1.265806000000000049e-02
1.600562999999999986e-02
1.141327999999999961e-02
9.918220000000000161e-03
1.039561999999999951e-02
9.256779999999999176e-03
9.535899999999999932e-03
