7.716080000000000161e-03
9.203980000000000494e-03
8.599179999999999671e-03
8.094999999999999765e-03
8.433390000000000677e-03
1.001461000000000018e-02
1.304512000000000033e-02
1.297417000000000015e-02
1.237094000000000041e-02
9.492949999999999999e-03
8.230539999999999731e-03
8.242529999999999649e-03
8.841130000000000863e-03
1.015256999999999965e-02
1.044128000000000070e-02
1.033886000000000006e-02
8.946829999999999367e-03
8.513990000000000793e-03
8.719060000000000699e-03
1.058760000000000083e-02
9.913830000000000212e-03
1.030390999999999946e-02
1.063095000000000012e-02
1.017774999999999930e-02
1.014433000000000001e-02
1.182202000000000079e-02
1.067635999999999932e-02
1.027588999999999933e-02
8.638450000000000642e-03
8.896120000000000416e-03
9.161360000000000336e-03
9.836110000000000339e-03
9.885969999999999133e-03
1.054531000000000045e-02
1.219975000000000052e-02
1.340936000000000038e-02
1.034595999999999953e-02
1.134342999999999983e-02
9.730509999999999507e-03
1.139197999999999947e-02
1.092954999999999968e-02
1.048300999999999920e-02
1.154742999999999915e-02
1.381116999999999935e-02
1.488599999999999993e-02
1.391628999999999956e-02
1.756962000000000107e-02
1.648718999999999879e-02
1.290539999999999916e-02
1.036626000000000040e-02
9.632339999999999652e-03
1.229551000000000081e-02
1.857661999999999855e-02
2.856679999999999983e-02
4.552413000000000293e-02
4.993075000000000291e-02
5.747504999999999975e-02
6.166709000000000079e-02
6.228626999999999775e-02
5.189614000000000033e-02
3.315830000000000166e-02
2.333659000000000081e-02
1.414672999999999972e-02
8.688770000000000174e-03
