6.325830999999999815e-02
1.312467499999999954e-01
1.543961899999999887e-01
1.639491200000000037e-01
1.486168099999999881e-01
1.313615999999999950e-01
1.083615299999999976e-01
5.880823000000000300e-02
3.910496000000000111e-02
2.787861000000000158e-02
2.403165000000000162e-02
1.379054000000000044e-02
1.618276999999999910e-02
1.812828999999999829e-02
2.393912000000000123e-02
3.499780999999999725e-02
3.442731000000000263e-02
5.451726999999999962e-02
3.962508000000000002e-02
2.503570000000000101e-02
2.051154999999999992e-02
1.522686000000000005e-02
1.167989000000000006e-02
1.137877999999999980e-02
1.228787999999999929e-02
1.510358000000000013e-02
9.843360000000000651e-03
1.044981000000000035e-02
1.206680000000000079e-02
1.511160999999999928e-02
1.084302000000000009e-02
1.066528999999999915e-02
1.085479999999999952e-02
9.702729999999999688e-03
1.026682999999999936e-02
9.054279999999999620e-03
9.118609999999999216e-03
1.019925999999999992e-02
1.235996999999999964e-02
1.402660000000000018e-02
9.825989999999999724e-03
1.136119000000000018e-02
1.415631000000000007e-02
1.422124999999999952e-02
1.688210999999999878e-02
1.241648000000000057e-02
9.902450000000000141e-03
1.007523999999999920e-02
9.741170000000000384e-03
1.076434000000000071e-02
1.239785000000000019e-02
1.111498999999999994e-02
9.411370000000000499e-03
1.013116000000000017e-02
9.996239999999999987e-03
1.033373999999999925e-02
1.129989999999999988e-02
1.327166999999999930e-02
1.208721999999999921e-02
1.061659000000000040e-02
1.050740000000000007e-02
1.041594000000000027e-02
9.737209999999999616e-03
8.908309999999999146e-03
