7.838829999999999756e-03
9.281460000000000057e-03
8.344439999999999844e-03
8.413640000000000008e-03
8.334400000000000489e-03
9.740320000000000228e-03
9.919100000000000139e-03
1.042923999999999934e-02
1.057209999999999921e-02
9.551010000000000402e-03
8.780599999999999516e-03
8.317559999999999884e-03
8.758860000000000257e-03
9.208640000000000575e-03
9.479069999999999163e-03
1.012943000000000003e-02
9.139500000000000055e-03
8.551039999999999336e-03
9.929860000000000422e-03
9.589749999999999316e-03
9.336940000000000170e-03
1.033201000000000085e-02
1.060932000000000021e-02
9.898940000000000169e-03
9.134039999999999521e-03
9.928140000000000229e-03
9.771449999999999234e-03
9.111279999999999379e-03
8.757140000000000063e-03
8.903140000000000359e-03
8.954880000000000131e-03
9.144259999999999541e-03
9.125819999999999765e-03
1.034594999999999959e-02
1.283251000000000010e-02
1.203930999999999925e-02
9.837270000000000389e-03
9.943489999999999274e-03
9.352869999999999240e-03
1.021648999999999995e-02
1.043100999999999924e-02
1.116282000000000038e-02
1.116041000000000082e-02
1.293194999999999935e-02
1.481763000000000004e-02
1.402927999999999988e-02
1.549231000000000046e-02
1.415445000000000071e-02
1.098122999999999981e-02
1.075773000000000007e-02
1.021933000000000043e-02
1.228228999999999953e-02
1.859121000000000037e-02
2.761655999999999833e-02
4.371346999999999733e-02
4.564514000000000071e-02
5.412924999999999681e-02
5.710408000000000150e-02
5.802270999999999818e-02
4.760794000000000137e-02
3.505130000000000051e-02
2.041700000000000112e-02
1.259596999999999974e-02
8.456550000000000178e-03
