2.747023000000000173e-02
7.630244999999999389e-02
6.384291000000000271e-02
3.250941999999999721e-02
2.022952000000000083e-02
1.636386000000000090e-02
4.590903999999999818e-02
1.125795700000000038e-01
2.310396600000000078e-01
2.991294899999999979e-01
3.514987800000000107e-01
3.458129500000000078e-01
4.017739000000000171e-01
2.983077199999999984e-01
1.836927999999999894e-01
1.317345099999999991e-01
9.605582999999999483e-02
3.400514999999999788e-02
1.654585000000000083e-02
1.509810999999999966e-02
1.655842999999999898e-02
1.663968999999999865e-02
3.629658999999999663e-02
6.618743000000000543e-02
8.900112999999999774e-02
8.793070000000000053e-02
6.882029000000000618e-02
2.533617999999999981e-02
1.730931000000000136e-02
1.709665999999999964e-02
2.283887000000000070e-02
2.261126999999999929e-02
2.208805000000000143e-02
2.903315999999999883e-02
3.227887000000000117e-02
3.424647000000000108e-02
2.310134000000000146e-02
1.775944000000000134e-02
2.129947999999999911e-02
1.599247999999999989e-02
1.557702000000000045e-02
1.729609999999999828e-02
1.198191000000000013e-02
1.674600999999999867e-02
1.744566999999999993e-02
2.325868000000000033e-02
1.719031999999999852e-02
1.645123000000000071e-02
1.810950000000000060e-02
2.355650000000000105e-02
2.324357999999999980e-02
2.906525000000000081e-02
3.257319999999999660e-02
1.564203999999999942e-02
1.123670000000000051e-02
1.542212999999999917e-02
1.476402999999999917e-02
1.712084999999999996e-02
2.434141999999999903e-02
1.711402000000000062e-02
1.788137999999999880e-02
1.701617000000000060e-02
1.557862999999999956e-02
1.299777000000000050e-02
