7.524710000000000426e-03
9.559859999999999886e-03
1.111259000000000031e-02
1.017759000000000025e-02
1.013622999999999955e-02
1.454419000000000024e-02
1.546646999999999952e-02
1.784169000000000033e-02
1.771997000000000155e-02
1.335713999999999999e-02
1.065235999999999961e-02
9.492530000000000759e-03
8.816159999999999969e-03
9.833389999999999145e-03
1.475786999999999932e-02
1.803242000000000039e-02
1.678146999999999972e-02
1.332734999999999996e-02
1.847323999999999841e-02
2.029310000000000141e-02
3.159866000000000064e-02
1.750795000000000129e-02
1.052740999999999920e-02
9.435600000000000584e-03
1.689778999999999934e-02
3.517032999999999965e-02
5.762297999999999726e-02
9.247263000000000011e-02
9.801745000000000596e-02
8.300306000000000350e-02
5.612682000000000088e-02
4.693711999999999884e-02
2.984368000000000090e-02
1.394399999999999980e-02
1.115904000000000028e-02
9.557639999999999192e-03
1.177313999999999965e-02
1.692828999999999862e-02
2.041168000000000149e-02
1.965284999999999949e-02
2.523537000000000002e-02
2.036962000000000148e-02
1.986577999999999955e-02
1.262426000000000000e-02
1.033168999999999928e-02
9.335690000000000655e-03
1.102648999999999990e-02
9.814279999999999879e-03
1.110962000000000061e-02
1.266762999999999917e-02
1.241657999999999998e-02
1.121753999999999980e-02
1.245602999999999988e-02
1.216601999999999961e-02
9.905290000000000622e-03
8.453040000000000206e-03
8.968290000000000289e-03
8.462920000000000512e-03
8.648780000000000009e-03
9.698180000000000689e-03
9.826210000000000153e-03
1.047073999999999921e-02
1.130723999999999965e-02
8.571119999999999781e-03
