1.092168999999999952e-02
4.349432999999999772e-02
7.797798999999999703e-02
5.400122999999999729e-02
5.095655000000000323e-02
7.785675999999999708e-02
8.083817000000000086e-02
1.244673599999999991e-01
1.450077300000000013e-01
1.218479299999999932e-01
6.871227000000000584e-02
4.495612999999999693e-02
1.783389999999999975e-02
4.004039999999999683e-02
8.179501000000000133e-02
1.044145699999999982e-01
1.169025100000000011e-01
6.384660000000000335e-02
1.224002000000000007e-01
2.261231200000000108e-01
3.008730700000000202e-01
1.879535900000000037e-01
7.436631000000000491e-02
3.102807999999999955e-02
6.099079000000000306e-02
2.724352500000000177e-01
5.703648900000000133e-01
7.185575400000000501e-01
7.800493800000000144e-01
7.214419800000000382e-01
6.520856000000000430e-01
5.600558500000000217e-01
3.284451400000000243e-01
1.329003099999999937e-01
5.703989000000000281e-02
2.887255999999999850e-02
5.830057999999999768e-02
1.205718800000000063e-01
1.423259400000000119e-01
1.921247500000000108e-01
2.543569800000000103e-01
2.096404400000000112e-01
1.802255500000000121e-01
6.710264000000000506e-02
2.966991000000000073e-02
2.443435000000000051e-02
3.757685000000000192e-02
4.765951999999999689e-02
2.809125999999999984e-02
5.465054999999999913e-02
5.900497999999999854e-02
3.890136999999999762e-02
4.702437000000000283e-02
5.651719000000000187e-02
2.852079999999999893e-02
1.453295999999999928e-02
1.118023999999999928e-02
1.785822999999999924e-02
2.620323000000000097e-02
2.779130000000000142e-02
2.142606999999999845e-02
2.436794000000000113e-02
2.808131999999999989e-02
2.346871000000000027e-02
