7.539389999999999981e-03
8.487389999999999171e-03
8.284810000000000091e-03
8.538779999999999287e-03
8.413429999999999520e-03
8.714430000000000440e-03
8.703169999999999656e-03
8.705940000000000553e-03
8.663280000000000633e-03
8.876619999999999996e-03
8.896420000000000369e-03
8.690849999999999964e-03
8.531240000000000698e-03
8.772840000000000499e-03
8.889309999999999226e-03
8.636130000000000542e-03
8.585960000000000120e-03
8.760310000000000319e-03
8.296680000000000721e-03
8.383989999999999151e-03
8.693909999999999139e-03
8.493719999999999742e-03
8.524560000000000470e-03
8.284069999999999281e-03
8.361610000000000223e-03
8.854030000000000580e-03
8.663779999999999398e-03
8.970670000000000033e-03
8.585109999999999963e-03
8.566660000000000247e-03
8.708729999999999596e-03
8.590499999999999178e-03
8.566390000000000116e-03
8.630590000000000483e-03
8.279500000000000401e-03
8.753789999999999141e-03
9.217430000000000415e-03
8.957480000000000303e-03
9.452250000000000582e-03
9.187449999999999783e-03
8.758709999999999413e-03
9.150749999999999162e-03
9.295150000000000287e-03
1.059057000000000054e-02
1.021099999999999959e-02
8.971480000000000427e-03
9.569829999999999656e-03
9.620580000000000104e-03
9.605320000000000524e-03
1.877759000000000025e-02
3.008728000000000097e-02
3.491479000000000110e-02
3.961953000000000003e-02
3.691520999999999691e-02
3.274777999999999717e-02
2.267299000000000050e-02
1.978113000000000093e-02
1.686506999999999937e-02
1.627966000000000135e-02
1.403188000000000005e-02
1.266174999999999939e-02
1.013264999999999999e-02
8.834160000000000623e-03
8.887559999999999211e-03
