1.808241999999999836e-02
4.650739999999999735e-02
3.403144000000000308e-02
2.297091999999999884e-02
2.006016000000000049e-02
2.095626999999999907e-02
1.546203999999999981e-02
1.292319999999999927e-02
9.199989999999999904e-03
9.266599999999999837e-03
1.053991999999999950e-02
9.759719999999999507e-03
1.395165999999999941e-02
1.746291999999999983e-02
2.111912999999999985e-02
1.614310000000000050e-02
1.420128000000000015e-02
1.245785999999999942e-02
1.047435000000000033e-02
9.621189999999999951e-03
8.704550000000000134e-03
9.142749999999999835e-03
8.939509999999999471e-03
8.297389999999999974e-03
8.867430000000000798e-03
9.454560000000000741e-03
9.780850000000000655e-03
8.952939999999999510e-03
9.067840000000000622e-03
9.018530000000000296e-03
8.585189999999999488e-03
8.778700000000000392e-03
8.538499999999999215e-03
8.352480000000000668e-03
8.869510000000000588e-03
8.922170000000000101e-03
8.628890000000000171e-03
8.473849999999999785e-03
8.217969999999999789e-03
8.759990000000000485e-03
8.837360000000000701e-03
8.643490000000000201e-03
8.516050000000000703e-03
8.659959999999999533e-03
9.085019999999999207e-03
9.680410000000000403e-03
9.688220000000000859e-03
9.568689999999999488e-03
8.778690000000000451e-03
8.554690000000000211e-03
8.273549999999999308e-03
8.192740000000000439e-03
9.021599999999999411e-03
9.766840000000000591e-03
8.889170000000000058e-03
8.227840000000000154e-03
8.562139999999999335e-03
9.616210000000000035e-03
8.870329999999999188e-03
8.636740000000000389e-03
8.859979999999999939e-03
8.564560000000000575e-03
8.065269999999999384e-03
7.623089999999999901e-03
