8.558009999999999576e-03
1.759799000000000085e-02
1.820029000000000091e-02
1.439068999999999938e-02
1.132157999999999949e-02
8.978629999999999597e-03
9.513000000000000622e-03
1.034037999999999971e-02
1.059421999999999968e-02
1.236424000000000030e-02
1.121353999999999927e-02
1.136169000000000068e-02
1.186982999999999962e-02
1.321897999999999997e-02
1.546268999999999942e-02
9.522600000000000856e-03
8.544070000000000831e-03
8.829089999999999508e-03
1.177565000000000035e-02
1.767830999999999916e-02
3.135204999999999936e-02
3.823942999999999787e-02
4.105226000000000014e-02
3.115522000000000083e-02
3.182719999999999994e-02
2.857784000000000019e-02
2.188197000000000059e-02
1.371183999999999945e-02
9.791519999999999738e-03
8.405910000000000812e-03
9.394500000000000073e-03
1.199513999999999962e-02
1.274601000000000033e-02
1.718472000000000055e-02
1.868569999999999953e-02
1.622820000000000165e-02
1.513180000000000081e-02
1.174359999999999987e-02
9.673420000000000282e-03
9.106730000000000380e-03
8.977219999999999298e-03
9.335720000000000476e-03
9.163040000000000768e-03
8.743189999999999643e-03
8.631099999999999189e-03
8.400549999999999684e-03
8.487160000000000537e-03
8.539869999999999753e-03
8.352160000000000833e-03
8.303539999999999879e-03
9.096339999999999634e-03
8.897590000000000360e-03
9.079739999999999339e-03
8.314469999999999153e-03
8.364210000000000395e-03
9.194030000000000605e-03
9.199290000000000592e-03
9.354960000000000706e-03
1.122595000000000016e-02
1.084641000000000077e-02
8.378389999999999449e-03
8.692019999999999955e-03
8.600830000000000281e-03
7.672779999999999705e-03
