7.332769999999999740e-03
8.872539999999999941e-03
8.972169999999999798e-03
8.613710000000000117e-03
9.001099999999999726e-03
8.847340000000000412e-03
8.814169999999999644e-03
8.532800000000000107e-03
8.388919999999999363e-03
8.495970000000000258e-03
9.005090000000000316e-03
9.348340000000000122e-03
9.442739999999999814e-03
9.196869999999999351e-03
9.066039999999999169e-03
8.578880000000000533e-03
8.235680000000000431e-03
8.480400000000000785e-03
9.529700000000000323e-03
9.631839999999999152e-03
1.027231999999999972e-02
1.048003999999999949e-02
9.940569999999999268e-03
9.062600000000000516e-03
9.045009999999999162e-03
1.057603000000000015e-02
9.194020000000000664e-03
8.652860000000000065e-03
9.269430000000000378e-03
9.291229999999999281e-03
8.482289999999999969e-03
8.198920000000000166e-03
8.494949999999999377e-03
8.977819999999999204e-03
1.003244000000000011e-02
9.710430000000000797e-03
9.209689999999999543e-03
1.077835000000000078e-02
1.101274999999999997e-02
1.050949999999999974e-02
1.100741000000000046e-02
1.028984999999999969e-02
8.691970000000000252e-03
8.454659999999999259e-03
1.100822000000000085e-02
1.548986999999999933e-02
1.795994000000000063e-02
1.437824000000000046e-02
1.232413000000000085e-02
1.384604000000000043e-02
1.326524999999999926e-02
1.392883999999999962e-02
1.132512999999999923e-02
9.697739999999999833e-03
9.009200000000000194e-03
1.064946999999999942e-02
1.537326999999999964e-02
1.984288000000000024e-02
2.600637000000000087e-02
3.233845999999999943e-02
4.513253999999999877e-02
5.953013000000000055e-02
4.803779999999999856e-02
8.589519999999999794e-03
