1.688647000000000065e-02
6.816551999999999334e-02
7.669476000000000071e-02
6.695539000000000351e-02
3.911508999999999819e-02
1.846427000000000138e-02
9.806429999999999661e-03
1.591313000000000102e-02
2.591732999999999884e-02
4.230551999999999924e-02
2.489070999999999992e-02
4.443584999999999896e-02
6.197768000000000027e-02
8.603705000000000380e-02
9.925251000000000212e-02
7.357853000000000310e-02
4.504181000000000157e-02
2.529299999999999951e-02
3.960128999999999733e-02
9.495638000000000689e-02
2.136818000000000051e-01
3.835972799999999849e-01
4.173840600000000012e-01
3.794690399999999797e-01
3.550695500000000115e-01
3.110356300000000074e-01
1.828449699999999956e-01
8.544037000000000159e-02
4.242383000000000265e-02
1.364060999999999919e-02
2.651432000000000094e-02
3.614047000000000093e-02
4.162057000000000256e-02
9.441233000000000264e-02
1.269634199999999935e-01
1.301288899999999971e-01
1.047155000000000030e-01
9.780957999999999319e-02
4.712389000000000161e-02
4.330807999999999880e-02
3.637781999999999821e-02
3.001304000000000125e-02
4.161170000000000146e-02
1.454244000000000023e-02
2.369040000000000035e-02
2.197500999999999968e-02
2.778069000000000024e-02
1.604329000000000172e-02
1.496707000000000072e-02
1.583230999999999875e-02
2.217065999999999829e-02
3.087306000000000078e-02
2.005265999999999993e-02
1.224845999999999921e-02
1.455878000000000033e-02
1.755910999999999930e-02
2.371658999999999920e-02
3.096553000000000153e-02
5.714311999999999864e-02
6.057392000000000332e-02
1.698737000000000164e-02
1.615928000000000156e-02
1.729732000000000144e-02
1.924253999999999895e-02
