8.176219999999999669e-03
9.464190000000000796e-03
8.950980000000000741e-03
1.052786999999999994e-02
8.863189999999999957e-03
9.162160000000000790e-03
8.290550000000000697e-03
8.718230000000000424e-03
8.704780000000000503e-03
9.629389999999999825e-03
9.808159999999999795e-03
9.202880000000000088e-03
1.038749999999999916e-02
1.239649999999999953e-02
1.226620999999999961e-02
1.134152000000000077e-02
1.042629999999999946e-02
8.945069999999999411e-03
9.579519999999999355e-03
1.092626000000000014e-02
1.059598999999999958e-02
9.573969999999999356e-03
1.334942000000000073e-02
1.551795000000000084e-02
1.322118000000000078e-02
1.531412000000000051e-02
1.423298999999999918e-02
1.297316999999999915e-02
9.799250000000000668e-03
1.360950000000000007e-02
1.705372999999999958e-02
2.386964000000000100e-02
3.237316999999999972e-02
3.706015000000000004e-02
3.488464000000000148e-02
4.056639000000000078e-02
3.896215000000000095e-02
1.932000000000000037e-02
1.379636000000000057e-02
9.951480000000000395e-03
9.212309999999999596e-03
1.127515999999999935e-02
1.046488999999999926e-02
1.263006000000000024e-02
1.537637000000000032e-02
2.547198000000000170e-02
1.528215999999999949e-02
2.370038000000000006e-02
1.403247999999999995e-02
9.764250000000000360e-03
9.914360000000000533e-03
9.547850000000000087e-03
8.573010000000000699e-03
1.139553999999999914e-02
1.124502999999999961e-02
1.060384999999999973e-02
1.055963000000000040e-02
1.187760000000000031e-02
1.336870000000000072e-02
1.001668000000000003e-02
8.718450000000000852e-03
9.817640000000000741e-03
8.150720000000000187e-03
7.918210000000000179e-03
