1.072979999999999941e-02
2.141380999999999840e-02
1.858049000000000159e-02
1.667915000000000023e-02
1.155518999999999991e-02
1.045340999999999979e-02
9.582469999999999183e-03
9.323690000000000797e-03
9.528079999999999536e-03
9.429919999999999622e-03
9.811780000000000848e-03
1.053386000000000079e-02
1.233923999999999958e-02
1.595772000000000163e-02
1.866359999999999894e-02
1.375088000000000005e-02
1.202212000000000072e-02
1.057196000000000004e-02
9.589449999999999363e-03
9.016909999999999509e-03
1.034613000000000026e-02
1.006600000000000029e-02
9.377409999999999218e-03
8.499400000000000704e-03
8.719090000000000520e-03
9.588140000000000204e-03
9.671469999999999720e-03
9.158039999999999237e-03
8.740150000000000349e-03
8.730089999999999378e-03
8.394560000000000563e-03
8.227679999999999369e-03
8.304169999999999607e-03
8.302059999999999995e-03
8.756019999999999776e-03
9.250589999999999508e-03
8.662229999999999930e-03
8.509209999999999691e-03
8.983210000000000153e-03
9.204270000000000507e-03
9.239119999999999971e-03
8.405030000000000834e-03
8.584239999999999926e-03
8.230909999999999269e-03
9.008870000000000419e-03
1.004324000000000015e-02
1.001442999999999951e-02
1.032102000000000019e-02
8.590610000000000260e-03
8.443809999999999510e-03
8.282239999999999741e-03
8.885149999999999645e-03
9.238520000000000065e-03
9.249129999999999505e-03
8.665900000000000686e-03
8.343500000000000222e-03
8.416659999999999420e-03
9.824499999999999900e-03
9.472809999999999911e-03
8.432409999999999559e-03
8.695470000000000282e-03
8.391749999999999904e-03
8.465540000000000564e-03
7.728249999999999877e-03
