7.361509999999999929e-03
8.493830000000000824e-03
8.742319999999999605e-03
8.044849999999999224e-03
8.636720000000000508e-03
8.376810000000000159e-03
8.073749999999999330e-03
7.969810000000000783e-03
8.129700000000000121e-03
8.125320000000000112e-03
8.341960000000000694e-03
8.136249999999999385e-03
8.195509999999999601e-03
8.464829999999999577e-03
8.325950000000000364e-03
8.437379999999999533e-03
8.341309999999999350e-03
8.445889999999999301e-03
8.161230000000000220e-03
8.132479999999999223e-03
8.023399999999999976e-03
8.373369999999999772e-03
8.350949999999999346e-03
7.997449999999999698e-03
8.457700000000000287e-03
8.375089999999999965e-03
8.427769999999999359e-03
8.160930000000000267e-03
8.562159999999999216e-03
8.839619999999999422e-03
8.990099999999999134e-03
8.683909999999999546e-03
8.380840000000000511e-03
8.436130000000000018e-03
8.800729999999999664e-03
8.080479999999999260e-03
9.015330000000000218e-03
1.011962999999999925e-02
9.094110000000000735e-03
9.139950000000000851e-03
9.350699999999999984e-03
1.110334999999999968e-02
1.416038000000000019e-02
1.142030999999999949e-02
1.058586000000000076e-02
9.935360000000000719e-03
1.037553000000000086e-02
8.428210000000000215e-03
1.002438999999999934e-02
1.161001000000000047e-02
1.322864999999999978e-02
1.469673999999999980e-02
1.348216999999999992e-02
1.593135000000000037e-02
1.204112000000000064e-02
1.060326999999999971e-02
8.368699999999999750e-03
8.310869999999999716e-03
8.938750000000000515e-03
8.998719999999999983e-03
8.971170000000000533e-03
8.641519999999999757e-03
8.793350000000000125e-03
7.252169999999999624e-03
