8.643170000000000366e-03
1.936552000000000065e-02
2.158583999999999850e-02
2.118197000000000135e-02
1.591402999999999915e-02
1.475393000000000017e-02
1.150276000000000076e-02
1.006607999999999982e-02
8.644310000000000535e-03
8.914820000000000383e-03
9.455379999999999341e-03
8.448219999999999341e-03
8.925560000000000785e-03
1.067558000000000049e-02
1.086128999999999914e-02
1.095924000000000030e-02
1.169413000000000050e-02
1.246753999999999918e-02
1.030819000000000006e-02
9.231760000000000313e-03
8.571469999999999437e-03
8.546649999999999386e-03
9.252160000000000592e-03
9.239000000000000684e-03
9.343159999999999660e-03
9.007209999999999869e-03
8.304149999999999726e-03
8.566600000000000603e-03
8.385180000000000758e-03
8.328880000000000311e-03
8.150839999999999475e-03
8.633820000000000383e-03
8.862760000000000776e-03
8.218879999999999589e-03
8.271129999999999802e-03
8.164740000000000192e-03
8.212550000000000752e-03
8.525899999999999451e-03
9.103840000000000196e-03
8.640850000000000267e-03
8.073719999999999508e-03
9.060469999999999288e-03
9.473219999999999211e-03
8.238920000000000271e-03
8.605669999999999292e-03
8.343480000000000341e-03
8.363330000000000417e-03
8.564250000000000682e-03
9.015260000000000634e-03
8.193340000000000345e-03
8.150249999999999509e-03
8.104760000000000783e-03
8.332330000000000639e-03
8.825360000000000843e-03
8.603289999999999549e-03
8.168069999999999498e-03
8.539160000000000500e-03
8.934910000000000768e-03
8.507699999999999985e-03
8.291780000000000331e-03
8.256350000000000841e-03
8.435549999999999993e-03
8.205169999999999478e-03
7.625159999999999751e-03
