1.330079999999999978e-02
2.130088000000000120e-02
1.828373000000000151e-02
1.570314999999999905e-02
1.247461000000000056e-02
1.001879999999999958e-02
9.518880000000000396e-03
1.056140000000000030e-02
1.335464999999999916e-02
1.471590000000000051e-02
1.453169999999999983e-02
1.678017999999999871e-02
2.157196999999999934e-02
2.100847999999999952e-02
1.945784000000000055e-02
1.294574000000000072e-02
9.871249999999999816e-03
9.337009999999999754e-03
1.663301999999999836e-02
3.696421999999999902e-02
5.853581000000000062e-02
9.090756999999999310e-02
8.980116999999999960e-02
7.975714000000000414e-02
6.080025000000000013e-02
4.707697999999999744e-02
2.975099999999999967e-02
1.813586000000000018e-02
1.145282000000000071e-02
9.974669999999999717e-03
1.019399999999999994e-02
1.264253000000000078e-02
1.540086000000000059e-02
2.033437000000000092e-02
3.195162000000000002e-02
2.401924000000000073e-02
2.267558999999999894e-02
1.805955000000000060e-02
1.353904000000000045e-02
1.220002000000000066e-02
1.354928000000000035e-02
1.298353000000000007e-02
1.187239999999999997e-02
9.938769999999999549e-03
8.714080000000000784e-03
1.008867999999999918e-02
9.877250000000000613e-03
9.549469999999999140e-03
9.478639999999999982e-03
1.060571000000000083e-02
1.129406999999999980e-02
1.207741000000000023e-02
9.800800000000000137e-03
8.591669999999999169e-03
9.557960000000000761e-03
1.060170000000000036e-02
1.132813000000000049e-02
1.170963000000000039e-02
1.421891999999999948e-02
1.279593000000000050e-02
8.867790000000000394e-03
1.009343000000000046e-02
1.046394999999999964e-02
8.620189999999999797e-03
