1.182236000000000051e-02
2.616796000000000053e-02
4.398388000000000297e-02
6.045472000000000345e-02
7.573546999999999918e-02
8.836890999999999496e-02
7.864897999999999334e-02
6.444674999999999709e-02
4.907153000000000209e-02
3.774866000000000332e-02
3.288757999999999959e-02
1.800987999999999895e-02
1.262969000000000071e-02
1.046995000000000044e-02
1.076422999999999963e-02
1.152051999999999937e-02
1.143942000000000049e-02
1.891081999999999833e-02
1.923798999999999995e-02
1.790123999999999882e-02
2.006379999999999969e-02
1.615590999999999902e-02
1.231195000000000032e-02
9.642440000000000386e-03
9.172210000000000085e-03
9.024030000000000593e-03
8.784810000000000535e-03
9.226609999999999673e-03
9.839999999999999789e-03
9.807180000000000411e-03
8.838240000000000679e-03
9.001449999999999382e-03
9.382059999999999358e-03
8.866040000000000379e-03
8.970080000000000067e-03
8.773180000000000214e-03
8.431680000000000424e-03
8.402079999999999271e-03
9.255249999999999588e-03
9.458539999999999656e-03
8.891410000000000632e-03
9.128860000000000793e-03
8.542169999999999971e-03
9.610399999999999845e-03
9.418299999999999242e-03
1.014974000000000084e-02
9.622489999999999169e-03
8.987159999999999246e-03
8.558369999999999173e-03
8.449190000000000519e-03
8.244849999999999748e-03
8.616719999999999588e-03
8.677560000000000828e-03
8.473770000000000260e-03
8.750559999999999242e-03
8.516100000000000406e-03
8.309179999999999344e-03
9.024239999999999345e-03
9.517360000000000750e-03
8.742170000000000496e-03
8.457889999999999159e-03
8.451979999999999563e-03
8.238179999999999462e-03
7.787429999999999700e-03
