7.471720000000000271e-03
8.073900000000000174e-03
8.873119999999999966e-03
8.444399999999999476e-03
9.423130000000000048e-03
1.004863999999999931e-02
1.087849999999999928e-02
1.475455999999999990e-02
1.632118000000000110e-02
1.665341000000000043e-02
1.705597000000000016e-02
1.049480000000000031e-02
8.595850000000000365e-03
1.248738999999999925e-02
1.744944000000000009e-02
2.205121999999999985e-02
2.731389999999999860e-02
2.493139999999999940e-02
3.365496999999999933e-02
2.788134000000000098e-02
2.775889999999999955e-02
1.927683999999999995e-02
1.224776999999999984e-02
9.565469999999999529e-03
8.662140000000000464e-03
9.632820000000000271e-03
1.058874999999999920e-02
1.039094999999999949e-02
1.003095000000000028e-02
1.147757999999999938e-02
1.234697000000000051e-02
1.083706000000000079e-02
1.101786000000000085e-02
9.113869999999999610e-03
9.718380000000000421e-03
8.781850000000000767e-03
9.466739999999999530e-03
9.510400000000000451e-03
9.018399999999999334e-03
1.071055999999999918e-02
9.088699999999999904e-03
9.059380000000000557e-03
8.237710000000000518e-03
8.687049999999999980e-03
8.275660000000000655e-03
8.912299999999999736e-03
8.941410000000000330e-03
8.910539999999999780e-03
8.162569999999999201e-03
9.418400000000000383e-03
9.019579999999999265e-03
1.102320000000000036e-02
9.220219999999999458e-03
9.172200000000000145e-03
8.319349999999999662e-03
8.415590000000000570e-03
8.884420000000000511e-03
9.328619999999999274e-03
9.908719999999999334e-03
1.010627000000000053e-02
8.517099999999999671e-03
8.660579999999999321e-03
8.270589999999999539e-03
7.858600000000000307e-03
