1.035460000000000026e-02
2.963645999999999989e-02
1.973213999999999871e-02
1.345582000000000028e-02
9.940759999999999874e-03
1.196742999999999939e-02
1.147268000000000072e-02
1.135760000000000068e-02
1.007720999999999964e-02
1.002767000000000068e-02
1.241917000000000021e-02
1.460627999999999926e-02
1.520458000000000053e-02
1.717973000000000069e-02
1.729011000000000089e-02
1.273536999999999933e-02
1.159102000000000049e-02
1.114114000000000076e-02
1.097661999999999943e-02
9.943739999999999524e-03
1.038917999999999960e-02
9.990519999999999262e-03
9.404159999999999950e-03
8.966490000000000571e-03
8.145730000000000331e-03
8.499949999999999173e-03
8.900369999999999462e-03
9.436820000000000278e-03
9.300420000000000215e-03
8.828340000000000493e-03
8.317150000000000584e-03
8.495660000000000364e-03
8.752869999999999401e-03
9.392160000000000092e-03
9.280689999999999426e-03
8.979920000000000610e-03
8.358789999999999623e-03
8.725750000000000867e-03
9.310499999999999332e-03
1.017442999999999993e-02
9.856240000000000487e-03
8.530619999999999176e-03
8.476300000000000848e-03
8.469489999999999658e-03
9.734639999999999266e-03
1.062510000000000017e-02
9.912020000000000552e-03
9.133370000000000030e-03
8.708449999999999525e-03
9.383340000000000430e-03
9.518010000000000359e-03
9.367689999999999698e-03
9.359269999999999395e-03
9.578619999999999496e-03
8.771380000000000496e-03
9.192850000000000674e-03
9.120460000000000372e-03
9.134389999999999177e-03
9.197459999999999317e-03
8.490450000000000080e-03
8.837229999999999738e-03
9.483729999999999244e-03
9.510950000000000654e-03
7.814949999999999328e-03
