8.043750000000000552e-03
9.650590000000000557e-03
1.112752000000000012e-02
1.136233000000000035e-02
1.024268000000000053e-02
9.568149999999999225e-03
8.866330000000000391e-03
9.589929999999999982e-03
9.033450000000000160e-03
1.198085999999999943e-02
1.129635000000000014e-02
9.985900000000000679e-03
1.102288000000000052e-02
1.244532999999999924e-02
1.372193000000000024e-02
1.604111000000000078e-02
1.143991999999999926e-02
1.040398000000000017e-02
9.637450000000000530e-03
8.951439999999999744e-03
9.718150000000000052e-03
1.422342000000000051e-02
1.314906000000000061e-02
1.534602000000000015e-02
1.639198000000000044e-02
1.965822000000000055e-02
2.322849999999999915e-02
2.115484000000000114e-02
1.199448000000000007e-02
1.290876000000000003e-02
2.486881000000000161e-02
3.819547999999999693e-02
5.823662000000000283e-02
8.842682000000000320e-02
9.719661999999999746e-02
9.633153999999999328e-02
7.259628999999999388e-02
4.943348000000000186e-02
2.401251000000000080e-02
1.922762999999999903e-02
1.136956000000000078e-02
1.373942000000000045e-02
1.476641000000000065e-02
1.343129000000000024e-02
1.396684999999999940e-02
2.749330999999999997e-02
2.229116999999999904e-02
2.582127999999999854e-02
2.247390999999999972e-02
1.415781999999999978e-02
1.085619999999999988e-02
1.159178999999999939e-02
8.926750000000000657e-03
1.114317000000000085e-02
1.354140000000000031e-02
1.498319000000000040e-02
1.281177000000000010e-02
1.792699000000000029e-02
1.760752999999999971e-02
1.104318999999999960e-02
1.078136000000000025e-02
1.219579999999999970e-02
8.449720000000000841e-03
9.046270000000000353e-03
