1.235867000000000042e-02
2.573976999999999862e-02
1.529425000000000055e-02
1.008792000000000022e-02
2.029774000000000161e-02
5.377558000000000338e-02
7.905676999999999843e-02
8.737654000000000254e-02
7.105496999999999508e-02
3.544006999999999713e-02
1.319707999999999992e-02
1.623480000000000062e-02
3.282170000000000226e-02
4.840151000000000175e-02
4.963207000000000035e-02
5.020350999999999980e-02
2.496831999999999871e-02
2.757547999999999944e-02
5.019287000000000054e-02
7.296389000000000347e-02
5.781839999999999896e-02
4.458473999999999771e-02
4.998687000000000269e-02
5.626884000000000052e-02
7.403611999999999693e-02
7.627340000000000508e-02
4.975319000000000269e-02
3.316654000000000130e-02
2.128098999999999963e-02
2.543770000000000059e-02
3.491376999999999675e-02
3.279980999999999869e-02
3.221132000000000162e-02
7.372589000000000226e-02
1.196280299999999963e-01
8.896118000000000081e-02
4.196263000000000076e-02
3.989093999999999973e-02
3.596740999999999827e-02
6.843791000000000457e-02
6.861238999999999533e-02
6.169117999999999824e-02
8.910105999999999582e-02
1.415593800000000124e-01
1.739244000000000068e-01
1.691970999999999892e-01
2.199376399999999898e-01
2.237104000000000037e-01
8.728313000000000044e-02
8.452914000000000261e-02
1.316854199999999975e-01
2.404970200000000058e-01
4.096954800000000008e-01
5.582504900000000436e-01
7.309589399999999459e-01
7.341081499999999593e-01
7.356677099999999747e-01
7.047941100000000292e-01
6.449918199999999935e-01
5.266787400000000341e-01
3.422225700000000037e-01
2.311667699999999936e-01
8.668586000000000347e-02
3.724609999999999727e-02
