7.559330000000000389e-03
9.881600000000000800e-03
8.953479999999999772e-03
8.511289999999999481e-03
8.673139999999999322e-03
9.489789999999999684e-03
9.631539999999999199e-03
9.886400000000000049e-03
8.569039999999999990e-03
8.640729999999999245e-03
9.062109999999999957e-03
9.103220000000000409e-03
9.746319999999999290e-03
9.042589999999999656e-03
9.415990000000000817e-03
8.820750000000000465e-03
8.398610000000000797e-03
9.498819999999999833e-03
1.026143000000000020e-02
9.404010000000000841e-03
1.038267000000000009e-02
1.026204999999999999e-02
1.056783000000000028e-02
1.039956000000000040e-02
1.154556999999999979e-02
1.086152999999999945e-02
9.981820000000000623e-03
9.278840000000000005e-03
9.271589999999999693e-03
1.001451000000000077e-02
1.088705000000000055e-02
1.103286000000000024e-02
1.191059000000000041e-02
1.147448000000000044e-02
1.587300000000000169e-02
1.979981000000000102e-02
1.417062000000000009e-02
1.062493999999999938e-02
1.178250999999999951e-02
1.817287999999999890e-02
2.731404999999999944e-02
4.275695999999999664e-02
4.887691999999999731e-02
3.649078000000000044e-02
4.067555999999999949e-02
4.514707999999999916e-02
3.636593999999999938e-02
2.415414999999999923e-02
1.406332000000000068e-02
1.057694999999999989e-02
1.291016000000000039e-02
1.440997999999999932e-02
1.208344000000000085e-02
1.359529999999999940e-02
1.529149999999999954e-02
1.887623000000000079e-02
1.411622000000000050e-02
1.274703999999999941e-02
1.487589999999999919e-02
1.476471000000000033e-02
1.031153999999999925e-02
9.809270000000000142e-03
8.259640000000000384e-03
7.801980000000000026e-03
