1.676375999999999908e-02
3.945428000000000129e-02
3.910401000000000155e-02
3.400459000000000120e-02
2.593907000000000157e-02
2.894535000000000163e-02
2.348611999999999922e-02
1.436307000000000035e-02
1.143638999999999940e-02
1.030556000000000007e-02
1.077207999999999985e-02
1.144540999999999961e-02
1.442178000000000036e-02
1.996134999999999923e-02
2.367087999999999831e-02
2.467743000000000020e-02
1.914396999999999974e-02
1.765370000000000134e-02
1.204139000000000077e-02
1.016645000000000049e-02
9.071350000000000594e-03
9.583519999999999886e-03
9.335750000000000298e-03
8.362520000000000023e-03
9.376409999999999953e-03
1.066148999999999916e-02
9.570310000000000275e-03
9.222549999999999498e-03
8.647290000000000185e-03
8.679310000000000844e-03
8.870569999999999497e-03
9.039200000000000707e-03
8.339259999999999382e-03
8.495960000000000317e-03
8.988730000000000331e-03
9.102310000000000609e-03
8.918709999999999832e-03
8.816890000000000838e-03
8.858210000000000042e-03
8.519499999999999296e-03
8.598400000000000834e-03
8.894519999999999510e-03
1.015081999999999963e-02
1.048538000000000074e-02
1.015875999999999932e-02
9.057209999999999567e-03
9.502770000000000661e-03
9.611800000000000205e-03
9.352759999999999893e-03
8.846569999999999781e-03
8.500060000000000254e-03
8.416500000000000370e-03
9.253030000000000629e-03
9.425960000000000588e-03
8.954790000000000666e-03
8.930640000000000106e-03
9.120869999999999672e-03
9.184190000000000062e-03
8.804920000000000802e-03
8.634229999999999683e-03
8.878950000000000037e-03
9.045380000000000434e-03
8.584629999999999345e-03
8.137310000000000029e-03
