8.939729999999999899e-03
1.100526999999999929e-02
1.058890999999999999e-02
1.444255000000000018e-02
1.744501999999999858e-02
1.557295000000000033e-02
1.543341999999999978e-02
1.876252000000000128e-02
2.961588000000000068e-02
3.954553999999999708e-02
4.203579999999999817e-02
2.980353000000000169e-02
1.414351999999999970e-02
9.326769999999999852e-03
1.997443999999999956e-02
4.372659999999999741e-02
6.200396999999999853e-02
7.986290999999999529e-02
1.154149000000000008e-01
1.380286099999999960e-01
1.393337199999999942e-01
1.290110200000000040e-01
7.933241000000000598e-02
4.566429000000000321e-02
2.578000000000000083e-02
1.231294999999999959e-02
1.159382999999999941e-02
1.171014000000000083e-02
1.862122999999999903e-02
3.280932000000000293e-02
4.250182999999999739e-02
4.218625000000000153e-02
4.900066000000000144e-02
4.013119999999999882e-02
3.127540000000000181e-02
1.665254000000000040e-02
1.038182999999999988e-02
1.160404999999999943e-02
1.605432999999999860e-02
1.538327999999999918e-02
1.228146999999999919e-02
1.363913999999999925e-02
1.455144000000000055e-02
1.175678999999999960e-02
1.121627000000000041e-02
1.191779999999999923e-02
1.171312000000000048e-02
1.133940999999999942e-02
9.426939999999999972e-03
9.070820000000000272e-03
1.362684999999999938e-02
1.475567000000000024e-02
1.534952000000000018e-02
1.430663000000000074e-02
1.257633000000000015e-02
1.111917999999999934e-02
9.924550000000000732e-03
1.149362999999999947e-02
1.152674000000000060e-02
1.136125999999999976e-02
1.366608000000000059e-02
1.539153000000000049e-02
1.283719000000000006e-02
9.816059999999999716e-03
