1.049482000000000019e-02
1.701012999999999831e-02
1.423325999999999932e-02
1.675000999999999921e-02
1.488225999999999959e-02
1.389377999999999967e-02
1.340180000000000017e-02
1.913110999999999978e-02
1.288300000000000035e-02
1.013882999999999972e-02
1.027828000000000075e-02
1.227205999999999957e-02
1.276494000000000066e-02
1.709992999999999930e-02
1.720382999999999982e-02
1.246567999999999982e-02
1.404330999999999982e-02
2.616452999999999834e-02
2.803189000000000028e-02
2.800667000000000087e-02
3.048050000000000065e-02
2.349503000000000008e-02
1.558781000000000055e-02
1.452425000000000070e-02
2.167107000000000061e-02
2.490548000000000067e-02
2.944603000000000151e-02
3.231707999999999803e-02
4.761094999999999910e-02
5.190361000000000280e-02
4.882192999999999949e-02
3.287161000000000249e-02
2.858727999999999964e-02
3.792623999999999995e-02
5.939872999999999681e-02
1.131518900000000050e-01
1.905177200000000015e-01
2.786463800000000268e-01
3.106828300000000209e-01
2.198768100000000059e-01
1.537534399999999912e-01
1.215124100000000013e-01
7.158454999999999679e-02
5.785631000000000107e-02
1.673871000000000039e-02
1.620446000000000039e-02
2.050988999999999937e-02
2.762529000000000026e-02
3.151364000000000248e-02
5.890109000000000317e-02
8.484263999999999695e-02
9.974280000000000646e-02
8.045502999999999683e-02
7.174930999999999670e-02
3.359497000000000178e-02
1.768915000000000071e-02
2.046026000000000095e-02
2.777436000000000141e-02
1.401925000000000046e-02
2.003834999999999991e-02
2.341294999999999835e-02
3.682972000000000329e-02
4.634136999999999978e-02
1.315658999999999926e-02
