8.467320000000000402e-03
1.188279000000000071e-02
1.362090999999999996e-02
1.173247999999999999e-02
1.328081000000000053e-02
1.091974000000000070e-02
1.406122999999999922e-02
1.480992000000000072e-02
1.147226999999999969e-02
1.118545999999999950e-02
1.410094999999999925e-02
1.245251999999999991e-02
1.582530000000000048e-02
1.768377999999999964e-02
1.851229999999999890e-02
1.828785999999999953e-02
1.582541999999999977e-02
1.693421999999999983e-02
1.932700999999999864e-02
2.741232999999999864e-02
2.284295000000000075e-02
1.144974999999999986e-02
9.381930000000000131e-03
1.153415999999999990e-02
1.464504999999999973e-02
2.859657000000000171e-02
2.218960000000000030e-02
1.618607999999999852e-02
1.124986000000000042e-02
1.578919999999999976e-02
1.221221999999999933e-02
1.349724000000000063e-02
1.517750999999999996e-02
1.066589000000000079e-02
1.701300000000000034e-02
2.078386000000000122e-02
1.306536999999999976e-02
1.037374999999999929e-02
1.285912999999999987e-02
1.598652000000000059e-02
2.398194999999999841e-02
2.040934000000000151e-02
1.425027000000000064e-02
1.685112999999999889e-02
2.032936999999999939e-02
2.818506000000000136e-02
4.777119999999999977e-02
4.803695000000000187e-02
3.561551999999999774e-02
5.807754999999999862e-02
6.033440999999999804e-02
5.795256000000000018e-02
5.560385999999999801e-02
4.023924000000000251e-02
2.608850000000000058e-02
2.607736000000000082e-02
2.075687999999999839e-02
3.577404000000000001e-02
4.920026999999999734e-02
6.941820999999999409e-02
1.243360800000000016e-01
1.873574699999999982e-01
1.699719000000000091e-01
1.325313000000000012e-02
