1.433304000000000002e-02
5.073546999999999779e-02
5.867241000000000123e-02
6.095931999999999740e-02
6.093181000000000291e-02
6.499082999999999943e-02
6.481997999999999927e-02
4.098029000000000255e-02
2.478547000000000042e-02
1.882170999999999844e-02
1.624172999999999936e-02
1.054179000000000054e-02
1.144134999999999944e-02
1.348404999999999916e-02
1.498022000000000069e-02
1.910217000000000165e-02
2.324315000000000062e-02
2.416029000000000093e-02
1.788529000000000160e-02
1.532113000000000051e-02
1.192188999999999922e-02
1.038252999999999919e-02
8.953910000000000688e-03
9.415140000000000661e-03
1.056476999999999937e-02
1.045353000000000081e-02
9.018510000000000415e-03
8.913719999999999977e-03
9.708420000000000591e-03
1.030668000000000036e-02
8.991570000000000812e-03
9.515809999999999547e-03
9.507349999999999482e-03
8.600109999999999352e-03
8.779790000000000857e-03
8.730359999999999510e-03
8.460729999999999640e-03
9.460009999999999600e-03
9.958629999999999566e-03
9.528480000000000630e-03
8.653259999999999424e-03
9.896560000000000426e-03
1.039028999999999994e-02
1.083532000000000071e-02
1.245383000000000080e-02
9.845980000000000704e-03
8.737939999999999596e-03
9.016339999999999424e-03
9.314789999999999875e-03
9.370160000000000641e-03
9.324660000000000240e-03
9.111160000000000092e-03
8.547130000000000005e-03
8.629980000000000637e-03
9.011349999999999569e-03
9.242520000000000596e-03
1.049377999999999943e-02
9.748200000000000268e-03
9.665039999999999742e-03
9.039459999999999162e-03
8.933939999999999590e-03
9.262970000000000578e-03
8.711879999999999971e-03
8.091050000000000672e-03
