7.926920000000000494e-03
8.825110000000000593e-03
8.640149999999999220e-03
8.351080000000000308e-03
8.663469999999999505e-03
8.706830000000000472e-03
8.370459999999999706e-03
8.509159999999999988e-03
8.637759999999999536e-03
8.546899999999999636e-03
8.542900000000000840e-03
8.172439999999999566e-03
8.526970000000000036e-03
9.817760000000000029e-03
8.966240000000000321e-03
8.578419999999999795e-03
8.149659999999999543e-03
8.387649999999999967e-03
8.742549999999999974e-03
9.446899999999999395e-03
8.447949999999999210e-03
8.741370000000000043e-03
8.452519999999999825e-03
9.157000000000000209e-03
9.585110000000000852e-03
9.002229999999999954e-03
9.179510000000000100e-03
8.991630000000000456e-03
8.976400000000000698e-03
1.012719999999999940e-02
9.971390000000000114e-03
8.516579999999999290e-03
8.564159999999999481e-03
8.522669999999999552e-03
8.572180000000000424e-03
9.369920000000000332e-03
1.061617999999999937e-02
1.014914999999999914e-02
1.037686999999999984e-02
1.115398000000000084e-02
1.199942000000000022e-02
1.225860999999999965e-02
1.295456000000000038e-02
1.278024000000000000e-02
1.044257999999999992e-02
1.052852999999999949e-02
1.398536000000000050e-02
1.572184000000000081e-02
2.002187999999999884e-02
2.268393000000000145e-02
2.810208000000000150e-02
2.762386000000000008e-02
2.156525000000000108e-02
1.747864999999999835e-02
1.233678000000000032e-02
1.063679000000000013e-02
8.746649999999999911e-03
9.194940000000000405e-03
9.024280000000000843e-03
8.812209999999999141e-03
9.027000000000000302e-03
9.419149999999999398e-03
1.029215999999999985e-02
8.007729999999999362e-03
