3.867283999999999999e-02
1.796011799999999992e-01
1.489490300000000100e-01
9.438760999999999679e-02
5.750182000000000210e-02
3.731716000000000200e-02
2.174382000000000051e-02
3.697568999999999856e-02
6.328731999999999414e-02
8.584352000000000649e-02
7.908782000000000312e-02
1.305592399999999931e-01
1.691161800000000048e-01
1.832605999999999957e-01
1.984463200000000094e-01
8.944304000000000143e-02
3.314783999999999786e-02
4.135691999999999841e-02
1.911097300000000054e-01
4.178661100000000128e-01
5.137346400000000202e-01
7.703357299999999963e-01
7.439426799999999673e-01
6.595769500000000507e-01
5.866757000000000222e-01
4.632309399999999799e-01
2.626654500000000225e-01
1.041698499999999944e-01
4.851772000000000029e-02
3.523616000000000248e-02
5.203100000000000086e-02
1.089147599999999994e-01
1.369618499999999961e-01
2.329942600000000086e-01
3.746607900000000213e-01
2.259367399999999970e-01
2.051139299999999999e-01
1.590534899999999918e-01
9.295979999999999521e-02
7.039402999999999633e-02
8.124404000000000348e-02
7.857285999999999437e-02
6.755759000000000070e-02
3.365743999999999680e-02
2.380853000000000136e-02
3.072485000000000147e-02
4.046947000000000044e-02
2.805126999999999968e-02
2.515970999999999833e-02
3.648694999999999716e-02
5.817185999999999885e-02
5.266704999999999998e-02
2.700233999999999968e-02
1.914412000000000058e-02
1.973816000000000112e-02
4.293012999999999690e-02
3.650124999999999897e-02
6.217447000000000251e-02
8.623712999999999518e-02
9.107005999999999435e-02
2.219743000000000063e-02
3.894596000000000169e-02
4.471913999999999750e-02
2.724866000000000094e-02
