2.215985999999999997e-02
5.302198999999999801e-02
6.042407999999999807e-02
5.599649999999999767e-02
4.765210999999999752e-02
4.587378999999999762e-02
3.835347000000000062e-02
2.381207000000000115e-02
1.322744000000000003e-02
1.017708999999999975e-02
1.170460000000000077e-02
1.058297000000000057e-02
1.131811999999999922e-02
1.456258000000000032e-02
1.477788000000000018e-02
1.835793000000000147e-02
2.235853000000000146e-02
2.125190000000000065e-02
1.605109000000000050e-02
1.245610999999999940e-02
1.125631000000000027e-02
9.026769999999999933e-03
8.708340000000000178e-03
8.691479999999999692e-03
9.676000000000000573e-03
1.023580999999999970e-02
8.779969999999999788e-03
8.976430000000000520e-03
9.435950000000000240e-03
8.746379999999999780e-03
8.551639999999999242e-03
9.080849999999999686e-03
8.753139999999999532e-03
8.445879999999999360e-03
8.663330000000000336e-03
8.565649999999999306e-03
8.737800000000000428e-03
8.912839999999999999e-03
8.954190000000000760e-03
8.809030000000000679e-03
8.243139999999999495e-03
8.878379999999999952e-03
1.118072999999999984e-02
1.166487000000000079e-02
1.136667000000000059e-02
8.578679999999999986e-03
8.396280000000000757e-03
8.552239999999999148e-03
9.003320000000000420e-03
8.895830000000000404e-03
8.906050000000000424e-03
8.677769999999999581e-03
8.227699999999999250e-03
8.602149999999999380e-03
8.975459999999999341e-03
9.288350000000000772e-03
9.605729999999999824e-03
9.125269999999999562e-03
9.384830000000000255e-03
8.843510000000000607e-03
8.920209999999999598e-03
9.302160000000000289e-03
8.364349999999999563e-03
7.796400000000000205e-03
