9.170489999999999892e-03
1.078049000000000021e-02
1.143366000000000000e-02
1.463380000000000063e-02
1.276784000000000079e-02
1.504414999999999919e-02
1.016782999999999923e-02
1.293134999999999944e-02
1.206441999999999931e-02
9.945410000000000014e-03
1.040396000000000029e-02
1.116674999999999959e-02
1.017350000000000025e-02
1.079096000000000048e-02
1.096106999999999984e-02
1.269770999999999921e-02
1.079336000000000011e-02
1.172036000000000085e-02
1.453562000000000083e-02
1.910678999999999850e-02
2.022666999999999868e-02
1.614285000000000025e-02
1.208222999999999936e-02
9.522350000000000605e-03
1.148021999999999931e-02
1.377490999999999959e-02
1.432965999999999927e-02
1.615766000000000077e-02
1.674803999999999876e-02
2.403641000000000111e-02
2.609088000000000032e-02
2.353931999999999899e-02
2.007922999999999999e-02
1.075081999999999947e-02
1.750134000000000065e-02
3.821188999999999836e-02
7.612304000000000292e-02
1.280483199999999933e-01
1.445462100000000083e-01
1.088231900000000002e-01
7.993756000000000472e-02
6.518540000000000445e-02
4.612590999999999913e-02
3.949864000000000153e-02
1.222294999999999979e-02
8.599390000000000159e-03
1.063935000000000054e-02
1.156205000000000080e-02
1.352644000000000069e-02
1.980619999999999950e-02
2.979143999999999889e-02
3.480205000000000104e-02
3.106213000000000030e-02
2.830300999999999997e-02
1.799542000000000155e-02
1.573193000000000161e-02
1.413582000000000033e-02
1.119330999999999972e-02
9.594540000000000360e-03
1.313643999999999923e-02
1.228791000000000085e-02
1.550909999999999962e-02
2.584751000000000062e-02
9.861009999999999914e-03
