7.592400000000000017e-03
8.545910000000000312e-03
8.807529999999999179e-03
8.456800000000000428e-03
8.540660000000000265e-03
8.413320000000000173e-03
8.204720000000000416e-03
8.269099999999999714e-03
8.497519999999999726e-03
8.450219999999999607e-03
9.307450000000000098e-03
9.031970000000000276e-03
8.175740000000000784e-03
8.607989999999999392e-03
8.599930000000000421e-03
9.318649999999999503e-03
9.449950000000000364e-03
8.363260000000000832e-03
8.270919999999999314e-03
8.408739999999999618e-03
9.388159999999999561e-03
8.766279999999999559e-03
8.713089999999999724e-03
9.461209999999999412e-03
9.037250000000000144e-03
9.801729999999999818e-03
9.685489999999999725e-03
9.036159999999999679e-03
8.820349999999999371e-03
8.444979999999999501e-03
8.312599999999999850e-03
8.341390000000000610e-03
8.467199999999999380e-03
8.116190000000000557e-03
8.923900000000000235e-03
9.092239999999999697e-03
9.628430000000000322e-03
1.144864999999999945e-02
1.099795999999999933e-02
9.395300000000000526e-03
1.188819999999999981e-02
1.501920999999999985e-02
1.594367999999999827e-02
1.488452000000000004e-02
1.507141000000000036e-02
1.818484000000000073e-02
1.910718999999999959e-02
1.733269000000000129e-02
1.410783999999999996e-02
1.248036999999999931e-02
1.065433000000000005e-02
1.063699000000000068e-02
1.085529000000000008e-02
1.116978000000000068e-02
9.257090000000000804e-03
8.660060000000000674e-03
8.699119999999999422e-03
8.841279999999999972e-03
1.022654999999999918e-02
1.135004000000000048e-02
1.104183000000000074e-02
1.013095999999999962e-02
8.587859999999999244e-03
7.467940000000000168e-03
