7.534569999999999983e-03
9.411819999999999561e-03
9.110560000000000186e-03
8.560009999999999841e-03
8.594509999999999650e-03
8.629470000000000196e-03
9.720299999999999427e-03
9.477710000000000301e-03
8.664959999999999329e-03
9.418199999999999836e-03
9.871090000000000766e-03
9.525129999999999708e-03
1.025940000000000012e-02
9.877379999999999841e-03
1.086475999999999935e-02
1.050728000000000079e-02
9.681709999999999622e-03
1.011352000000000084e-02
9.540039999999999631e-03
1.115220999999999921e-02
1.084537000000000001e-02
8.833630000000000301e-03
8.401679999999999912e-03
9.121519999999999281e-03
1.098633000000000075e-02
1.188856999999999935e-02
1.044825999999999915e-02
9.218969999999999942e-03
9.276410000000000558e-03
1.040188000000000050e-02
9.490619999999999959e-03
1.084575999999999943e-02
1.056503999999999950e-02
8.860410000000000855e-03
1.014925000000000029e-02
9.363200000000000342e-03
9.116239999999999413e-03
9.285399999999999210e-03
9.551550000000000665e-03
1.017543999999999914e-02
1.162142000000000036e-02
1.082810000000000022e-02
1.030223000000000076e-02
1.083648000000000076e-02
1.200260000000000042e-02
1.441170999999999945e-02
1.365396999999999965e-02
1.240881999999999923e-02
1.113017999999999993e-02
1.394233999999999925e-02
1.327941000000000017e-02
1.146694000000000012e-02
1.005728000000000004e-02
1.024538000000000011e-02
9.358989999999999324e-03
9.973299999999999180e-03
1.306231000000000059e-02
1.916986999999999858e-02
2.272880999999999860e-02
2.779834999999999945e-02
3.917061000000000154e-02
4.381283999999999873e-02
3.277440999999999688e-02
7.875619999999999843e-03
