7.472150000000000319e-03
8.478259999999999616e-03
8.179499999999999271e-03
8.482949999999999519e-03
8.703390000000000085e-03
8.665110000000000173e-03
7.807920000000000312e-03
8.132699999999999652e-03
8.011139999999999928e-03
8.412100000000000480e-03
8.948970000000000535e-03
8.803790000000000573e-03
8.514980000000000118e-03
8.289150000000000337e-03
8.311539999999999206e-03
8.482860000000000053e-03
8.547420000000000018e-03
8.531109999999999735e-03
8.965020000000000627e-03
8.529949999999999685e-03
8.626740000000000796e-03
8.982399999999999760e-03
9.703180000000000485e-03
8.316540000000000737e-03
8.223170000000000132e-03
8.572079999999999284e-03
8.312899999999999803e-03
8.381720000000000489e-03
8.538010000000000391e-03
8.385639999999999761e-03
8.101260000000000752e-03
8.186270000000000699e-03
8.326029999999999889e-03
7.955469999999999209e-03
8.019359999999999683e-03
8.344900000000000581e-03
8.829019999999999924e-03
9.595920000000000838e-03
9.676119999999999860e-03
8.596219999999999903e-03
8.069899999999999643e-03
8.029760000000000369e-03
8.542620000000000768e-03
9.121680000000000066e-03
1.002891000000000025e-02
1.076297000000000018e-02
1.177808999999999974e-02
1.284059000000000068e-02
1.151606999999999978e-02
1.142782999999999993e-02
1.084008000000000020e-02
1.014693000000000019e-02
9.474299999999999736e-03
1.016204000000000066e-02
1.061890000000000056e-02
1.098984000000000072e-02
1.152653000000000011e-02
1.306009999999999983e-02
1.385547999999999988e-02
1.348742999999999991e-02
1.338254000000000006e-02
1.289930000000000070e-02
1.132130999999999936e-02
7.376650000000000221e-03
