8.534659999999999469e-03
1.039134000000000065e-02
1.036908999999999921e-02
9.540879999999999847e-03
9.147840000000000832e-03
8.672459999999999891e-03
8.445509999999999823e-03
8.427759999999999418e-03
9.122079999999999425e-03
1.049936999999999919e-02
9.867320000000000604e-03
8.994989999999999583e-03
8.719819999999999655e-03
9.045430000000000137e-03
9.673140000000000210e-03
1.191389999999999984e-02
1.190773999999999999e-02
9.641149999999999373e-03
8.452789999999999956e-03
9.002939999999999207e-03
1.004945999999999964e-02
9.404930000000000581e-03
9.728020000000000417e-03
8.990369999999999265e-03
9.885939999999999311e-03
1.413116000000000025e-02
1.182761000000000055e-02
1.047703000000000002e-02
1.116992999999999979e-02
9.089639999999999526e-03
9.664580000000000740e-03
1.207526000000000085e-02
1.591421000000000155e-02
1.419269000000000086e-02
1.408799999999999983e-02
1.617309000000000108e-02
1.679109999999999978e-02
1.892546999999999979e-02
1.117478000000000048e-02
9.756749999999999798e-03
1.367714000000000082e-02
1.666217000000000045e-02
2.297818999999999903e-02
2.630108000000000099e-02
3.313921000000000228e-02
4.306693999999999800e-02
5.001425999999999789e-02
4.953010000000000052e-02
4.348711999999999717e-02
2.230125000000000163e-02
1.276982999999999938e-02
1.163924000000000035e-02
9.940600000000000824e-03
9.416199999999999570e-03
9.972210000000000449e-03
1.089290000000000050e-02
1.308670999999999966e-02
1.424237000000000072e-02
1.032962999999999937e-02
1.985692000000000013e-02
1.984825000000000131e-02
1.712278999999999884e-02
1.485725000000000066e-02
9.174589999999999829e-03
