7.777710000000000179e-03
1.822448999999999944e-02
2.512243999999999935e-02
4.784780000000000283e-02
6.159731000000000234e-02
6.609951999999999495e-02
7.716710000000000236e-02
6.488431999999999533e-02
5.664185000000000053e-02
5.049166000000000071e-02
3.834202999999999917e-02
2.360691999999999999e-02
1.835662000000000058e-02
1.000450999999999945e-02
1.009390999999999934e-02
1.099612999999999979e-02
1.212922999999999953e-02
1.686891999999999905e-02
1.945979999999999932e-02
1.795354999999999868e-02
2.364445999999999909e-02
2.374621999999999844e-02
1.575564000000000131e-02
1.171830999999999914e-02
1.168260999999999952e-02
1.064849999999999998e-02
1.060681999999999944e-02
1.141299999999999953e-02
1.153172000000000051e-02
1.216937000000000053e-02
9.100840000000000665e-03
9.078720000000000193e-03
9.300529999999999561e-03
9.109100000000000183e-03
8.923580000000000401e-03
9.444819999999999605e-03
9.746269999999999586e-03
1.034441000000000006e-02
1.063143000000000074e-02
1.030319000000000026e-02
9.702469999999999498e-03
1.077822999999999976e-02
9.895380000000000495e-03
1.010664000000000007e-02
9.831619999999999249e-03
1.188302999999999929e-02
1.202550999999999967e-02
1.060439999999999994e-02
9.845170000000000310e-03
8.929209999999999925e-03
8.697790000000000382e-03
9.254339999999999788e-03
1.055579000000000066e-02
1.111926000000000060e-02
1.095010000000000081e-02
9.243049999999999183e-03
9.678400000000000197e-03
1.107602000000000066e-02
1.108572000000000030e-02
9.665740000000000789e-03
9.048199999999999299e-03
8.784979999999999525e-03
9.208150000000000016e-03
9.037569999999999978e-03
