7.847049999999999512e-03
1.892960999999999949e-02
3.525070000000000286e-02
6.166632999999999837e-02
1.043606200000000012e-01
9.910768000000000355e-02
2.929520999999999861e-02
2.031563999999999939e-02
1.994980000000000017e-02
1.935076999999999978e-02
3.813184000000000018e-02
5.756943999999999950e-02
4.118849000000000121e-02
1.609433999999999865e-02
2.396993999999999861e-02
4.372067999999999788e-02
4.531879999999999936e-02
4.636939000000000338e-02
5.545943999999999874e-02
6.736306000000000238e-02
1.387245199999999901e-01
1.474381999999999915e-01
1.207587299999999947e-01
6.495850999999999709e-02
2.948591000000000059e-02
2.875078999999999829e-02
6.310330000000000106e-02
1.106823100000000060e-01
6.080578999999999845e-02
9.228640000000000454e-02
1.521595000000000031e-01
2.494934199999999935e-01
3.087806699999999793e-01
1.279873099999999930e-01
6.006684999999999802e-02
6.825164999999999704e-02
1.400051300000000054e-01
3.873642099999999866e-01
6.580390900000000487e-01
7.165539300000000056e-01
7.303931700000000360e-01
7.527656600000000031e-01
6.933269499999999974e-01
5.636362400000000106e-01
3.133215300000000147e-01
1.280289300000000130e-01
5.788441999999999893e-02
5.112382000000000037e-02
2.390132000000000020e-02
3.237098000000000059e-02
9.665609000000000006e-02
1.552351600000000109e-01
2.693214999999999915e-01
3.094202300000000183e-01
3.098908699999999850e-01
3.422910000000000119e-01
2.631781699999999891e-01
6.133704999999999713e-02
5.602181999999999995e-02
3.298405000000000087e-02
2.165838999999999959e-02
5.186340999999999868e-02
7.560904999999999709e-02
3.160803999999999697e-02
