7.579210000000000287e-03
8.600309999999999899e-03
8.932900000000000562e-03
8.720810000000000714e-03
8.614170000000000854e-03
9.571669999999999137e-03
1.014571000000000049e-02
9.878629999999999356e-03
9.952809999999999435e-03
8.835509999999999545e-03
8.857560000000000433e-03
8.598069999999999324e-03
8.863829999999999626e-03
9.262319999999999234e-03
9.254719999999999266e-03
8.954449999999999216e-03
8.638069999999999429e-03
8.441239999999999161e-03
8.977640000000000273e-03
9.283390000000000739e-03
8.780939999999999232e-03
8.585390000000000035e-03
8.598269999999999871e-03
8.052679999999999561e-03
8.946799999999999545e-03
9.096089999999999384e-03
8.662819999999999895e-03
8.357079999999999370e-03
8.356080000000000105e-03
8.350510000000000224e-03
8.371049999999999672e-03
8.504390000000000560e-03
8.712920000000000734e-03
8.923659999999999926e-03
8.769640000000000421e-03
9.859200000000000255e-03
9.292589999999999878e-03
1.002855000000000066e-02
9.752280000000000323e-03
9.199989999999999904e-03
9.018800000000000427e-03
9.899550000000000016e-03
1.126671999999999917e-02
1.219657000000000033e-02
1.623524000000000148e-02
1.672999000000000014e-02
1.537562999999999951e-02
1.532152999999999987e-02
1.234593999999999969e-02
1.105001000000000073e-02
1.138229999999999971e-02
1.193697999999999981e-02
1.348582000000000079e-02
1.679343000000000155e-02
2.036289999999999975e-02
1.766950999999999938e-02
1.346929000000000008e-02
1.142059999999999950e-02
1.147138999999999971e-02
1.202261999999999949e-02
1.194157000000000031e-02
1.141791999999999981e-02
8.757670000000000385e-03
7.397660000000000347e-03
