8.525130000000000555e-03
1.615335999999999855e-02
2.160282999999999995e-02
2.313530000000000100e-02
2.264108000000000093e-02
2.707634000000000082e-02
1.147162000000000008e-02
1.493343999999999921e-02
1.629478999999999997e-02
1.328375000000000042e-02
1.771502999999999967e-02
1.500206999999999929e-02
1.347693999999999975e-02
1.081456000000000084e-02
1.593417999999999918e-02
2.146964999999999985e-02
1.377771000000000030e-02
1.780071000000000084e-02
2.557014000000000162e-02
3.630585000000000062e-02
5.161170999999999814e-02
4.249947999999999920e-02
2.901114000000000123e-02
1.439587999999999979e-02
1.822968000000000158e-02
2.646043999999999827e-02
2.752150999999999903e-02
3.556716000000000044e-02
2.555330999999999922e-02
3.995470000000000271e-02
5.495306999999999970e-02
6.097885000000000111e-02
4.478933000000000220e-02
1.496877999999999924e-02
2.925668999999999839e-02
6.291589000000000209e-02
1.269760299999999897e-01
2.123993899999999935e-01
3.170358799999999921e-01
3.271252499999999785e-01
2.649115599999999904e-01
1.948071700000000017e-01
1.274345500000000075e-01
7.315017999999999521e-02
2.880976000000000023e-02
2.140825000000000020e-02
1.433831999999999988e-02
1.117758999999999940e-02
2.235886999999999944e-02
3.908620000000000150e-02
2.820873999999999951e-02
7.985652999999999502e-02
8.766205999999999998e-02
6.823139999999999761e-02
4.139517000000000196e-02
5.200777000000000178e-02
3.896730000000000332e-02
1.595136000000000123e-02
1.887675000000000117e-02
2.072583999999999885e-02
1.938801999999999887e-02
2.354219000000000103e-02
3.438602000000000325e-02
1.331068000000000008e-02
