2.276558899999999996e-01
5.598773999999999695e-01
6.388940199999999514e-01
6.614952100000000002e-01
6.201897299999999946e-01
6.033237599999999867e-01
5.195960400000000368e-01
2.974052400000000151e-01
1.598586899999999977e-01
1.006710999999999995e-01
7.659842000000000040e-02
3.539367999999999681e-02
4.310085999999999778e-02
6.818259999999999599e-02
1.012582000000000065e-01
1.436583399999999955e-01
1.756370100000000101e-01
2.277380800000000094e-01
1.829537499999999983e-01
9.039413000000000309e-02
6.315289999999999793e-02
3.379424000000000317e-02
2.389188000000000076e-02
2.980644000000000002e-02
3.761632000000000170e-02
4.738267000000000173e-02
1.848094000000000126e-02
1.754464000000000024e-02
2.804751999999999940e-02
3.191930999999999935e-02
2.521912000000000112e-02
2.496164000000000022e-02
2.320418999999999954e-02
1.334292999999999937e-02
1.847342999999999902e-02
1.551888000000000052e-02
1.441163999999999987e-02
2.114664999999999948e-02
2.823557999999999971e-02
2.820935000000000109e-02
1.546983000000000039e-02
3.158957999999999905e-02
4.627330000000000332e-02
6.075487000000000248e-02
5.909434999999999688e-02
2.395608999999999933e-02
1.421593999999999983e-02
2.319854999999999834e-02
3.475533000000000095e-02
2.695606999999999864e-02
2.231653000000000109e-02
2.035102999999999912e-02
1.523443000000000019e-02
1.389795999999999913e-02
2.497154999999999861e-02
2.986186999999999869e-02
3.590563000000000088e-02
3.223084999999999839e-02
2.633289000000000116e-02
1.884616000000000069e-02
2.365342000000000139e-02
3.001745000000000108e-02
2.267308000000000170e-02
2.397660000000000069e-02
