5.841174999999999840e-02
1.038550699999999938e-01
3.341369999999999757e-02
2.334953000000000028e-02
2.283073000000000047e-02
2.569623999999999867e-02
3.333875000000000033e-02
6.259414000000000644e-02
7.287614000000000591e-02
4.819703000000000181e-02
3.131596999999999853e-02
4.826678999999999692e-02
1.124593100000000068e-01
1.336025100000000077e-01
8.994592999999999339e-02
3.445916999999999730e-02
1.111211999999999964e-02
1.884146000000000085e-02
5.924737000000000059e-02
7.534029000000000420e-02
2.929206000000000171e-02
3.690816000000000235e-02
3.288089999999999763e-02
7.215480999999999978e-02
1.209265699999999971e-01
1.039354599999999934e-01
3.893972999999999879e-02
5.372675999999999841e-02
1.254324300000000114e-01
2.145761300000000038e-01
1.395274800000000093e-01
4.406423999999999758e-02
3.080683999999999853e-02
3.169421000000000044e-02
6.768042000000000502e-02
1.100895000000000068e-01
1.202636100000000069e-01
1.025412799999999985e-01
1.296836100000000047e-01
2.095366700000000082e-01
2.866857600000000117e-01
2.448613600000000001e-01
1.145206500000000016e-01
6.825688000000000588e-02
1.659163700000000075e-01
4.236244900000000202e-01
6.537861200000000261e-01
7.074713099999999644e-01
8.071657399999999649e-01
7.941948199999999680e-01
8.144240400000000157e-01
7.771257200000000198e-01
6.566627600000000120e-01
4.779128400000000054e-01
2.227609600000000079e-01
1.333433099999999927e-01
3.250150999999999735e-02
2.141612000000000030e-02
3.479416999999999927e-02
5.328638000000000124e-02
1.143243699999999946e-01
1.402472999999999914e-01
1.295057400000000081e-01
4.451784000000000296e-02
