2.726367000000000027e-02
8.668889999999999929e-02
1.330166899999999930e-01
1.613230599999999904e-01
1.853914700000000026e-01
2.041549099999999950e-01
1.891375600000000101e-01
1.479321399999999898e-01
1.068459199999999970e-01
8.189304000000000028e-02
6.156583999999999668e-02
3.272735000000000227e-02
1.821711000000000164e-02
1.391882000000000015e-02
1.445156000000000045e-02
1.574300000000000005e-02
2.362939000000000012e-02
3.960032000000000135e-02
4.071734999999999938e-02
3.450928000000000329e-02
3.725639000000000034e-02
3.532570000000000154e-02
2.674614999999999979e-02
1.692321999999999924e-02
1.180082000000000006e-02
1.085126999999999967e-02
1.011501000000000067e-02
1.267859000000000000e-02
1.518726999999999924e-02
2.025002000000000052e-02
1.177418000000000041e-02
9.357940000000000355e-03
1.028420000000000029e-02
9.738709999999999381e-03
1.019007000000000072e-02
1.175330999999999945e-02
1.086130000000000081e-02
1.045186000000000032e-02
1.224907000000000079e-02
1.725118000000000137e-02
1.246773999999999973e-02
1.317865000000000009e-02
1.120026000000000008e-02
1.426990000000000029e-02
1.768399999999999833e-02
1.883891999999999858e-02
1.250549999999999926e-02
1.003771000000000004e-02
9.023089999999999236e-03
9.206419999999999881e-03
1.148454999999999962e-02
1.145315000000000048e-02
1.066752999999999972e-02
1.089789000000000035e-02
1.168176999999999931e-02
1.268034999999999995e-02
1.416254999999999944e-02
1.705206999999999903e-02
1.615027999999999950e-02
1.118021999999999939e-02
1.038906000000000031e-02
9.503110000000000376e-03
9.943570000000000533e-03
1.126030000000000086e-02
