1.425946999999999978e-02
1.891462000000000004e-02
1.109424000000000000e-02
9.628470000000000084e-03
1.458169999999999952e-02
1.905942999999999873e-02
1.272640000000000056e-02
1.283291999999999940e-02
1.556769000000000035e-02
2.687727999999999992e-02
3.283259000000000177e-02
3.342894999999999894e-02
2.804422000000000165e-02
2.014517000000000044e-02
1.261315000000000006e-02
1.460165000000000074e-02
2.285811999999999913e-02
3.885650999999999688e-02
8.244811999999999974e-02
1.174290100000000003e-01
1.376890699999999967e-01
1.337789699999999971e-01
1.106616099999999936e-01
6.433714999999999573e-02
3.838368999999999809e-02
2.924059999999999854e-02
1.627365000000000061e-02
1.107614999999999988e-02
1.299862000000000066e-02
1.771742999999999929e-02
1.515449999999999957e-02
2.271317000000000128e-02
3.827673999999999660e-02
4.138561000000000323e-02
4.276155999999999707e-02
2.045102999999999852e-02
1.331420999999999993e-02
1.084925999999999946e-02
1.260509999999999929e-02
1.274098000000000071e-02
1.332076999999999914e-02
1.208246999999999967e-02
1.484701000000000076e-02
1.117986999999999974e-02
8.904959999999999959e-03
8.941859999999999392e-03
1.008497000000000039e-02
1.014353999999999950e-02
9.936280000000000459e-03
9.904229999999999978e-03
1.131382000000000047e-02
1.334586999999999926e-02
1.347633999999999985e-02
1.203974000000000016e-02
1.254606999999999944e-02
1.207770000000000024e-02
1.119948999999999945e-02
9.565030000000000407e-03
8.614989999999999454e-03
9.386629999999999974e-03
1.123283999999999914e-02
1.464895000000000086e-02
1.313289999999999944e-02
8.798749999999999280e-03
