7.207309999999999758e-03
8.756500000000000394e-03
8.572069999999999343e-03
7.920349999999999613e-03
8.627819999999999587e-03
1.034407000000000035e-02
1.148188999999999980e-02
1.116932999999999988e-02
9.571180000000000312e-03
8.420910000000000201e-03
8.235390000000000418e-03
8.517790000000000777e-03
8.530809999999999782e-03
8.738249999999999490e-03
8.876810000000000603e-03
8.780470000000000289e-03
8.244309999999999486e-03
8.171289999999999457e-03
8.667569999999999442e-03
9.095699999999999966e-03
8.401499999999999246e-03
8.905329999999999496e-03
8.787629999999999400e-03
8.249599999999999295e-03
8.198949999999999988e-03
8.441129999999999814e-03
9.083179999999999726e-03
8.920149999999999954e-03
8.707140000000000365e-03
8.792450000000000265e-03
8.371540000000000231e-03
8.263939999999999134e-03
9.262299999999999353e-03
1.034770999999999955e-02
1.177780999999999967e-02
1.177242000000000045e-02
9.504649999999999904e-03
1.121554999999999948e-02
1.348765000000000033e-02
1.257450000000000061e-02
1.021299999999999986e-02
9.887959999999999458e-03
1.180524999999999977e-02
1.681811000000000070e-02
1.681606000000000073e-02
1.378847000000000059e-02
1.374865999999999935e-02
1.513937999999999916e-02
1.156364999999999997e-02
1.677203999999999848e-02
2.152532999999999877e-02
2.178418000000000021e-02
3.403952999999999840e-02
4.530006000000000310e-02
5.527934999999999793e-02
4.403616999999999948e-02
3.809484999999999955e-02
3.398588999999999777e-02
3.072903999999999913e-02
2.625653000000000015e-02
1.911739000000000147e-02
1.440970999999999919e-02
1.068216999999999951e-02
7.911430000000000545e-03
