9.160500000000000240e-03
1.124608000000000031e-02
1.018604000000000037e-02
1.151672999999999933e-02
1.164755999999999951e-02
1.038046999999999928e-02
1.025172000000000062e-02
8.983460000000000403e-03
9.504530000000000617e-03
1.109949999999999999e-02
1.237563000000000031e-02
1.110696000000000079e-02
9.387049999999999214e-03
1.019749999999999997e-02
1.062735000000000068e-02
1.095145999999999967e-02
1.204769999999999973e-02
1.308429000000000016e-02
1.185049999999999992e-02
8.324379999999999280e-03
1.021904000000000041e-02
1.210324999999999943e-02
1.154579000000000022e-02
9.614400000000000376e-03
8.683730000000000615e-03
9.629050000000000109e-03
1.141396000000000077e-02
1.235751000000000037e-02
1.308517000000000013e-02
1.139693999999999950e-02
1.384099999999999914e-02
1.322077999999999968e-02
1.441478000000000030e-02
1.270445000000000081e-02
1.127161999999999956e-02
1.070420000000000052e-02
1.451184999999999975e-02
1.770514999999999936e-02
1.406375999999999980e-02
1.052618999999999951e-02
1.241358000000000045e-02
1.896516999999999994e-02
1.844946999999999906e-02
1.692066000000000056e-02
1.254621000000000035e-02
1.198764000000000080e-02
1.632544000000000009e-02
2.264429999999999915e-02
3.801703000000000027e-02
5.682949999999999807e-02
6.846183999999999603e-02
6.638818000000000497e-02
6.432348000000000232e-02
5.872921999999999865e-02
4.053923999999999722e-02
2.475820000000000104e-02
1.756628999999999829e-02
1.510081999999999917e-02
1.308886000000000077e-02
1.046493000000000076e-02
9.025770000000000667e-03
9.196889999999999232e-03
9.572419999999999887e-03
8.203739999999999297e-03
