1.864435000000000051e-02
3.755436000000000191e-02
3.225005000000000233e-02
2.424018000000000006e-02
1.684251999999999971e-02
1.232234999999999928e-02
1.049047000000000000e-02
1.039376000000000015e-02
9.372139999999999291e-03
1.013579000000000042e-02
1.009735999999999967e-02
1.223243000000000073e-02
1.506424999999999952e-02
2.122378999999999932e-02
2.407551000000000135e-02
1.846100000000000171e-02
1.347736000000000073e-02
1.094834000000000085e-02
1.040517999999999998e-02
9.929550000000000529e-03
9.693169999999999217e-03
9.901989999999999403e-03
9.360989999999999589e-03
8.554159999999999889e-03
9.022469999999999449e-03
9.481200000000000391e-03
9.386999999999999511e-03
9.104819999999999580e-03
8.940409999999999330e-03
8.855230000000000393e-03
8.950229999999999991e-03
8.979769999999999766e-03
8.927169999999999897e-03
9.715239999999999987e-03
9.634280000000000274e-03
9.771600000000000077e-03
9.449729999999999935e-03
8.983150000000000510e-03
8.982000000000000400e-03
9.868860000000000132e-03
1.058327000000000052e-02
9.394770000000000204e-03
1.046669000000000072e-02
9.146079999999999141e-03
9.581080000000000499e-03
1.110226999999999915e-02
1.099631000000000046e-02
1.075757999999999923e-02
8.917970000000000758e-03
8.588860000000000244e-03
8.694510000000000779e-03
8.613660000000000413e-03
9.807160000000000530e-03
1.000412999999999997e-02
9.379389999999999603e-03
8.814620000000000441e-03
8.828400000000000136e-03
9.217909999999999299e-03
9.517050000000000856e-03
8.635779999999999151e-03
8.541270000000000112e-03
8.677699999999999997e-03
8.802219999999999489e-03
7.809420000000000077e-03
