7.896929999999999922e-03
8.885199999999999348e-03
8.096300000000000718e-03
8.424610000000000778e-03
8.233769999999999631e-03
8.630969999999999961e-03
8.077710000000000098e-03
8.461059999999999415e-03
8.408809999999999202e-03
8.821129999999999943e-03
9.079659999999999814e-03
9.010739999999999722e-03
8.560850000000000057e-03
8.251380000000000867e-03
8.299149999999999930e-03
8.950990000000000682e-03
8.915779999999999886e-03
8.396729999999999819e-03
7.905219999999999261e-03
8.171049999999999147e-03
9.044989999999999281e-03
9.626950000000000437e-03
9.761779999999999416e-03
8.435130000000000752e-03
8.098650000000000640e-03
8.271960000000000077e-03
8.926699999999999219e-03
8.987490000000000756e-03
8.777800000000000533e-03
7.966519999999999505e-03
8.013279999999999362e-03
8.574220000000000452e-03
9.042200000000000237e-03
8.601410000000000305e-03
8.036049999999999444e-03
8.297189999999999427e-03
8.906469999999999665e-03
9.033029999999999185e-03
9.119540000000000632e-03
8.665519999999999473e-03
8.368580000000000463e-03
8.196729999999999294e-03
8.326399999999999427e-03
8.620340000000000641e-03
8.891470000000000276e-03
8.837940000000000726e-03
9.170340000000000782e-03
9.781790000000000276e-03
9.164989999999999595e-03
9.172680000000000763e-03
8.778460000000000082e-03
8.720969999999999764e-03
7.999420000000000142e-03
8.338830000000000200e-03
8.880950000000000302e-03
9.829789999999999708e-03
1.068352000000000017e-02
1.095688000000000044e-02
1.162930000000000040e-02
1.237267000000000054e-02
1.357700000000000053e-02
1.416376999999999914e-02
1.108107000000000016e-02
7.310490000000000217e-03
