3.454197999999999991e-02
4.125706999999999985e-02
3.005599999999999938e-02
2.768332999999999905e-02
3.208888000000000018e-02
3.901998000000000272e-02
4.434529000000000248e-02
2.994799000000000072e-02
4.725638000000000061e-02
4.721539000000000291e-02
3.410349000000000019e-02
8.968162999999999829e-02
9.618624000000000618e-02
1.063343499999999942e-01
6.376489000000000462e-02
3.612067000000000055e-02
5.864350000000000118e-02
5.727920000000000234e-02
6.557744000000000073e-02
6.744775999999999549e-02
8.910759000000000041e-02
1.358939000000000119e-01
2.307300100000000131e-01
2.175988100000000036e-01
1.355511699999999986e-01
6.557166000000000383e-02
6.186780000000000057e-02
2.731001100000000070e-01
4.970894799999999725e-01
6.621366699999999827e-01
7.574323400000000373e-01
7.753655900000000489e-01
7.740981599999999796e-01
6.926971100000000048e-01
4.735906999999999756e-01
2.795773400000000075e-01
1.756042700000000067e-01
3.604538000000000186e-02
3.247077000000000296e-02
8.421971999999999792e-02
1.264515099999999892e-01
1.977849600000000097e-01
2.617063800000000162e-01
3.063085099999999783e-01
3.091908099999999826e-01
1.885814100000000049e-01
8.048033999999999744e-02
5.363236999999999866e-02
7.616196999999999551e-02
6.504967000000000388e-02
9.752215999999999663e-02
6.913681000000000687e-02
4.663666999999999813e-02
7.329128999999999505e-02
4.110405999999999782e-02
6.847485000000000377e-02
7.849678000000000211e-02
4.383973000000000037e-02
2.739928999999999976e-02
5.916510999999999992e-02
7.144233999999999307e-02
4.589584000000000025e-02
4.451672000000000268e-02
3.267056000000000127e-02
