7.391329999999999775e-03
8.793979999999999853e-03
9.094939999999999275e-03
9.531239999999999851e-03
1.045075999999999991e-02
1.023273000000000064e-02
9.806109999999999827e-03
8.517300000000000218e-03
8.584690000000000723e-03
8.978710000000000857e-03
9.174720000000000791e-03
9.342770000000000241e-03
1.069236999999999965e-02
1.132936000000000012e-02
1.010774000000000047e-02
1.110637000000000083e-02
1.017550000000000052e-02
8.419060000000000779e-03
8.758619999999999947e-03
9.197210000000000801e-03
8.973429999999999254e-03
9.089409999999999157e-03
9.155440000000000800e-03
9.343920000000000350e-03
1.022441999999999969e-02
1.067820000000000054e-02
1.189586999999999936e-02
1.429033000000000039e-02
1.108957999999999992e-02
1.312158000000000074e-02
1.074402999999999990e-02
9.983469999999999497e-03
1.047320000000000022e-02
1.013263000000000011e-02
1.056537999999999922e-02
1.128242999999999954e-02
1.088954999999999958e-02
1.141541000000000083e-02
1.191916999999999977e-02
1.082850999999999952e-02
1.021712999999999961e-02
9.444950000000000567e-03
1.258221999999999986e-02
2.418717999999999910e-02
4.391379000000000116e-02
5.989565000000000167e-02
6.955400999999999945e-02
5.713883000000000156e-02
4.590707000000000121e-02
3.209091000000000027e-02
2.739839000000000163e-02
2.624500999999999917e-02
1.732937999999999840e-02
1.121899999999999981e-02
1.028998000000000065e-02
9.537500000000000838e-03
1.071536000000000016e-02
1.114739000000000008e-02
1.406901999999999979e-02
1.528414999999999982e-02
1.145644999999999997e-02
1.294353999999999991e-02
1.375498999999999993e-02
8.410799999999999527e-03
