7.431600000000000011e-03
1.026719000000000069e-02
1.110925999999999927e-02
1.157456999999999930e-02
1.449654000000000047e-02
1.500605999999999988e-02
1.111705999999999979e-02
9.530389999999999695e-03
9.157039999999999971e-03
9.250639999999999211e-03
1.107641000000000008e-02
1.269615999999999974e-02
1.253186000000000057e-02
9.617630000000000276e-03
9.553239999999999302e-03
1.124783000000000033e-02
1.230965000000000011e-02
1.331864999999999959e-02
1.349395999999999929e-02
1.532105999999999919e-02
2.661362999999999923e-02
2.512493999999999839e-02
2.423733000000000137e-02
2.166908000000000029e-02
1.418838000000000044e-02
9.647849999999999482e-03
1.328372000000000060e-02
1.969349000000000099e-02
1.437774999999999991e-02
1.651170999999999889e-02
1.872880999999999851e-02
2.961182999999999871e-02
2.808476000000000028e-02
2.067387000000000044e-02
1.852979999999999905e-02
1.564381000000000105e-02
1.191794000000000013e-02
1.770400999999999919e-02
8.246778999999999915e-02
1.044921899999999987e-01
1.175331000000000015e-01
1.417138400000000076e-01
1.309874699999999947e-01
1.318898599999999977e-01
6.954618999999999385e-02
4.390087000000000156e-02
2.950295000000000001e-02
1.604774999999999952e-02
1.490187999999999929e-02
1.052350999999999981e-02
2.314220000000000166e-02
2.598336000000000048e-02
2.727030999999999900e-02
4.236266999999999811e-02
5.279729999999999840e-02
6.672672000000000325e-02
4.761321000000000303e-02
2.877777999999999933e-02
2.586410000000000098e-02
1.311773999999999926e-02
1.203480000000000001e-02
1.219870999999999976e-02
1.156273000000000023e-02
1.032035000000000070e-02
