8.959889999999999868e-03
9.989120000000000638e-03
8.909979999999999636e-03
8.824629999999999974e-03
8.886009999999999742e-03
8.457889999999999159e-03
8.820420000000000690e-03
9.074630000000000196e-03
9.427839999999999832e-03
8.945699999999999139e-03
8.325799999999999521e-03
8.550900000000000167e-03
8.879269999999999871e-03
9.456489999999999688e-03
9.441559999999999883e-03
8.564910000000000231e-03
8.282740000000000241e-03
8.027919999999999154e-03
8.650420000000000678e-03
8.895979999999999513e-03
8.425850000000000353e-03
9.090370000000000394e-03
8.848260000000000153e-03
8.346469999999999931e-03
8.587930000000000563e-03
8.504990000000000466e-03
8.423770000000000563e-03
8.326450000000000864e-03
9.620369999999999616e-03
9.851699999999999693e-03
9.158309999999999368e-03
8.725109999999999463e-03
8.899320000000000494e-03
8.328479999999999217e-03
8.659979999999999414e-03
9.375619999999999440e-03
9.846239999999999160e-03
9.910850000000000562e-03
1.032588000000000082e-02
1.075427999999999974e-02
1.065487000000000031e-02
1.171104000000000069e-02
1.217567999999999949e-02
1.092015000000000000e-02
1.041505000000000035e-02
1.166379000000000027e-02
1.649170000000000150e-02
1.899303000000000102e-02
2.461429999999999868e-02
2.568120000000000125e-02
2.985559999999999950e-02
3.258025999999999978e-02
2.993349999999999830e-02
2.354811999999999877e-02
1.575286999999999868e-02
1.147807999999999988e-02
8.983539999999999928e-03
9.250730000000000411e-03
1.056690000000000060e-02
1.117868999999999981e-02
1.061155000000000084e-02
1.264419999999999954e-02
1.150334000000000079e-02
7.645619999999999673e-03
