6.960140000000000077e-03
7.992390000000000258e-03
8.003680000000000863e-03
8.367859999999999535e-03
8.238310000000000424e-03
8.409760000000000499e-03
8.349820000000000852e-03
8.148529999999999315e-03
8.253959999999999422e-03
8.567349999999999619e-03
8.894539999999999391e-03
8.570639999999999162e-03
8.474080000000000154e-03
8.951870000000000660e-03
8.370280000000000775e-03
8.345129999999999215e-03
8.524159999999999376e-03
8.359669999999999601e-03
8.229369999999999741e-03
8.197130000000000388e-03
8.359830000000000386e-03
8.261589999999999212e-03
8.257409999999999750e-03
8.473790000000000142e-03
8.863319999999999185e-03
8.424740000000000006e-03
8.487289999999999765e-03
8.389100000000000029e-03
8.258389999999999134e-03
8.204839999999999703e-03
8.322289999999999549e-03
8.376750000000000515e-03
8.421740000000000476e-03
8.686569999999999361e-03
8.590580000000000438e-03
8.168059999999999557e-03
9.659080000000000443e-03
9.072820000000000537e-03
8.287879999999999206e-03
8.289599999999999400e-03
8.066560000000000397e-03
8.399620000000000003e-03
8.810689999999999494e-03
9.828959999999999433e-03
1.182106999999999949e-02
1.037335999999999987e-02
8.458590000000000206e-03
9.051329999999999792e-03
1.131042999999999979e-02
1.116284000000000026e-02
1.053446000000000070e-02
1.057690000000000019e-02
1.252476999999999931e-02
1.691990999999999981e-02
1.872002000000000041e-02
1.778402000000000108e-02
1.415371999999999984e-02
1.225111000000000082e-02
1.219298000000000083e-02
1.081916999999999948e-02
9.045920000000000696e-03
8.505010000000000348e-03
7.884989999999999707e-03
7.488850000000000021e-03
