9.340909999999999144e-03
9.153619999999999465e-03
9.017719999999999902e-03
9.988920000000000091e-03
1.053922000000000019e-02
1.095018000000000033e-02
1.026298999999999961e-02
8.950919999999999363e-03
1.028284999999999963e-02
8.174680000000000141e-03
8.752619999999999151e-03
8.535169999999999910e-03
8.481819999999999291e-03
1.000400000000000074e-02
1.171249000000000075e-02
1.217890999999999939e-02
1.156986999999999946e-02
1.144687999999999956e-02
1.106258000000000068e-02
1.135979999999999976e-02
1.057683000000000061e-02
9.591030000000000388e-03
1.226550000000000036e-02
1.340822000000000021e-02
1.949572000000000110e-02
2.651163999999999951e-02
2.752494999999999942e-02
3.181177000000000310e-02
2.064807999999999921e-02
1.579068000000000138e-02
1.102782000000000068e-02
9.901379999999999557e-03
8.346579999999999278e-03
9.035069999999999213e-03
1.024624000000000021e-02
1.181792000000000085e-02
1.422215999999999932e-02
1.896706000000000086e-02
1.646235999999999880e-02
1.371496999999999994e-02
1.112825999999999919e-02
9.752870000000000289e-03
9.507540000000000088e-03
9.183530000000000512e-03
9.211409999999999737e-03
9.381020000000000331e-03
8.909089999999999718e-03
9.591219999999999260e-03
9.245490000000000305e-03
8.909969999999999696e-03
8.444780000000000689e-03
1.003324000000000056e-02
8.359419999999999351e-03
9.223820000000000630e-03
9.511649999999999966e-03
9.391500000000000542e-03
8.351600000000000690e-03
9.318480000000000513e-03
9.092060000000000766e-03
1.017143000000000040e-02
9.631179999999999602e-03
9.473199999999999329e-03
1.025350000000000046e-02
7.922969999999999666e-03
