1.026678999999999960e-02
2.108501999999999946e-02
1.797380000000000158e-02
1.877310999999999910e-02
2.083979999999999860e-02
1.551933999999999952e-02
1.851720999999999923e-02
1.855100999999999972e-02
1.341753000000000043e-02
1.375788000000000011e-02
2.388981000000000091e-02
3.237190000000000206e-02
3.414214000000000138e-02
3.151943000000000106e-02
2.888558999999999918e-02
2.154338000000000086e-02
1.328284000000000062e-02
2.096390999999999880e-02
4.199855000000000255e-02
5.750178000000000234e-02
5.025780999999999998e-02
2.871949999999999850e-02
2.832453000000000054e-02
2.886212999999999973e-02
4.161659999999999665e-02
5.589195000000000274e-02
2.915525000000000061e-02
1.635262999999999994e-02
2.503518999999999883e-02
3.057647000000000143e-02
2.042476999999999834e-02
2.600333000000000158e-02
2.474915000000000101e-02
1.522635999999999955e-02
3.080729000000000106e-02
3.975120000000000042e-02
3.491095999999999783e-02
3.044668999999999848e-02
3.764394000000000073e-02
4.139621999999999746e-02
5.595357000000000108e-02
4.124752000000000279e-02
2.237824999999999884e-02
2.774779999999999955e-02
4.332112999999999936e-02
7.193141999999999592e-02
1.085664400000000002e-01
9.318344000000000626e-02
5.289150000000000101e-02
1.085439500000000002e-01
1.158432100000000020e-01
1.282163100000000000e-01
1.099208400000000058e-01
8.463885000000000158e-02
4.611246000000000095e-02
6.184288000000000285e-02
1.209143500000000038e-01
2.283515299999999970e-01
3.299804299999999913e-01
4.384745999999999921e-01
6.057907900000000234e-01
6.983479900000000296e-01
5.412967199999999535e-01
3.738393000000000271e-02
