7.811730000000000236e-03
9.341679999999999776e-03
8.328979999999999717e-03
8.179149999999999615e-03
8.556599999999999276e-03
1.047673000000000007e-02
1.135600999999999972e-02
1.122983999999999961e-02
1.190953999999999971e-02
9.207450000000000703e-03
8.233769999999999631e-03
8.138319999999999235e-03
9.759860000000000410e-03
1.042198000000000083e-02
9.779760000000000189e-03
1.028191999999999995e-02
8.893869999999999901e-03
8.594299999999999162e-03
9.280359999999999651e-03
1.054881000000000048e-02
9.734420000000000572e-03
9.112200000000000855e-03
9.495589999999999933e-03
9.321740000000000234e-03
9.424039999999999848e-03
1.128028000000000017e-02
9.833830000000000002e-03
9.742519999999999306e-03
8.453099999999999850e-03
8.551829999999999848e-03
9.102419999999999956e-03
9.495210000000000455e-03
9.091439999999999244e-03
9.915900000000000061e-03
1.159233999999999959e-02
1.164086999999999934e-02
9.055580000000000573e-03
9.260169999999999860e-03
9.160849999999999896e-03
9.347070000000000725e-03
8.672970000000000332e-03
8.868050000000000585e-03
1.008984999999999917e-02
1.188475999999999942e-02
1.343072000000000016e-02
1.327705000000000031e-02
1.491656000000000058e-02
1.678812999999999833e-02
1.114443000000000031e-02
9.947340000000000695e-03
1.074956999999999996e-02
1.462334000000000030e-02
2.143602999999999828e-02
3.305906000000000122e-02
4.403071000000000068e-02
4.396100000000000008e-02
4.575502000000000041e-02
4.474163999999999919e-02
4.347652999999999934e-02
3.586432999999999982e-02
2.491737999999999939e-02
1.714999999999999858e-02
1.103371000000000039e-02
8.600750000000000756e-03
