8.445430000000000298e-03
9.361680000000000695e-03
8.996709999999999777e-03
9.797149999999999262e-03
9.881590000000000859e-03
9.651949999999999419e-03
8.198669999999999916e-03
8.939280000000000836e-03
9.944140000000000618e-03
1.156644000000000075e-02
1.094685999999999923e-02
1.063613000000000058e-02
9.268429999999999377e-03
8.274619999999999892e-03
8.869870000000000185e-03
1.109850000000000073e-02
1.017976999999999944e-02
8.866739999999999691e-03
8.602439999999999393e-03
8.333500000000000629e-03
9.176180000000000794e-03
1.379060000000000008e-02
1.548589000000000042e-02
1.019515999999999999e-02
8.663819999999999161e-03
9.840679999999999220e-03
1.109879000000000074e-02
1.020262000000000079e-02
1.102693000000000076e-02
9.154739999999999753e-03
8.617299999999999613e-03
9.717270000000000074e-03
1.056576000000000043e-02
9.672500000000000542e-03
9.722849999999999895e-03
9.875439999999999219e-03
9.789710000000000079e-03
1.499554999999999985e-02
1.253195000000000003e-02
1.055495000000000044e-02
9.745900000000000049e-03
9.278609999999999636e-03
9.241030000000000771e-03
1.139056999999999917e-02
1.373054999999999935e-02
1.437147000000000077e-02
1.832676999999999917e-02
1.935871999999999940e-02
1.598105999999999832e-02
1.773645999999999903e-02
1.357876000000000048e-02
1.501150000000000054e-02
1.302051000000000076e-02
1.750791999999999973e-02
2.526940999999999909e-02
3.998440999999999801e-02
4.827278000000000124e-02
6.448723000000000649e-02
7.074012000000000355e-02
7.179513999999999341e-02
6.499836999999999976e-02
5.937411000000000078e-02
3.543865000000000209e-02
8.632519999999999430e-03
