1.260433000000000039e-02
1.588407000000000013e-02
1.454352000000000075e-02
1.756436999999999929e-02
2.087833999999999871e-02
2.706255999999999939e-02
2.987696000000000102e-02
2.905779000000000001e-02
2.562321999999999864e-02
1.428737000000000062e-02
1.096760999999999917e-02
1.019622000000000063e-02
1.174053000000000076e-02
2.257032000000000135e-02
3.259822999999999887e-02
3.057056000000000009e-02
3.024906000000000122e-02
3.528714000000000156e-02
4.253060000000000174e-02
4.753174000000000288e-02
4.075155999999999917e-02
1.668060999999999849e-02
2.693181000000000047e-02
5.675787999999999667e-02
7.747060999999999531e-02
1.422549200000000069e-01
1.980376699999999990e-01
1.951785799999999904e-01
1.668381700000000079e-01
1.006155299999999947e-01
5.878221000000000140e-02
3.686955000000000093e-02
3.146122999999999975e-02
1.319599999999999940e-02
1.674118000000000134e-02
2.324410000000000018e-02
3.391236999999999724e-02
5.951428000000000273e-02
5.936171999999999976e-02
5.500039000000000317e-02
3.723390000000000033e-02
2.958037999999999987e-02
1.645185000000000050e-02
1.261112999999999991e-02
1.372107000000000014e-02
1.390458999999999966e-02
1.337491000000000027e-02
1.655362000000000153e-02
1.371870000000000034e-02
1.323024000000000075e-02
1.105364999999999993e-02
9.740270000000000525e-03
1.072737999999999990e-02
1.259476999999999992e-02
1.507236999999999986e-02
1.275645000000000077e-02
1.062547999999999965e-02
9.852790000000000159e-03
1.004094999999999988e-02
1.166410000000000016e-02
1.092892999999999989e-02
1.394884000000000054e-02
1.983098999999999973e-02
9.941409999999999483e-03
