1.315947999999999944e-02
2.443410999999999847e-02
2.649657999999999874e-02
1.734503999999999907e-02
1.231451000000000073e-02
1.180327999999999933e-02
1.382789000000000067e-02
1.941197000000000061e-02
3.766893999999999798e-02
6.500150999999999846e-02
8.177020000000000122e-02
9.925776999999999517e-02
1.071547999999999945e-01
1.019524799999999981e-01
6.475340000000000262e-02
5.572760000000000213e-02
3.700309000000000237e-02
2.056693000000000063e-02
1.558623999999999947e-02
8.962559999999999624e-03
9.640879999999999242e-03
9.705099999999999491e-03
1.478691000000000033e-02
2.221907999999999869e-02
2.903870999999999883e-02
3.663261999999999768e-02
2.714712000000000028e-02
1.711605999999999891e-02
1.281167000000000070e-02
9.493569999999999787e-03
1.065632000000000038e-02
1.177859000000000024e-02
1.270124000000000079e-02
1.468687999999999938e-02
1.342275000000000065e-02
1.378719999999999946e-02
1.153614000000000028e-02
1.044158000000000065e-02
1.051545000000000084e-02
1.363994999999999964e-02
1.148590000000000028e-02
1.015832000000000020e-02
9.059080000000000604e-03
1.058319999999999921e-02
1.204239000000000004e-02
1.058431999999999949e-02
1.070357000000000079e-02
1.135912000000000033e-02
9.179470000000000338e-03
9.202039999999999872e-03
1.136606000000000075e-02
1.139371999999999954e-02
1.151307000000000025e-02
1.142572000000000032e-02
1.003962000000000084e-02
8.820490000000000275e-03
9.082369999999999333e-03
1.051443999999999990e-02
1.056926000000000046e-02
9.903729999999999478e-03
1.063993000000000057e-02
1.014841000000000007e-02
9.227960000000000329e-03
8.191099999999999770e-03
