8.559980000000000019e-03
1.196303999999999944e-02
1.179803999999999922e-02
1.034853999999999982e-02
8.641869999999999413e-03
9.462730000000000793e-03
9.699620000000000811e-03
9.342009999999999550e-03
9.885239999999999999e-03
1.004947999999999952e-02
9.184259999999999646e-03
8.395760000000000375e-03
8.554489999999999664e-03
9.650789999999999369e-03
1.018986000000000024e-02
9.874179999999999763e-03
9.314920000000000838e-03
8.257830000000000725e-03
9.417880000000000001e-03
9.886320000000000524e-03
1.084430999999999937e-02
9.468860000000000818e-03
8.618930000000000341e-03
1.176922000000000038e-02
1.254153000000000039e-02
1.204846000000000042e-02
1.378513999999999955e-02
9.169979999999999451e-03
8.498129999999999573e-03
8.795960000000000237e-03
1.028193999999999983e-02
1.094588999999999979e-02
1.284635999999999938e-02
1.369858000000000013e-02
1.570751000000000092e-02
1.719501000000000016e-02
1.719477000000000158e-02
1.491652000000000082e-02
9.844580000000000344e-03
1.298258000000000051e-02
1.904766999999999919e-02
3.301293000000000283e-02
4.298348999999999920e-02
5.939940999999999971e-02
6.054473999999999967e-02
5.905148999999999815e-02
4.084452999999999695e-02
3.209936000000000039e-02
2.599281000000000161e-02
1.831183999999999937e-02
1.137954000000000049e-02
8.448020000000000529e-03
1.036187000000000046e-02
1.488988999999999938e-02
1.522803000000000004e-02
2.028297999999999907e-02
1.911022000000000068e-02
1.743921999999999833e-02
1.987695000000000087e-02
2.289046999999999957e-02
1.838998999999999842e-02
1.214947000000000076e-02
9.880859999999999990e-03
8.667619999999999145e-03
