7.262059999999999869e-03
9.052879999999999261e-03
1.102712999999999957e-02
1.463858999999999994e-02
2.221926000000000109e-02
2.688799999999999871e-02
3.034109000000000111e-02
3.331072000000000199e-02
3.018987999999999880e-02
3.661004000000000341e-02
2.952315999999999968e-02
2.018732999999999986e-02
1.633033000000000054e-02
1.094974999999999941e-02
9.875580000000000122e-03
8.763099999999999362e-03
9.415470000000000436e-03
1.069531999999999948e-02
1.180462999999999998e-02
1.106348000000000054e-02
1.295543000000000042e-02
1.425673000000000044e-02
1.263001000000000054e-02
1.128318000000000029e-02
1.040881999999999918e-02
8.862099999999999492e-03
9.283869999999999623e-03
9.975970000000000670e-03
1.000042999999999939e-02
1.013666000000000046e-02
9.058240000000000389e-03
8.471009999999999304e-03
8.573729999999999893e-03
8.602920000000000011e-03
8.610029999999999420e-03
8.854489999999999583e-03
9.181069999999999509e-03
9.204030000000000197e-03
9.023659999999999320e-03
8.509050000000000641e-03
8.543929999999999927e-03
8.773249999999999799e-03
8.908070000000000571e-03
9.011220000000000341e-03
9.012130000000000141e-03
8.812300000000000341e-03
8.570200000000000040e-03
8.880680000000000171e-03
9.014160000000000228e-03
8.427260000000000653e-03
8.577170000000000280e-03
8.435329999999999565e-03
8.434370000000000062e-03
9.351490000000000496e-03
9.029169999999999557e-03
8.972050000000000511e-03
8.773649999999999158e-03
8.547219999999999471e-03
8.434880000000000502e-03
8.392659999999999704e-03
8.545479999999999396e-03
8.807030000000000414e-03
8.755719999999999822e-03
7.522590000000000006e-03
