1.145546000000000064e-02
2.274110999999999841e-02
3.334191000000000238e-02
4.373661000000000215e-02
5.517422000000000298e-02
6.399614000000000691e-02
3.025071000000000010e-02
1.666797999999999891e-02
2.440565000000000095e-02
3.381492999999999999e-02
5.786608000000000029e-02
6.124436999999999937e-02
6.934063999999999506e-02
5.716529000000000055e-02
3.970868999999999788e-02
6.671528000000000180e-02
6.199852000000000141e-02
2.672487000000000126e-02
2.669909000000000171e-02
3.301524000000000125e-02
2.183896000000000101e-02
2.615997999999999934e-02
7.353998999999999953e-02
4.637046000000000223e-02
7.933242000000000071e-02
1.073582200000000042e-01
1.089782900000000054e-01
9.770465999999999873e-02
7.561031000000000002e-02
1.069692700000000052e-01
5.426323000000000257e-02
4.307451999999999809e-02
6.821724999999999317e-02
9.233141999999999738e-02
1.145763699999999968e-01
1.453389499999999945e-01
1.361191700000000115e-01
1.895224000000000075e-01
2.057095300000000015e-01
1.560578900000000047e-01
1.271476300000000115e-01
8.849700000000000621e-02
2.050703299999999951e-01
4.015204299999999837e-01
5.590885300000000280e-01
6.961245499999999531e-01
7.681950899999999693e-01
7.715452299999999708e-01
7.101286100000000490e-01
5.040160399999999985e-01
4.508699500000000193e-01
3.298076400000000130e-01
1.381203400000000081e-01
8.211266000000000398e-02
3.509973000000000259e-02
4.343244000000000271e-02
5.728711999999999693e-02
7.199273000000000478e-02
1.039584300000000044e-01
2.276718799999999931e-01
2.725605400000000178e-01
2.415368400000000026e-01
1.372750600000000043e-01
3.936685000000000184e-02
