1.518019999999999960e-02
2.636905999999999972e-02
1.376216000000000071e-02
1.380255000000000024e-02
1.522326000000000061e-02
2.478711999999999929e-02
3.686069000000000151e-02
4.559374000000000066e-02
4.985918000000000294e-02
3.770557000000000075e-02
1.771634000000000056e-02
1.428307000000000014e-02
1.792822999999999986e-02
2.116817000000000004e-02
2.599995000000000084e-02
3.380157000000000300e-02
1.809095999999999968e-02
1.361312999999999933e-02
1.700039999999999885e-02
2.443932000000000049e-02
2.481834000000000123e-02
3.479879000000000305e-02
3.328244000000000341e-02
2.059085000000000082e-02
2.224328999999999890e-02
3.024303999999999881e-02
3.280829999999999858e-02
2.651902999999999899e-02
2.138585999999999959e-02
1.330239000000000074e-02
1.585450999999999874e-02
2.464859999999999968e-02
2.957424999999999984e-02
3.451657999999999810e-02
3.273558000000000023e-02
2.994066999999999909e-02
3.504420999999999925e-02
5.986833999999999906e-02
3.427808999999999717e-02
1.411131000000000017e-02
1.930255000000000165e-02
3.079607999999999998e-02
4.005522000000000249e-02
4.346966000000000024e-02
4.968952000000000091e-02
7.251660000000000050e-02
1.280373300000000047e-01
1.400225200000000114e-01
8.026655000000000595e-02
4.544772999999999868e-02
2.217799000000000159e-02
4.427454000000000112e-02
1.313452699999999862e-01
2.864639800000000069e-01
4.185838399999999848e-01
4.576395200000000218e-01
4.924369200000000002e-01
4.968383599999999789e-01
4.884303500000000131e-01
4.228208399999999756e-01
2.960525199999999857e-01
1.926530200000000081e-01
9.850092000000000569e-02
2.152642999999999918e-02
