1.798641000000000129e-02
6.070524000000000059e-02
1.033814799999999978e-01
1.691184799999999877e-01
2.479004999999999959e-01
2.597761499999999835e-01
2.779835199999999840e-01
2.614352400000000132e-01
2.045513800000000049e-01
1.726419299999999990e-01
1.301382299999999936e-01
7.137852000000000086e-02
3.937861000000000139e-02
1.706001000000000045e-02
1.773542999999999994e-02
1.683710999999999888e-02
2.363006000000000134e-02
4.322738999999999748e-02
4.092992000000000158e-02
4.202626000000000278e-02
6.385327999999999837e-02
6.397717999999999461e-02
4.509927999999999854e-02
2.251871000000000081e-02
1.718700999999999909e-02
1.553837999999999921e-02
1.876674000000000050e-02
1.949996999999999842e-02
2.225546000000000121e-02
2.186354000000000075e-02
1.270908999999999928e-02
1.195710999999999996e-02
1.305686999999999993e-02
1.100216000000000041e-02
1.167335000000000074e-02
1.363381999999999962e-02
1.518764000000000051e-02
1.403121000000000056e-02
1.304836000000000017e-02
1.696254999999999985e-02
1.578442000000000039e-02
1.830499999999999836e-02
1.686897999999999870e-02
1.590663999999999967e-02
1.770259999999999889e-02
2.236880000000000118e-02
1.865790000000000157e-02
1.610108999999999846e-02
1.530708000000000069e-02
1.240654000000000062e-02
1.101388000000000020e-02
1.211220000000000005e-02
1.540300000000000002e-02
2.206614999999999965e-02
2.012492000000000100e-02
1.162692000000000066e-02
1.396663000000000071e-02
2.012382000000000060e-02
1.886882999999999963e-02
1.577597000000000027e-02
1.672879000000000033e-02
1.037691999999999955e-02
1.311240999999999969e-02
1.326016999999999994e-02
