7.362399999999999847e-03
8.982679999999999831e-03
8.246039999999999620e-03
8.304880000000000595e-03
8.820810000000000109e-03
8.420270000000000532e-03
8.605250000000000052e-03
8.838749999999999385e-03
8.696749999999999620e-03
8.701050000000000104e-03
8.482109999999999303e-03
9.211610000000000284e-03
9.459930000000000075e-03
9.177770000000000025e-03
9.392420000000000282e-03
9.869899999999999160e-03
1.000734999999999993e-02
1.163399000000000030e-02
1.608514999999999945e-02
2.035030999999999993e-02
1.909030999999999922e-02
2.011343999999999979e-02
1.644003000000000131e-02
1.199746999999999966e-02
1.111295999999999985e-02
9.415369999999999295e-03
8.356250000000000830e-03
8.635109999999999661e-03
8.951380000000000101e-03
9.751479999999999870e-03
8.703320000000000500e-03
1.070181000000000084e-02
1.100438999999999931e-02
1.002883000000000073e-02
9.348220000000000834e-03
9.615719999999999476e-03
1.004171000000000057e-02
9.245639999999999414e-03
8.328139999999999502e-03
8.341289999999999469e-03
9.083179999999999726e-03
8.779030000000000167e-03
9.314589999999999329e-03
9.359080000000000524e-03
8.461849999999999927e-03
8.150279999999999331e-03
8.201289999999999969e-03
8.484520000000000603e-03
8.403910000000000546e-03
8.209750000000000034e-03
8.376579999999999790e-03
8.871959999999999916e-03
8.512739999999999543e-03
8.453399999999999803e-03
8.182880000000000015e-03
8.719730000000000189e-03
8.842030000000000722e-03
8.242660000000000611e-03
8.412269999999999470e-03
8.174320000000000544e-03
8.290429999999999675e-03
9.179909999999999459e-03
8.501389999999999295e-03
7.509560000000000193e-03
