8.607419999999999308e-03
1.068387999999999977e-02
9.711859999999999243e-03
1.067616000000000051e-02
1.209372000000000051e-02
1.334707000000000081e-02
9.892919999999999492e-03
1.086060999999999971e-02
1.129435999999999982e-02
9.404620000000000687e-03
1.060039999999999941e-02
1.300117999999999933e-02
1.565845999999999905e-02
1.446626999999999982e-02
1.158876999999999997e-02
1.255669000000000056e-02
1.302147000000000027e-02
1.066118999999999921e-02
1.136884999999999979e-02
1.075403999999999943e-02
8.689169999999999533e-03
1.030063999999999980e-02
1.315734000000000001e-02
1.309124000000000052e-02
1.801192000000000071e-02
1.685100000000000139e-02
1.525919000000000060e-02
1.557653999999999983e-02
1.586728000000000097e-02
1.710325999999999860e-02
1.248832000000000067e-02
9.155830000000000218e-03
1.129668999999999986e-02
1.285155999999999972e-02
1.500668999999999961e-02
1.537957000000000039e-02
1.511830999999999939e-02
2.013927000000000078e-02
2.402208000000000121e-02
2.362660000000000107e-02
1.852078000000000058e-02
1.532119000000000016e-02
1.858614000000000099e-02
3.008709000000000036e-02
4.896417000000000130e-02
7.203550000000000231e-02
8.199770000000000669e-02
9.168845000000000467e-02
8.652558999999999945e-02
6.099849999999999717e-02
5.426559999999999717e-02
5.020221999999999879e-02
2.506800000000000000e-02
1.791772000000000156e-02
9.063289999999999888e-03
9.246900000000000605e-03
1.006743000000000048e-02
1.114895999999999943e-02
1.379491000000000051e-02
1.868826000000000168e-02
2.107732000000000008e-02
1.937474000000000141e-02
1.699526999999999982e-02
9.279710000000000042e-03
