6.993560000000000228e-03
8.378240000000000340e-03
8.502700000000000188e-03
9.944349999999999370e-03
1.105238000000000054e-02
1.209358999999999955e-02
1.532809000000000081e-02
1.592916000000000123e-02
1.543998000000000072e-02
1.755893999999999858e-02
1.634499000000000021e-02
1.463746999999999965e-02
1.182065000000000025e-02
1.051554000000000030e-02
8.981909999999999200e-03
8.100359999999999158e-03
8.797759999999999955e-03
8.832400000000000667e-03
9.207059999999999550e-03
9.713750000000000162e-03
1.051768999999999968e-02
1.013451999999999929e-02
9.807619999999999533e-03
8.713810000000000652e-03
8.779659999999999895e-03
8.761039999999999453e-03
8.652909999999999768e-03
8.810010000000000063e-03
9.039010000000000100e-03
8.359600000000000017e-03
8.287469999999999906e-03
8.140230000000000035e-03
8.231660000000000019e-03
8.289849999999999650e-03
8.184079999999999827e-03
8.738859999999999337e-03
8.252149999999999763e-03
8.368240000000000747e-03
8.292350000000000415e-03
8.245860000000000689e-03
8.354900000000000174e-03
8.267429999999999224e-03
8.507910000000000472e-03
8.506929999999999353e-03
8.195509999999999601e-03
8.782039999999999638e-03
8.377479999999999649e-03
8.459349999999999162e-03
8.292459999999999762e-03
8.219060000000000255e-03
8.295250000000000540e-03
9.076419999999999974e-03
8.746910000000000102e-03
8.506889999999999591e-03
8.662569999999999645e-03
9.146009999999999557e-03
8.367390000000000591e-03
8.458790000000000753e-03
8.418609999999999982e-03
8.189099999999999505e-03
8.208580000000000043e-03
7.980839999999999462e-03
8.413320000000000173e-03
7.365939999999999641e-03
