1.090671000000000002e-02
3.763769000000000142e-02
2.679366000000000039e-02
2.360635000000000164e-02
2.236308999999999866e-02
1.737123999999999960e-02
1.593019000000000032e-02
1.079308999999999998e-02
8.822520000000000362e-03
9.793599999999999528e-03
9.666420000000000221e-03
9.832050000000000164e-03
1.107639000000000019e-02
1.405995999999999982e-02
1.767871999999999846e-02
1.446131999999999973e-02
1.703239000000000142e-02
1.421644000000000033e-02
1.179060999999999998e-02
9.165730000000000405e-03
8.685929999999999693e-03
8.907039999999999749e-03
8.599990000000000065e-03
8.862290000000000098e-03
9.395560000000000717e-03
9.768129999999999868e-03
9.357549999999999202e-03
8.644070000000000226e-03
8.859280000000000627e-03
8.468009999999999773e-03
9.093840000000000603e-03
9.229150000000000201e-03
8.690780000000000380e-03
8.354389999999999733e-03
8.732520000000000560e-03
8.812310000000000282e-03
8.908720000000000180e-03
8.908400000000000346e-03
8.667889999999999276e-03
8.634710000000000302e-03
8.658179999999999696e-03
8.579269999999999952e-03
9.808650000000000355e-03
9.212520000000000084e-03
9.526780000000000317e-03
8.638180000000000511e-03
9.165200000000000083e-03
9.380849999999999606e-03
9.182720000000000118e-03
8.647079999999999697e-03
8.098410000000000331e-03
8.277100000000000776e-03
9.134849999999999914e-03
9.953530000000000363e-03
8.617329999999999435e-03
8.441499999999999351e-03
8.949250000000000607e-03
9.179430000000000575e-03
9.045650000000000565e-03
8.578219999999999248e-03
9.079910000000000064e-03
8.764910000000000756e-03
8.470800000000000551e-03
8.111089999999999620e-03
