1.412212000000000016e-02
2.979816000000000062e-02
2.187789000000000053e-02
2.020827000000000040e-02
1.742149000000000128e-02
1.286166000000000045e-02
9.932500000000000356e-03
1.239190000000000083e-02
1.852298999999999959e-02
2.728337999999999944e-02
2.441602999999999829e-02
1.807525999999999924e-02
1.570188000000000139e-02
2.150641000000000011e-02
2.549070000000000155e-02
1.527434000000000083e-02
2.439211000000000157e-02
2.265518999999999866e-02
1.908578999999999831e-02
1.281088000000000018e-02
1.526621000000000054e-02
2.593902000000000013e-02
1.968566000000000066e-02
1.409953000000000074e-02
1.833537000000000014e-02
1.440552999999999972e-02
2.023000000000000145e-02
2.258757000000000126e-02
2.755631999999999873e-02
3.375046000000000296e-02
3.530008999999999925e-02
2.735177999999999915e-02
4.083685000000000093e-02
1.970871999999999902e-02
1.506741999999999977e-02
1.376529999999999941e-02
3.073220999999999939e-02
3.484915000000000235e-02
3.498616000000000226e-02
2.980011000000000118e-02
4.570596999999999854e-02
5.850587000000000149e-02
5.229185000000000083e-02
4.092322000000000320e-02
2.894936000000000037e-02
3.430046999999999957e-02
9.497951000000000310e-02
1.412068499999999949e-01
2.095205599999999946e-01
2.882969699999999857e-01
3.488195499999999782e-01
3.435562799999999917e-01
3.015992299999999959e-01
2.592128799999999789e-01
1.926804000000000017e-01
1.405022900000000019e-01
6.398397000000000112e-02
3.843334999999999807e-02
1.827271999999999924e-02
1.063377000000000072e-02
1.593871999999999997e-02
2.858043999999999862e-02
2.787776000000000143e-02
1.709511000000000017e-02
