3.290470000000000200e-02
4.266520000000000035e-02
4.057117999999999836e-02
6.865997000000000072e-02
8.796407000000000531e-02
1.000366000000000033e-01
1.297635000000000038e-01
9.508619999999999572e-02
7.460841999999999474e-02
2.108078999999999856e-02
1.371332999999999927e-02
1.609156999999999949e-02
3.288064000000000264e-02
6.517325000000000201e-02
1.363505700000000043e-01
1.333990100000000123e-01
1.388215700000000052e-01
1.238357800000000064e-01
1.700460299999999869e-01
1.977648300000000026e-01
1.305444099999999996e-01
4.455445999999999712e-02
1.550843699999999992e-01
3.179711700000000252e-01
5.158113199999999621e-01
6.809925999999999480e-01
7.808817599999999803e-01
7.580114000000000019e-01
6.913264999999999549e-01
4.753216499999999844e-01
2.906770100000000134e-01
1.338550199999999912e-01
8.582262000000000224e-02
2.943199999999999983e-02
3.467429000000000344e-02
6.107930000000000303e-02
1.104010299999999972e-01
2.567964799999999936e-01
2.742784600000000017e-01
1.919884500000000049e-01
1.476191900000000112e-01
8.975186000000000275e-02
7.397610999999999770e-02
3.448492000000000224e-02
4.318956999999999657e-02
2.950588000000000169e-02
2.307102000000000111e-02
5.544947000000000070e-02
3.948092999999999742e-02
5.016434000000000171e-02
2.601836999999999900e-02
1.451233000000000037e-02
2.280478999999999840e-02
3.403359000000000245e-02
5.066741999999999774e-02
2.845738999999999908e-02
1.978591999999999851e-02
1.537551000000000022e-02
1.522515999999999974e-02
1.742892999999999873e-02
2.708042999999999909e-02
5.360370999999999886e-02
6.581681000000000337e-02
2.184815999999999842e-02
