7.390250000000000118e-03
9.953870000000000079e-03
1.557838999999999925e-02
1.256755000000000025e-02
1.415659000000000015e-02
1.810476999999999920e-02
1.452911999999999954e-02
1.868960999999999886e-02
2.242734000000000047e-02
2.830859999999999974e-02
2.000398000000000107e-02
2.445728000000000138e-02
1.648217000000000085e-02
1.233915000000000012e-02
2.140302999999999997e-02
1.554783000000000033e-02
2.794419999999999890e-02
1.972430000000000017e-02
1.709064999999999890e-02
2.460789999999999852e-02
4.217608999999999941e-02
4.075117000000000322e-02
3.146902000000000033e-02
2.167057000000000011e-02
1.330270000000000064e-02
2.814496000000000012e-02
5.925719000000000125e-02
1.218304600000000015e-01
1.659800700000000073e-01
1.684056800000000020e-01
1.573399199999999942e-01
1.577656899999999862e-01
1.343420100000000117e-01
7.357528000000000679e-02
3.734462000000000198e-02
2.114045999999999981e-02
1.522956999999999957e-02
1.499936999999999972e-02
2.738414000000000126e-02
3.498673000000000061e-02
4.607866000000000045e-02
4.805674000000000057e-02
5.084446000000000104e-02
4.488999999999999935e-02
3.220334999999999864e-02
2.363043000000000088e-02
1.349692000000000079e-02
1.081074999999999918e-02
1.389308000000000036e-02
2.259463999999999917e-02
2.664183999999999997e-02
1.790751000000000148e-02
1.724335000000000104e-02
2.238990999999999898e-02
1.135492999999999919e-02
1.313256999999999966e-02
1.299076000000000050e-02
1.107791999999999978e-02
1.249200999999999957e-02
1.286529999999999965e-02
1.940855999999999831e-02
1.105191999999999980e-02
9.266440000000000787e-03
1.035696000000000012e-02
