6.827480000000000354e-03
2.109395999999999841e-02
1.162615999999999997e-02
1.780583000000000166e-02
1.763146000000000158e-02
1.661951000000000053e-02
8.348400000000000612e-03
1.019340000000000003e-02
1.252395000000000071e-02
3.120652999999999969e-02
2.286929000000000045e-02
3.536347000000000101e-02
2.458375999999999964e-02
1.108869000000000000e-02
1.253425000000000025e-02
2.472722999999999935e-02
2.380302000000000112e-02
1.536918999999999959e-02
1.666901999999999967e-02
1.283945000000000052e-02
1.514120000000000049e-02
4.763131999999999783e-02
6.424493000000000564e-02
2.751102000000000061e-02
1.487498999999999939e-02
1.074693000000000002e-02
2.611060000000000117e-02
2.648477999999999943e-02
3.930759000000000336e-02
2.193577999999999847e-02
1.121027999999999955e-02
1.763750999999999861e-02
2.652815999999999855e-02
2.592250999999999930e-02
1.699913000000000118e-02
1.790577999999999961e-02
2.744312000000000140e-02
6.100167000000000089e-02
5.370911999999999908e-02
2.431896999999999878e-02
1.324753000000000042e-02
1.781171000000000143e-02
2.592070999999999958e-02
3.329399000000000247e-02
4.387114000000000291e-02
5.330383000000000343e-02
6.265885000000000205e-02
8.254179999999999851e-02
6.036633000000000276e-02
7.926349000000000589e-02
5.649077000000000265e-02
6.572917000000000343e-02
2.412256999999999943e-02
3.800376999999999922e-02
9.304719999999999658e-02
1.232301499999999966e-01
2.299970500000000084e-01
3.499441099999999749e-01
4.110929400000000178e-01
4.453127399999999847e-01
4.545630800000000082e-01
4.402434199999999964e-01
2.835852799999999951e-01
2.161905999999999897e-02
