8.567589999999999928e-03
1.131208000000000040e-02
1.254683000000000014e-02
9.660729999999999318e-03
8.840360000000000232e-03
8.791349999999999859e-03
1.029345000000000086e-02
1.498455999999999920e-02
1.788069999999999937e-02
2.358166999999999902e-02
2.114858000000000016e-02
2.149010999999999977e-02
2.145180000000000003e-02
1.687784000000000159e-02
1.465240999999999939e-02
1.104718000000000019e-02
1.119124999999999981e-02
8.671180000000000554e-03
8.594829999999999484e-03
8.638639999999999514e-03
9.858139999999999611e-03
1.034892999999999924e-02
1.175712999999999932e-02
1.297027000000000076e-02
1.504895000000000017e-02
1.335071000000000001e-02
1.163569000000000062e-02
8.771299999999999236e-03
9.137960000000000527e-03
9.119689999999999741e-03
9.316909999999999428e-03
9.680460000000000106e-03
9.110419999999999283e-03
9.041330000000000200e-03
9.482729999999999979e-03
9.091949999999999685e-03
9.375410000000000688e-03
9.631670000000000162e-03
8.800189999999999402e-03
9.204350000000000032e-03
9.001649999999999929e-03
8.942800000000000749e-03
8.980629999999999863e-03
9.121280000000000707e-03
9.481220000000000273e-03
9.372260000000000313e-03
8.879629999999999468e-03
8.495449999999999877e-03
8.890999999999999598e-03
9.464139999999999359e-03
9.845220000000000013e-03
1.080984999999999932e-02
9.362159999999999579e-03
8.626530000000000309e-03
8.611429999999999779e-03
1.000229000000000049e-02
1.003800999999999999e-02
9.165849999999999692e-03
9.378340000000000634e-03
8.974189999999999945e-03
8.985530000000000253e-03
8.919979999999999229e-03
9.865209999999999257e-03
8.050800000000000317e-03
