8.104429999999999273e-03
1.144253999999999931e-02
1.026860999999999920e-02
9.069429999999999853e-03
9.179359999999999256e-03
1.049773000000000026e-02
1.292840999999999956e-02
1.683791999999999928e-02
1.700847000000000123e-02
1.157416999999999994e-02
9.986570000000000169e-03
9.941300000000000137e-03
1.202765000000000084e-02
1.433401999999999940e-02
1.523113000000000071e-02
1.876546000000000117e-02
1.202029999999999939e-02
1.177396999999999992e-02
1.442771999999999978e-02
2.100213000000000080e-02
1.643678000000000153e-02
1.715991000000000044e-02
1.722202999999999928e-02
1.503776000000000071e-02
1.547074000000000019e-02
1.802271000000000081e-02
1.457488000000000013e-02
1.292259999999999937e-02
9.997219999999999371e-03
1.046433000000000085e-02
1.222560999999999960e-02
1.246769000000000002e-02
1.249779999999999988e-02
1.823767000000000096e-02
2.726266000000000106e-02
2.180939000000000141e-02
1.755574999999999844e-02
2.030937999999999841e-02
1.945573000000000094e-02
2.581108999999999834e-02
2.152128000000000027e-02
2.395631999999999970e-02
3.388958000000000248e-02
4.367056999999999883e-02
6.220574000000000242e-02
6.012080000000000202e-02
6.647881999999999403e-02
7.464149000000000478e-02
4.176023999999999708e-02
2.577515999999999835e-02
1.576030999999999960e-02
2.290589999999999987e-02
3.931107999999999825e-02
7.384475999999999540e-02
1.430025799999999903e-01
1.602584599999999915e-01
1.927959200000000095e-01
2.186056799999999967e-01
2.257568500000000089e-01
2.021580900000000125e-01
1.637839100000000048e-01
1.031374099999999988e-01
5.885590000000000266e-02
1.743255000000000152e-02
