8.199390000000000844e-03
9.385110000000000327e-03
8.967440000000000133e-03
8.503480000000000760e-03
8.863400000000000445e-03
8.871510000000000853e-03
8.846059999999999340e-03
8.789170000000000663e-03
8.633530000000000371e-03
8.848089999999999428e-03
9.491919999999999177e-03
9.812690000000000648e-03
1.044477000000000079e-02
1.055915999999999973e-02
1.031229000000000000e-02
9.000380000000000533e-03
8.782250000000000126e-03
9.404440000000000022e-03
1.143542999999999990e-02
1.241299000000000048e-02
1.118393999999999985e-02
1.084995000000000057e-02
1.119421999999999952e-02
1.049400999999999980e-02
1.206839999999999996e-02
1.151142999999999958e-02
9.216709999999999486e-03
9.613220000000000445e-03
1.030668000000000036e-02
1.129792999999999943e-02
9.821420000000000844e-03
9.054909999999999348e-03
9.742400000000000018e-03
9.845080000000000844e-03
1.145320000000000019e-02
1.292212000000000048e-02
1.183208000000000003e-02
1.259388999999999995e-02
1.196624999999999946e-02
1.214093999999999937e-02
1.380783000000000010e-02
1.210722000000000013e-02
1.023553999999999957e-02
8.698940000000000491e-03
1.343975000000000031e-02
1.664614000000000024e-02
1.947580999999999965e-02
1.769638999999999934e-02
1.383617000000000007e-02
1.770998999999999837e-02
1.882626999999999912e-02
1.838077000000000114e-02
1.335230999999999918e-02
1.164990999999999943e-02
1.095109000000000013e-02
1.591114000000000070e-02
2.369040999999999855e-02
3.218188999999999772e-02
4.229453999999999853e-02
4.677913000000000210e-02
5.447749000000000341e-02
6.513683000000000667e-02
5.084770999999999735e-02
8.518869999999999568e-03
