1.525956000000000014e-02
6.080299000000000120e-02
4.512702999999999853e-02
6.974751999999999341e-02
2.650461000000000136e-02
2.368982000000000032e-02
2.777558000000000110e-02
2.588568000000000119e-02
3.663737999999999717e-02
2.393061000000000146e-02
8.041721999999999759e-02
3.711632000000000126e-02
8.009238999999999942e-02
1.214951400000000015e-01
1.446448399999999967e-01
1.637333499999999997e-01
2.909240000000000090e-02
2.916476999999999958e-02
4.827142999999999712e-02
7.780381999999999576e-02
5.847238999999999909e-02
9.000038000000000482e-02
1.369954800000000028e-01
1.767749600000000088e-01
1.876000800000000024e-01
2.239837600000000040e-01
1.942831399999999931e-01
1.645256400000000008e-01
9.492842999999999420e-02
2.529203600000000107e-01
5.576417399999999969e-01
7.180047000000000512e-01
7.688165900000000219e-01
8.530641199999999813e-01
7.549266199999999927e-01
7.418026899999999868e-01
6.196835000000000537e-01
3.769882900000000037e-01
1.363476999999999884e-01
3.177550999999999987e-02
4.371371000000000284e-02
6.176961000000000257e-02
1.097941499999999931e-01
1.339826000000000072e-01
1.811428700000000114e-01
2.661675800000000147e-01
2.556047399999999969e-01
2.853347099999999914e-01
1.267743699999999973e-01
4.892031000000000157e-02
2.538626999999999898e-02
2.790248999999999854e-02
3.548834000000000016e-02
7.114056000000000546e-02
7.608064999999999967e-02
9.490361999999999409e-02
7.726889000000000673e-02
1.066660400000000036e-01
1.135300800000000054e-01
8.139106999999999592e-02
3.450811000000000156e-02
2.791561000000000042e-02
2.987302000000000013e-02
3.222451999999999955e-02
