1.040349999999999955e-02
1.436020000000000005e-02
1.262227999999999961e-02
1.014424000000000055e-02
1.000731000000000016e-02
1.045370999999999974e-02
1.033963000000000070e-02
1.098037999999999965e-02
9.280319999999999889e-03
9.894580000000000042e-03
8.913120000000000070e-03
9.873599999999999738e-03
9.861210000000000461e-03
1.062152000000000061e-02
1.165761000000000054e-02
9.578039999999999471e-03
9.114830000000000848e-03
1.005542000000000068e-02
1.081624999999999948e-02
1.024483999999999985e-02
1.050448000000000007e-02
1.041366999999999987e-02
1.015108999999999977e-02
1.386161999999999984e-02
1.337196000000000044e-02
1.418898000000000034e-02
1.125397000000000029e-02
8.993589999999999224e-03
9.183240000000000500e-03
1.103240999999999944e-02
1.308899000000000000e-02
1.349622999999999969e-02
1.964809000000000000e-02
1.881595000000000142e-02
2.146382999999999971e-02
2.076218000000000161e-02
1.613322000000000020e-02
1.081656999999999931e-02
1.155682000000000063e-02
1.890769999999999951e-02
3.618110000000000076e-02
6.242049000000000208e-02
8.479195999999999955e-02
9.089505000000000501e-02
8.047179000000000137e-02
6.749251000000000555e-02
3.216075999999999657e-02
1.582077000000000136e-02
1.406125000000000083e-02
9.687799999999999884e-03
1.029411000000000041e-02
9.959159999999999888e-03
1.053882000000000083e-02
1.558673999999999997e-02
2.176695999999999839e-02
3.044461000000000042e-02
2.931606999999999963e-02
2.378185000000000021e-02
2.229971999999999857e-02
2.333742999999999929e-02
1.861279999999999879e-02
1.170791000000000019e-02
1.016527000000000056e-02
9.080130000000000492e-03
