7.712329999999999880e-03
1.080232000000000067e-02
9.173759999999999554e-03
9.407840000000000646e-03
9.395479999999999457e-03
8.569939999999999850e-03
8.344660000000000272e-03
8.602419999999999511e-03
9.552859999999999824e-03
1.080758000000000066e-02
1.062881000000000069e-02
9.912499999999999437e-03
8.924440000000000497e-03
9.940050000000000621e-03
1.017091000000000002e-02
9.070260000000000128e-03
9.351349999999999593e-03
9.802609999999999796e-03
9.294570000000000262e-03
9.518640000000000087e-03
8.747770000000000198e-03
1.086982000000000052e-02
9.689339999999999412e-03
8.993440000000000115e-03
9.941250000000000434e-03
9.198549999999999782e-03
9.416650000000000367e-03
1.010523999999999971e-02
1.076308999999999946e-02
1.157680999999999988e-02
1.269156999999999924e-02
1.081664000000000063e-02
1.085668000000000050e-02
9.442300000000000693e-03
8.874119999999999231e-03
1.105277999999999990e-02
1.332023000000000061e-02
1.335801999999999996e-02
1.195803999999999964e-02
1.159914000000000084e-02
1.490040999999999935e-02
1.743758999999999934e-02
1.761197999999999930e-02
1.607251999999999986e-02
1.191680999999999990e-02
1.571014000000000091e-02
2.624326999999999910e-02
3.935497000000000301e-02
5.581251000000000267e-02
6.102689000000000030e-02
6.977540000000000131e-02
6.925058000000000602e-02
6.281952999999999843e-02
6.770774000000000237e-02
4.022169999999999912e-02
2.580835000000000073e-02
1.322409000000000084e-02
1.037020999999999950e-02
9.055729999999999683e-03
9.637949999999999295e-03
1.015522999999999947e-02
1.172306000000000042e-02
1.222038999999999938e-02
8.880709999999999993e-03
