7.622620000000000090e-03
8.311640000000000347e-03
8.278489999999999460e-03
8.329990000000000658e-03
8.659359999999999627e-03
8.714460000000000262e-03
8.527389999999999276e-03
8.269290000000000321e-03
8.405060000000000656e-03
8.311819999999999278e-03
8.450400000000000272e-03
8.627970000000000431e-03
8.542199999999999793e-03
9.036840000000000844e-03
8.844370000000000703e-03
8.737830000000000250e-03
8.447079999999999173e-03
8.475170000000000620e-03
8.819550000000000653e-03
8.973550000000000276e-03
9.208449999999999969e-03
8.556130000000000332e-03
8.375489999999999324e-03
8.482170000000000681e-03
9.026589999999999267e-03
9.485560000000000519e-03
8.523269999999999458e-03
8.439639999999999989e-03
8.321800000000000724e-03
8.477439999999999282e-03
8.531199999999999201e-03
8.546689999999999149e-03
8.657700000000000812e-03
8.396660000000000235e-03
8.761460000000000428e-03
8.995980000000000643e-03
8.918630000000000307e-03
8.957669999999999175e-03
8.748670000000000058e-03
8.653440000000000090e-03
9.610250000000000736e-03
9.846660000000000135e-03
9.452739999999999407e-03
9.422520000000000201e-03
9.446909999999999336e-03
9.429959999999999384e-03
1.036631000000000011e-02
1.045629000000000003e-02
9.755500000000000282e-03
1.026619999999999963e-02
1.069038999999999927e-02
1.151130000000000035e-02
1.202892000000000024e-02
1.120413999999999959e-02
9.805690000000000586e-03
1.011600999999999993e-02
8.612079999999999388e-03
1.104471999999999919e-02
1.475204999999999919e-02
1.736033999999999841e-02
2.548063000000000064e-02
3.572907000000000166e-02
3.102753999999999929e-02
8.280060000000000545e-03
