1.799498000000000070e-02
5.207327999999999957e-02
1.358063999999999938e-01
1.182750899999999994e-01
1.763165299999999991e-01
2.384674800000000094e-01
2.305723299999999920e-01
2.646574999999999900e-01
2.653532299999999955e-01
1.404533199999999926e-01
9.690608000000000555e-02
6.704909000000000563e-02
2.561818100000000098e-01
4.675715300000000130e-01
6.369947200000000143e-01
7.577413899999999591e-01
8.188148100000000040e-01
7.725889099999999621e-01
7.112481600000000181e-01
6.367937900000000262e-01
4.694162299999999899e-01
2.334360600000000008e-01
8.397981999999999669e-02
4.976926000000000266e-02
5.022286000000000111e-02
7.655130000000000268e-02
1.296860099999999905e-01
1.738888799999999957e-01
2.334687599999999974e-01
3.686867400000000128e-01
3.531067099999999903e-01
1.753149800000000091e-01
1.214935600000000004e-01
5.339937000000000156e-02
7.998463999999999574e-02
9.599330999999999836e-02
7.164048000000000638e-02
3.957963999999999927e-02
2.854471000000000092e-02
5.667923999999999879e-02
6.918955000000000244e-02
3.724366999999999955e-02
1.781980999999999843e-02
1.819851000000000107e-02
2.181369000000000016e-02
3.500016999999999712e-02
2.832250000000000045e-02
3.663129999999999858e-02
3.865935999999999678e-02
8.503188000000000413e-02
9.463679999999999315e-02
6.916651000000000049e-02
4.552135000000000209e-02
2.166457999999999925e-02
1.903656000000000098e-02
4.276506000000000057e-02
5.610093000000000024e-02
6.659263999999999462e-02
7.423765999999999698e-02
5.405834000000000333e-02
1.429170999999999914e-02
1.654954000000000147e-02
2.927433000000000118e-02
3.192392000000000146e-02
