2.430175000000000043e-02
4.467813999999999813e-02
2.874538999999999914e-02
3.500463000000000185e-02
3.231905000000000194e-02
3.279989999999999989e-02
1.946621999999999936e-02
3.915810000000000124e-02
7.156063999999999481e-02
6.529777999999999971e-02
7.082921999999999829e-02
7.215878000000000569e-02
3.491742999999999930e-02
1.200149000000000007e-02
4.724688999999999972e-02
7.624048999999999410e-02
5.725112999999999730e-02
3.950838999999999740e-02
1.704311000000000020e-02
1.673115999999999839e-02
5.849110999999999894e-02
1.260843899999999906e-01
1.512739999999999918e-01
5.242133999999999683e-02
2.260734999999999828e-02
2.670925000000000035e-02
6.340287999999999480e-02
5.779961000000000126e-02
5.609486000000000333e-02
3.275223000000000023e-02
1.751963999999999952e-02
3.368804999999999716e-02
4.949616999999999906e-02
6.458677999999999642e-02
3.680383999999999739e-02
4.401788000000000228e-02
7.614659999999999485e-02
1.304105200000000020e-01
6.891898000000000468e-02
5.000244000000000216e-02
2.228110000000000160e-02
2.861535999999999941e-02
6.608662999999999343e-02
1.284402299999999886e-01
1.593163800000000074e-01
1.675121199999999866e-01
1.850311900000000120e-01
2.692836800000000252e-01
2.138891199999999881e-01
2.372306100000000084e-01
1.273136300000000110e-01
1.286009700000000089e-01
5.690587999999999896e-02
2.243518100000000126e-01
4.770121299999999787e-01
6.219026399999999510e-01
7.683355200000000496e-01
8.279900000000000038e-01
8.462724099999999749e-01
8.488529900000000294e-01
8.072314900000000515e-01
7.575910099999999536e-01
4.617187400000000164e-01
4.800254999999999800e-02
