8.037620000000000528e-03
1.099805000000000053e-02
1.595863000000000143e-02
1.154489000000000036e-02
1.415777000000000008e-02
1.137335000000000082e-02
1.381115999999999941e-02
1.402804000000000030e-02
1.262555999999999921e-02
1.016361000000000001e-02
1.382118000000000062e-02
8.819230000000000819e-03
1.009595999999999931e-02
1.215557999999999916e-02
1.405408999999999999e-02
1.769650999999999863e-02
1.912550000000000014e-02
1.715179000000000009e-02
1.655285999999999910e-02
1.757591000000000014e-02
1.379305999999999935e-02
9.723350000000000395e-03
9.839119999999999810e-03
9.992839999999999362e-03
1.636465999999999962e-02
2.189417000000000099e-02
1.868755999999999889e-02
1.431140000000000016e-02
1.130028999999999929e-02
1.216310999999999955e-02
1.114602999999999948e-02
1.864514999999999922e-02
1.883871000000000157e-02
1.292855000000000046e-02
1.083264999999999922e-02
1.602769999999999889e-02
1.310972000000000005e-02
9.978310000000000651e-03
1.126156000000000032e-02
1.631113000000000007e-02
2.329731999999999983e-02
2.141606999999999886e-02
2.077953000000000092e-02
2.359378000000000170e-02
2.104036000000000101e-02
2.626962000000000047e-02
4.186982999999999677e-02
3.396752000000000105e-02
3.476842000000000127e-02
4.796181000000000055e-02
5.088310000000000055e-02
4.457821000000000006e-02
4.816601999999999689e-02
4.834143999999999941e-02
3.557186999999999849e-02
3.397042000000000117e-02
1.937225999999999879e-02
2.346424999999999900e-02
3.570050000000000306e-02
7.197012999999999328e-02
1.346323299999999945e-01
2.128170400000000129e-01
2.614997000000000016e-01
1.661964000000000150e-02
