8.206599999999999659e-03
1.750960999999999837e-02
1.944343999999999933e-02
1.798744999999999858e-02
2.058433000000000138e-02
1.546993999999999973e-02
1.981921000000000030e-02
2.324947000000000125e-02
1.609034000000000159e-02
1.515349000000000036e-02
2.585813000000000000e-02
1.590526000000000093e-02
2.133159000000000097e-02
2.587276999999999980e-02
2.853520999999999835e-02
2.955384999999999956e-02
2.633440000000000086e-02
2.768788999999999972e-02
3.507460999999999912e-02
4.796401000000000137e-02
4.464342000000000310e-02
1.640880000000000116e-02
1.181834000000000010e-02
1.660131000000000107e-02
3.888739000000000084e-02
5.050121999999999944e-02
3.687702000000000341e-02
2.760063999999999920e-02
1.688040000000000027e-02
2.305317000000000130e-02
1.869051000000000046e-02
3.130956000000000017e-02
2.980601000000000084e-02
1.872313999999999923e-02
2.949583999999999886e-02
3.654194000000000192e-02
1.991783000000000095e-02
1.142346999999999980e-02
1.743812999999999960e-02
3.560751000000000194e-02
5.129547000000000273e-02
4.786209999999999770e-02
3.435926999999999731e-02
3.867790000000000117e-02
3.566943000000000197e-02
5.428184999999999955e-02
9.465407000000000681e-02
8.240588999999999553e-02
7.933785999999999616e-02
1.090913899999999964e-01
1.214871299999999987e-01
1.198614499999999944e-01
1.226929199999999970e-01
1.119376599999999944e-01
6.258845000000000380e-02
5.397629000000000316e-02
4.614282000000000106e-02
8.755570000000000019e-02
1.263124800000000048e-01
1.844800900000000132e-01
4.191687099999999999e-01
5.419830100000000428e-01
4.840300100000000105e-01
3.060929999999999901e-02
