2.005403999999999867e-02
4.518014000000000058e-02
3.667052999999999979e-02
2.321112999999999996e-02
1.209848000000000000e-02
1.805433000000000038e-02
2.811309999999999851e-02
3.189393000000000089e-02
2.281234000000000040e-02
2.258328999999999892e-02
1.521104000000000032e-02
1.203384000000000051e-02
1.486242999999999939e-02
2.266506000000000076e-02
3.339680999999999900e-02
2.406080000000000024e-02
2.109977000000000033e-02
1.837487999999999969e-02
2.978648999999999880e-02
3.218242000000000325e-02
3.504986000000000212e-02
1.988867999999999886e-02
3.780719999999999914e-02
6.717702000000000395e-02
6.452365000000000184e-02
5.911306000000000199e-02
4.561807999999999835e-02
1.295777000000000040e-02
1.484740000000000018e-02
2.239446999999999965e-02
3.954363999999999796e-02
4.659750000000000003e-02
8.347907000000000244e-02
7.270195999999999603e-02
9.224011000000000016e-02
1.088223799999999963e-01
7.697721999999999898e-02
4.916962999999999889e-02
4.274655000000000121e-02
8.288428999999999935e-02
1.759138100000000038e-01
3.674803400000000164e-01
4.655367400000000044e-01
5.246663700000000485e-01
4.947750300000000045e-01
3.894459000000000115e-01
2.704545600000000105e-01
2.197888799999999920e-01
1.210463299999999937e-01
3.422068000000000332e-02
1.650955999999999951e-02
1.866833999999999855e-02
2.592242000000000157e-02
4.545003000000000237e-02
1.180070299999999989e-01
1.480070900000000078e-01
1.581686300000000045e-01
1.348486100000000076e-01
1.116781099999999971e-01
1.075132000000000032e-01
1.043789999999999996e-01
4.066435999999999662e-02
2.015221999999999847e-02
2.080007999999999857e-02
