9.954680000000000473e-03
1.842546999999999935e-02
1.098731000000000013e-02
1.373158000000000017e-02
1.766024000000000066e-02
2.749628999999999962e-02
4.878413000000000194e-02
6.540772000000000252e-02
7.725248999999999311e-02
8.672620000000000329e-02
8.891406999999999783e-02
6.664124000000000436e-02
5.801065999999999862e-02
4.443091999999999875e-02
1.967566999999999927e-02
1.355302000000000069e-02
1.224129000000000016e-02
1.009399000000000060e-02
1.107539999999999913e-02
1.278925000000000027e-02
1.589414999999999925e-02
1.848023999999999847e-02
2.018566999999999931e-02
1.690434000000000034e-02
1.746750000000000039e-02
1.610779999999999851e-02
1.118805999999999967e-02
9.080809999999999924e-03
1.036095000000000071e-02
1.087550999999999969e-02
9.993079999999999671e-03
9.888120000000000243e-03
8.696680000000000035e-03
9.743570000000000009e-03
9.762170000000000569e-03
8.875819999999999543e-03
9.058379999999999557e-03
1.139277999999999992e-02
1.017618999999999989e-02
8.579049999999999523e-03
8.815730000000000788e-03
9.246690000000000118e-03
1.115664000000000065e-02
1.116928000000000018e-02
9.520149999999999793e-03
8.849269999999999359e-03
8.886959999999999305e-03
8.769910000000000552e-03
9.321740000000000234e-03
1.100906999999999927e-02
1.152361000000000010e-02
1.044265999999999944e-02
8.881170000000000730e-03
8.950450000000000420e-03
1.055381000000000027e-02
1.096917000000000031e-02
1.111188999999999927e-02
8.724539999999999379e-03
8.971869999999999845e-03
8.783980000000000260e-03
8.522139999999999230e-03
9.687029999999999252e-03
1.170526000000000032e-02
8.090500000000000469e-03
