1.897657000000000163e-02
9.703528000000000153e-02
7.939377000000000240e-02
2.189180300000000134e-01
2.536693500000000157e-01
1.608155699999999910e-01
1.883078499999999988e-01
8.765306000000000486e-02
8.838176000000000365e-02
3.470569999999999905e-02
2.733557000000000001e-02
4.767919999999999797e-02
7.132244000000000084e-02
1.031112299999999982e-01
2.989027200000000106e-01
3.143912300000000215e-01
3.142736600000000102e-01
3.074063400000000001e-01
2.338106000000000073e-01
1.394952399999999926e-01
9.733964999999999979e-02
2.775607099999999883e-01
5.181815600000000410e-01
6.903566700000000056e-01
7.953562699999999763e-01
9.005736699999999928e-01
8.949118900000000432e-01
8.252146799999999782e-01
7.800369900000000412e-01
4.719774700000000101e-01
1.799478399999999978e-01
5.107464999999999922e-02
5.305287000000000197e-02
8.923734999999999307e-02
1.277729300000000068e-01
2.524963599999999753e-01
3.128610299999999844e-01
5.078599499999999489e-01
5.355276500000000217e-01
2.997389400000000093e-01
1.383644900000000066e-01
6.515137999999999485e-02
3.971389000000000169e-02
7.132233000000000323e-02
1.097825699999999960e-01
1.512331799999999948e-01
4.633198000000000177e-02
8.258627000000000329e-02
8.330455000000000498e-02
5.824544000000000249e-02
5.253722999999999727e-02
4.644974000000000325e-02
2.543513999999999844e-02
4.862964000000000175e-02
7.513839999999999408e-02
6.953333999999999904e-02
3.994187999999999905e-02
6.829934999999999479e-02
1.157512599999999947e-01
1.098222699999999996e-01
8.965573000000000292e-02
6.881305999999999534e-02
6.950296000000000252e-02
3.752373999999999987e-02
