2.454496000000000108e-02
4.462624999999999925e-02
2.341667000000000054e-02
2.861210000000000142e-02
2.383145000000000055e-02
2.724011000000000141e-02
3.546091999999999994e-02
6.127429999999999682e-02
7.711777999999999689e-02
9.015837999999999630e-02
5.396577999999999792e-02
5.088775999999999716e-02
2.506194000000000130e-02
1.737063000000000149e-02
4.960462000000000204e-02
9.055364999999999942e-02
6.281570000000000209e-02
3.202909999999999785e-02
1.613275000000000126e-02
2.322698000000000124e-02
6.599095000000000655e-02
1.348559900000000089e-01
1.474317800000000123e-01
5.251991000000000298e-02
2.910029999999999908e-02
5.515927000000000330e-02
7.647732999999999615e-02
6.221238999999999936e-02
4.675793000000000310e-02
2.036951000000000039e-02
2.295060000000000155e-02
4.882517000000000107e-02
6.060894000000000004e-02
6.495227000000000639e-02
5.265347000000000083e-02
6.008531000000000288e-02
8.664273000000000113e-02
1.413485899999999962e-01
8.377378000000000602e-02
4.115364999999999995e-02
2.509563999999999892e-02
4.594601999999999714e-02
7.977275999999999812e-02
1.193446199999999985e-01
1.407290399999999997e-01
1.415206300000000084e-01
1.928433800000000087e-01
2.793724799999999786e-01
2.066353300000000059e-01
1.458132600000000001e-01
7.966481999999999730e-02
7.586484999999999757e-02
8.681178999999999979e-02
2.139785899999999963e-01
5.029807699999999659e-01
5.832652400000000181e-01
7.261175500000000005e-01
7.937796700000000483e-01
8.109927799999999687e-01
7.858572600000000019e-01
7.392690200000000544e-01
6.705762699999999743e-01
5.197486900000000132e-01
4.867077000000000209e-02
