7.995320000000000205e-03
1.165201000000000084e-02
1.000496000000000024e-02
1.410133000000000046e-02
1.549509999999999950e-02
1.268033000000000007e-02
1.330252999999999991e-02
9.283410000000000620e-03
8.922470000000000054e-03
9.487479999999999525e-03
8.753860000000000460e-03
9.033140000000000266e-03
1.103384999999999956e-02
1.432402999999999975e-02
2.033615999999999896e-02
1.851658999999999944e-02
1.677481999999999931e-02
1.670276000000000052e-02
1.584079999999999863e-02
9.638799999999999452e-03
1.195722999999999925e-02
1.653051000000000173e-02
3.100798999999999916e-02
4.134212999999999777e-02
5.402454000000000284e-02
7.856124000000000440e-02
6.883010000000000517e-02
4.804939999999999906e-02
4.180703999999999670e-02
1.941734000000000168e-02
1.769329000000000041e-02
9.662580000000000474e-03
9.912779999999999508e-03
9.742050000000000362e-03
1.091426000000000028e-02
1.439036999999999955e-02
1.920699999999999838e-02
2.472966999999999874e-02
2.479326000000000099e-02
1.503874000000000009e-02
1.396254000000000071e-02
9.081960000000000033e-03
1.043331999999999940e-02
1.099449000000000086e-02
1.194019999999999977e-02
1.279689000000000000e-02
9.862459999999999977e-03
9.658919999999999659e-03
9.359080000000000524e-03
1.172666999999999980e-02
1.064820000000000003e-02
8.532289999999999666e-03
9.071930000000000618e-03
9.029380000000000045e-03
1.039850999999999970e-02
1.051167000000000074e-02
8.852300000000000446e-03
9.064579999999999166e-03
1.030714999999999930e-02
1.033006000000000028e-02
9.851179999999999312e-03
9.934119999999999409e-03
1.018536999999999915e-02
7.846840000000000759e-03
