8.199949999999999253e-03
8.655799999999999952e-03
1.017020000000000077e-02
8.174580000000000735e-03
9.152240000000000722e-03
9.340920000000000820e-03
9.539590000000000569e-03
1.025549000000000079e-02
9.426479999999999235e-03
1.050444000000000030e-02
8.929049999999999140e-03
9.193259999999999973e-03
8.315299999999999428e-03
8.609820000000000667e-03
1.050311999999999947e-02
9.409169999999999687e-03
1.062738000000000051e-02
8.947449999999999154e-03
1.121661000000000012e-02
1.390268000000000059e-02
1.607845999999999928e-02
1.281680999999999966e-02
1.201716000000000069e-02
8.604870000000000574e-03
9.734069999999999181e-03
1.432374999999999968e-02
2.259413999999999867e-02
3.660117000000000231e-02
4.454281999999999686e-02
3.695752000000000065e-02
3.679552999999999990e-02
3.186264999999999931e-02
2.314998000000000056e-02
1.439360999999999939e-02
9.221260000000000220e-03
8.477349999999999816e-03
9.534290000000000820e-03
1.185251000000000013e-02
1.093817000000000053e-02
1.825034000000000031e-02
2.079703000000000107e-02
1.310920999999999961e-02
1.366871000000000058e-02
1.127817000000000056e-02
1.091892000000000036e-02
1.015696999999999954e-02
9.251689999999999914e-03
1.010733999999999938e-02
1.041567000000000014e-02
1.121860000000000045e-02
1.177305000000000018e-02
9.771149999999999280e-03
1.196247999999999929e-02
9.830919999999999936e-03
9.544840000000000615e-03
8.767969999999999930e-03
8.614649999999999738e-03
8.659299999999999983e-03
9.665840000000000196e-03
9.251489999999999367e-03
1.008476999999999985e-02
9.060520000000000726e-03
9.170420000000000307e-03
8.840809999999999294e-03
