1.389688000000000034e-02
2.273992999999999848e-02
2.550436999999999843e-02
3.507458000000000103e-02
3.343030000000000307e-02
3.292438000000000309e-02
2.719188000000000160e-02
2.089838000000000112e-02
1.809159999999999935e-02
1.329435999999999986e-02
1.377501000000000073e-02
9.708899999999999475e-03
9.246259999999999202e-03
9.263870000000000438e-03
1.037463999999999921e-02
1.180826999999999918e-02
1.368576999999999988e-02
1.581174000000000121e-02
1.522363000000000015e-02
1.196755000000000041e-02
1.377157000000000034e-02
1.301105999999999964e-02
1.094496000000000011e-02
9.482759999999999800e-03
9.091399999999999482e-03
8.904070000000000040e-03
8.574959999999999527e-03
8.827569999999999861e-03
1.005736999999999950e-02
9.408760000000000387e-03
8.658519999999999411e-03
8.518869999999999568e-03
8.586689999999999254e-03
8.468810000000000227e-03
8.412019999999999220e-03
8.454720000000000638e-03
8.453910000000000244e-03
8.851760000000000184e-03
9.600600000000000800e-03
9.022340000000000221e-03
8.373149999999999343e-03
8.898510000000000100e-03
8.849799999999999681e-03
9.802669999999999439e-03
9.570449999999999444e-03
9.332979999999999401e-03
8.780949999999999173e-03
8.421929999999999347e-03
8.269349999999999964e-03
8.418510000000000576e-03
8.685280000000000084e-03
8.515699999999999312e-03
8.363209999999999394e-03
8.371369999999999506e-03
8.837390000000000523e-03
8.968850000000000433e-03
9.106599999999999417e-03
1.007306999999999994e-02
9.412240000000000537e-03
8.411270000000000205e-03
8.322039999999999299e-03
8.470560000000000242e-03
8.309880000000000391e-03
7.863119999999999485e-03
