2.849718000000000043e-02
4.354841000000000267e-02
3.665155999999999969e-02
2.725108999999999865e-02
1.573919000000000012e-02
1.277664000000000057e-02
1.094140000000000043e-02
1.102469000000000018e-02
9.866339999999999485e-03
9.193859999999999880e-03
9.764860000000000206e-03
1.048705999999999944e-02
1.241099000000000022e-02
1.663181999999999855e-02
2.239431999999999881e-02
1.836093999999999921e-02
1.464440000000000013e-02
1.278316000000000001e-02
9.811500000000000776e-03
8.986390000000000350e-03
9.960490000000000663e-03
1.033741999999999994e-02
9.098679999999999615e-03
8.465900000000000161e-03
9.089629999999999585e-03
9.638429999999999914e-03
9.896250000000000532e-03
1.007879000000000067e-02
1.020643000000000071e-02
9.047190000000000093e-03
8.746379999999999780e-03
8.666359999999999689e-03
9.073629999999999196e-03
8.580479999999999705e-03
9.198720000000000507e-03
9.979909999999999823e-03
9.672590000000000007e-03
9.417899999999999883e-03
9.017080000000000234e-03
9.440759999999999430e-03
9.756819999999999382e-03
9.045289999999999234e-03
9.165670000000000761e-03
8.842449999999999963e-03
9.470650000000000596e-03
1.045708000000000054e-02
1.160822000000000069e-02
1.023696999999999975e-02
8.698499999999999635e-03
8.783690000000000248e-03
8.399910000000000015e-03
8.795310000000000628e-03
9.972029999999999783e-03
1.091659000000000032e-02
1.013350000000000015e-02
9.248140000000000180e-03
8.868120000000000169e-03
9.273290000000000005e-03
9.686329999999999940e-03
8.748920000000000308e-03
8.867879999999999860e-03
8.621510000000000631e-03
8.609640000000000001e-03
7.798300000000000197e-03
