7.825989999999999683e-03
1.257347999999999973e-02
1.614329000000000111e-02
2.018839999999999871e-02
2.995638999999999941e-02
4.461993000000000209e-02
4.690537000000000178e-02
3.472228000000000120e-02
2.397026000000000018e-02
1.481577000000000068e-02
1.909894999999999995e-02
2.372273000000000090e-02
2.691390000000000102e-02
2.234430999999999917e-02
1.733795999999999948e-02
2.028289000000000133e-02
2.492296999999999915e-02
3.474883000000000138e-02
3.631866000000000261e-02
3.590381000000000128e-02
2.762678000000000009e-02
2.117722000000000007e-02
2.872187000000000004e-02
4.820504999999999929e-02
2.852313000000000071e-02
3.500356999999999774e-02
2.541530999999999998e-02
4.491563999999999973e-02
4.377053000000000194e-02
2.263379000000000085e-02
2.428682999999999884e-02
2.715675000000000033e-02
2.795846999999999916e-02
4.576891000000000292e-02
6.612959000000000198e-02
5.352975000000000094e-02
2.329646999999999968e-02
3.929370000000000085e-02
6.024195000000000244e-02
5.910292000000000323e-02
3.720454000000000122e-02
3.076438000000000089e-02
5.660807999999999812e-02
1.048001100000000019e-01
1.096765199999999996e-01
6.235831000000000013e-02
5.381269999999999804e-02
5.419328999999999813e-02
4.788873999999999909e-02
1.395137599999999867e-01
2.493225900000000106e-01
3.128659100000000248e-01
4.265530399999999944e-01
5.187998400000000121e-01
5.239990399999999715e-01
4.251206200000000046e-01
3.435401900000000230e-01
2.523896400000000262e-01
1.720197199999999871e-01
9.101731999999999878e-02
4.187571999999999822e-02
2.604375000000000093e-02
1.646753999999999926e-02
2.213427000000000103e-02
