8.530690000000000495e-03
1.305305000000000007e-02
1.465019000000000043e-02
1.553759000000000043e-02
1.940460999999999922e-02
2.311805999999999930e-02
1.994914999999999883e-02
1.815140999999999977e-02
1.783815000000000053e-02
1.165290000000000076e-02
1.076281999999999933e-02
1.633758000000000085e-02
2.940645999999999885e-02
3.684855000000000075e-02
5.376319999999999710e-02
7.125990000000000102e-02
7.153713999999999906e-02
6.184925000000000145e-02
4.413616000000000067e-02
3.466699000000000169e-02
2.583565999999999988e-02
1.537409999999999992e-02
1.018719000000000048e-02
9.487650000000000250e-03
1.164952999999999995e-02
1.461063999999999939e-02
1.988325999999999982e-02
2.240738999999999925e-02
1.986730000000000093e-02
2.366342999999999919e-02
2.407091000000000092e-02
1.458188000000000019e-02
1.272596999999999964e-02
1.142857000000000074e-02
1.121110999999999983e-02
1.264544000000000085e-02
1.441128000000000027e-02
1.012462000000000084e-02
1.062583999999999924e-02
1.121104000000000024e-02
1.125268999999999922e-02
1.007497000000000080e-02
8.566739999999999772e-03
8.932340000000000418e-03
9.156710000000000196e-03
9.264529999999999987e-03
1.142741000000000069e-02
1.052161000000000068e-02
1.087614999999999936e-02
1.469985000000000042e-02
1.232185000000000051e-02
1.069140000000000021e-02
9.012749999999999928e-03
8.410340000000000524e-03
1.026032999999999980e-02
1.042143000000000062e-02
1.230001000000000011e-02
1.030931000000000035e-02
9.742469999999999603e-03
9.789630000000000554e-03
9.186589999999999687e-03
9.430070000000000466e-03
1.034879000000000007e-02
8.897810000000000788e-03
