7.604900000000000375e-03
1.082774000000000063e-02
1.440197000000000005e-02
2.509489999999999985e-02
3.821485000000000160e-02
4.121724999999999695e-02
4.360883000000000120e-02
4.493352999999999930e-02
4.051537999999999667e-02
3.433144999999999947e-02
3.573952999999999852e-02
2.101630000000000165e-02
1.683060000000000112e-02
1.244644999999999953e-02
9.961779999999999941e-03
9.503940000000000651e-03
9.674139999999999476e-03
1.179752000000000058e-02
1.446851000000000040e-02
1.701329000000000036e-02
2.061891000000000071e-02
2.215218999999999869e-02
1.762827999999999964e-02
1.346801000000000074e-02
1.123066999999999989e-02
9.404600000000000806e-03
1.040701999999999947e-02
1.115560999999999983e-02
1.180596000000000076e-02
1.182747999999999959e-02
9.621499999999999844e-03
9.498450000000000296e-03
9.881300000000000847e-03
9.298539999999999237e-03
8.760280000000000497e-03
9.688310000000000324e-03
1.014393000000000065e-02
1.028647000000000068e-02
1.042475999999999993e-02
1.018028999999999983e-02
9.462260000000000115e-03
9.849119999999999403e-03
1.045623000000000039e-02
9.771500000000000671e-03
1.017917999999999948e-02
1.007396999999999980e-02
1.006660000000000020e-02
1.075885000000000036e-02
9.690320000000000530e-03
9.746219999999999883e-03
8.841339999999999616e-03
9.087760000000000282e-03
9.064420000000000116e-03
1.039942999999999944e-02
1.123216999999999965e-02
9.884379999999999902e-03
9.255390000000000492e-03
9.651720000000000785e-03
9.338040000000000576e-03
8.999419999999999295e-03
1.002383999999999914e-02
8.898869999999999697e-03
9.572330000000000422e-03
8.312210000000000432e-03
