7.348963999999999497e-02
1.406629100000000021e-01
5.182483999999999702e-02
6.444589000000000567e-02
1.430818399999999879e-01
2.429963599999999946e-01
5.116915100000000161e-01
7.358961699999999606e-01
7.731021599999999827e-01
8.440790799999999816e-01
8.101933000000000051e-01
7.667705400000000004e-01
6.983072799999999747e-01
5.362040399999999929e-01
2.048569799999999941e-01
1.057965800000000012e-01
6.153862999999999694e-02
2.855482000000000159e-02
4.342598999999999765e-02
6.526332999999999440e-02
1.169273299999999960e-01
1.837386599999999981e-01
2.192951300000000048e-01
2.379157799999999934e-01
2.528679400000000133e-01
1.932125799999999949e-01
1.042479000000000045e-01
3.452175999999999856e-02
6.073162000000000005e-02
6.003880000000000328e-02
4.671167999999999848e-02
3.795889000000000207e-02
3.185712999999999739e-02
3.916769999999999974e-02
5.415500000000000175e-02
3.475588000000000288e-02
3.757884000000000224e-02
5.482944000000000012e-02
5.670113000000000236e-02
2.181359999999999896e-02
1.631203999999999987e-02
2.996116000000000057e-02
6.699046000000000167e-02
8.189409999999999745e-02
4.123712999999999684e-02
2.449795999999999918e-02
2.532256999999999911e-02
2.573657000000000028e-02
5.612580000000000346e-02
9.562002000000000002e-02
9.068990000000000384e-02
6.489759999999999973e-02
2.486172000000000035e-02
2.496734000000000106e-02
5.224430000000000046e-02
8.422538000000000247e-02
6.723123999999999767e-02
2.195947999999999997e-02
2.129104999999999887e-02
2.130067999999999892e-02
2.095717000000000066e-02
6.349432000000000687e-02
9.349395000000000622e-02
2.970220000000000152e-02
