1.486807000000000059e-02
2.451959999999999903e-02
2.536037999999999834e-02
2.948660000000000170e-02
2.983252999999999946e-02
2.318515999999999980e-02
1.916777999999999885e-02
1.367826999999999932e-02
1.061011000000000072e-02
9.204149999999999485e-03
8.800179999999999461e-03
8.813299999999999607e-03
1.000117000000000020e-02
1.054128000000000009e-02
1.268896000000000086e-02
1.403229999999999929e-02
1.403829000000000014e-02
1.333507999999999916e-02
1.198701999999999927e-02
9.800929999999999365e-03
8.610150000000000442e-03
8.467439999999999689e-03
8.377310000000000659e-03
8.593860000000000041e-03
8.605849999999999958e-03
9.016039999999999471e-03
8.797990000000000324e-03
8.443380000000000329e-03
8.334569999999999479e-03
8.392860000000000251e-03
8.922690000000000482e-03
9.233059999999999531e-03
8.675630000000000147e-03
8.273529999999999426e-03
8.440420000000000561e-03
8.502410000000000176e-03
8.365189999999999779e-03
9.087170000000000317e-03
8.952069999999999472e-03
8.412360000000000670e-03
8.185450000000000365e-03
8.571250000000000743e-03
9.364789999999999573e-03
9.215610000000000815e-03
9.548890000000000849e-03
8.818160000000000234e-03
8.586510000000000323e-03
8.957019999999999565e-03
8.719859999999999417e-03
8.700249999999999651e-03
8.575549999999999493e-03
8.495910000000000614e-03
8.107329999999999398e-03
8.812590000000000354e-03
8.271080000000000099e-03
8.819840000000000665e-03
9.040170000000000150e-03
8.654629999999999962e-03
8.639380000000000323e-03
8.365589999999999138e-03
8.360680000000000542e-03
8.968929999999999958e-03
8.455600000000000616e-03
7.401910000000000260e-03
