7.218320000000000292e-03
8.228120000000000225e-03
8.477989999999999485e-03
8.250910000000000188e-03
8.594730000000000078e-03
8.612319999999999698e-03
8.601390000000000424e-03
8.193380000000000107e-03
8.243270000000000458e-03
8.339879999999999169e-03
8.554749999999999854e-03
8.352319999999999883e-03
8.341929999999999137e-03
8.609320000000000167e-03
8.543610000000000093e-03
8.480720000000000619e-03
8.690800000000000261e-03
8.574880000000000002e-03
8.477709999999999413e-03
8.614600000000000035e-03
8.907429999999999168e-03
8.512650000000000078e-03
8.416049999999999573e-03
8.373290000000000247e-03
8.554849999999999260e-03
9.115369999999999376e-03
9.441160000000000524e-03
8.659999999999999296e-03
8.445940000000000739e-03
8.619049999999999628e-03
8.463860000000000133e-03
8.647600000000000078e-03
8.809640000000000526e-03
8.532990000000000713e-03
8.919699999999999157e-03
8.842159999999999950e-03
8.663459999999999564e-03
8.637999999999999845e-03
8.586500000000000382e-03
9.056389999999999232e-03
9.192940000000000139e-03
9.211040000000000200e-03
9.001779999999999157e-03
9.336000000000000548e-03
9.611120000000000774e-03
8.814199999999999466e-03
8.687069999999999861e-03
9.543970000000000578e-03
8.718480000000000674e-03
9.492959999999999940e-03
9.590569999999999651e-03
9.566260000000000041e-03
9.286630000000000579e-03
9.149449999999999944e-03
8.894569999999999213e-03
9.055759999999999504e-03
8.895969999999999572e-03
9.368140000000000495e-03
9.633730000000000071e-03
1.039813000000000022e-02
1.123538999999999961e-02
1.169433999999999925e-02
1.095304000000000069e-02
7.497600000000000098e-03
