1.418868000000000039e-02
4.026949999999999974e-02
1.709745999999999835e-02
3.467823999999999907e-02
3.134598999999999719e-02
2.831146999999999830e-02
1.302547000000000080e-02
2.299228000000000036e-02
4.489023000000000319e-02
5.998631000000000102e-02
4.369589000000000112e-02
7.291095000000000215e-02
4.477032000000000234e-02
1.238272999999999978e-02
3.282949000000000284e-02
6.045914000000000149e-02
4.808662999999999826e-02
3.654497000000000301e-02
2.546845999999999832e-02
2.078108999999999859e-02
5.418350000000000249e-02
1.348336800000000113e-01
1.321282099999999959e-01
4.948890999999999707e-02
2.228822000000000095e-02
2.295577000000000034e-02
5.309335999999999917e-02
6.111956999999999807e-02
6.654698000000000557e-02
3.260549000000000086e-02
2.236387000000000097e-02
3.382298000000000249e-02
5.148977999999999888e-02
4.807146000000000335e-02
3.561928000000000316e-02
3.585110999999999853e-02
6.896373999999999560e-02
1.277819299999999880e-01
9.916682999999999748e-02
4.979451000000000016e-02
2.383880999999999847e-02
3.299620000000000331e-02
6.566592000000000262e-02
9.557208000000000370e-02
1.267482299999999895e-01
1.398215100000000100e-01
1.821370900000000015e-01
2.257046299999999894e-01
1.707592800000000133e-01
1.809727299999999983e-01
1.338084200000000112e-01
1.255691300000000010e-01
4.064820999999999712e-02
1.072886499999999993e-01
2.654414500000000232e-01
4.300250400000000250e-01
6.050335799999999598e-01
6.854878699999999991e-01
7.436287400000000103e-01
7.639452799999999488e-01
7.442387299999999595e-01
7.416599400000000175e-01
6.417726900000000345e-01
4.209050000000000291e-02
