3.516198000000000240e-02
1.326881799999999889e-01
6.262985000000000080e-02
9.063888999999999974e-02
1.922182000000000057e-02
2.683081999999999828e-02
5.663445999999999758e-02
6.163956000000000296e-02
6.916397000000000517e-02
4.583613000000000270e-02
8.581941999999999349e-02
8.809770999999999574e-02
1.842625599999999919e-01
2.708624299999999874e-01
2.984550899999999785e-01
1.682386499999999896e-01
3.883526000000000339e-02
5.198391000000000123e-02
1.250168399999999902e-01
1.520984800000000081e-01
1.095776900000000054e-01
1.845945900000000028e-01
3.267719399999999830e-01
3.892986500000000238e-01
4.063820499999999947e-01
3.915732199999999996e-01
2.810043099999999794e-01
1.745601099999999906e-01
2.088748099999999941e-01
5.654730199999999929e-01
8.067923799999999757e-01
9.032708400000000193e-01
9.635544999999999805e-01
9.325558499999999640e-01
8.953701899999999547e-01
8.563252099999999478e-01
7.673899499999999874e-01
4.643411599999999750e-01
1.254013499999999948e-01
5.218591999999999675e-02
1.188733700000000060e-01
2.170494000000000034e-01
3.176291600000000215e-01
4.040992600000000157e-01
4.070913500000000185e-01
5.076965700000000137e-01
4.455476999999999910e-01
3.575705599999999817e-01
1.583322100000000010e-01
5.301687000000000066e-02
3.584437000000000040e-02
5.015722000000000236e-02
8.860837000000000574e-02
1.021688699999999950e-01
1.206494699999999948e-01
1.439337400000000045e-01
1.978353999999999946e-01
1.626426900000000064e-01
1.414512699999999901e-01
1.255774199999999952e-01
6.776848000000000594e-02
6.925085999999999742e-02
7.221349000000000518e-02
6.545470999999999928e-02
