1.750089000000000158e-02
2.735490000000000144e-02
1.980507999999999921e-02
2.335278999999999827e-02
3.749776999999999971e-02
3.853622000000000297e-02
2.149061000000000027e-02
1.784646000000000149e-02
2.288586000000000092e-02
2.059762999999999872e-02
3.175117000000000217e-02
4.482802999999999788e-02
6.101770000000000110e-02
6.748769000000000295e-02
2.963845000000000021e-02
3.218481000000000120e-02
3.377067999999999737e-02
1.612591999999999845e-02
2.835367000000000096e-02
2.902052000000000104e-02
1.157024000000000073e-02
2.383060999999999860e-02
3.982978999999999686e-02
4.424974999999999742e-02
6.322308000000000094e-02
5.097041000000000072e-02
5.255350999999999773e-02
6.302813000000000165e-02
4.963791000000000037e-02
7.825091000000000685e-02
3.980561999999999989e-02
1.880244999999999833e-02
2.993898000000000045e-02
4.757572000000000190e-02
6.460715000000000208e-02
6.134064000000000183e-02
5.934885000000000160e-02
8.682816000000000145e-02
1.116304999999999936e-01
1.133234600000000009e-01
9.492815999999999754e-02
5.267075999999999703e-02
8.240195000000000158e-02
1.675924500000000039e-01
3.351612400000000269e-01
4.938675499999999885e-01
5.799903299999999984e-01
6.038883299999999732e-01
5.852155100000000498e-01
3.820153199999999916e-01
3.172980200000000139e-01
2.621210800000000063e-01
1.356263900000000133e-01
8.864476999999999773e-02
1.800695000000000073e-02
1.330459999999999976e-02
3.072870999999999936e-02
3.303824000000000344e-02
5.146283000000000107e-02
8.883776999999999646e-02
1.235002399999999972e-01
9.483964000000000283e-02
5.747502000000000166e-02
2.490542000000000103e-02
