1.789048999999999848e-02
3.252672000000000202e-02
3.171874999999999695e-02
2.643975999999999965e-02
1.912540999999999894e-02
1.492589000000000068e-02
1.376521999999999989e-02
1.134534000000000063e-02
9.927609999999999907e-03
9.500810000000000158e-03
1.133635000000000025e-02
1.340778999999999929e-02
1.618251000000000064e-02
1.875898999999999969e-02
2.734686999999999882e-02
2.235546000000000061e-02
1.589035000000000100e-02
1.177187000000000025e-02
1.001308000000000059e-02
8.786149999999999516e-03
1.026392999999999923e-02
1.023214000000000068e-02
9.780260000000000689e-03
8.627819999999999587e-03
8.644719999999999835e-03
9.400959999999999872e-03
9.556929999999999939e-03
9.265610000000000512e-03
9.008109999999999729e-03
8.799229999999999899e-03
8.742410000000000805e-03
8.795189999999999605e-03
8.891839999999999813e-03
8.880449999999999802e-03
9.450419999999999307e-03
9.677099999999999244e-03
8.739129999999999468e-03
9.050350000000000408e-03
8.870060000000000791e-03
1.017354000000000001e-02
1.089301999999999979e-02
9.186029999999999543e-03
9.270250000000000712e-03
8.643810000000000035e-03
1.014952000000000042e-02
1.143613999999999915e-02
1.139905000000000085e-02
1.095807000000000031e-02
8.977499999999999369e-03
9.037440000000000750e-03
8.625600000000000628e-03
9.218179999999999430e-03
1.025701000000000043e-02
1.073283000000000049e-02
9.596449999999999425e-03
8.905589999999999687e-03
8.997210000000000277e-03
9.405979999999999550e-03
1.030206000000000004e-02
9.005700000000000163e-03
9.281299999999999273e-03
8.389620000000000410e-03
8.368010000000000378e-03
7.998460000000000639e-03
