7.493129999999999756e-03
1.031200999999999993e-02
1.539284999999999959e-02
1.248659000000000054e-02
1.304339000000000019e-02
1.491961999999999976e-02
1.577688999999999828e-02
1.667257000000000114e-02
1.609263000000000013e-02
1.349685999999999941e-02
1.149252000000000086e-02
8.656300000000000452e-03
1.380050000000000027e-02
2.025779000000000121e-02
2.507687999999999931e-02
3.889845000000000108e-02
3.972698999999999675e-02
4.158242999999999662e-02
3.280332999999999860e-02
2.235544000000000073e-02
1.955621999999999916e-02
1.527525000000000063e-02
1.045561000000000060e-02
8.412460000000000077e-03
9.853249999999999162e-03
1.011396999999999990e-02
1.086094999999999942e-02
1.387686999999999948e-02
1.227114999999999977e-02
2.096483999999999848e-02
2.054417999999999869e-02
1.495233999999999973e-02
1.590070999999999846e-02
9.178920000000000134e-03
9.789769999999999722e-03
1.013115000000000022e-02
9.234829999999999428e-03
8.738650000000000584e-03
8.868620000000000669e-03
9.955989999999999632e-03
9.942410000000000483e-03
8.301249999999999601e-03
8.953940000000000510e-03
9.910880000000000384e-03
8.509690000000000309e-03
9.128529999999999284e-03
1.015747000000000004e-02
9.406170000000000156e-03
8.328409999999999633e-03
9.605670000000000180e-03
1.105929999999999934e-02
9.169669999999999557e-03
8.976529999999999926e-03
8.544059999999999155e-03
8.320710000000000259e-03
8.999740000000000864e-03
8.952250000000000138e-03
8.662470000000000239e-03
9.884880000000000402e-03
9.132259999999999683e-03
8.064979999999999372e-03
8.068340000000000234e-03
8.611340000000000314e-03
7.781099999999999996e-03
