1.233606999999999933e-02
7.033246999999999416e-02
6.962733999999999590e-02
7.934842999999999757e-02
1.626519300000000001e-01
2.579234499999999985e-01
1.088916300000000031e-01
7.001872000000000651e-02
4.280003999999999753e-02
1.823487000000000025e-02
4.377224999999999866e-02
9.800925000000000609e-02
8.922354000000000396e-02
5.337962999999999736e-02
3.664380999999999888e-02
5.098214999999999691e-02
7.611410000000000398e-02
8.995554999999999524e-02
1.188901500000000000e-01
1.042904699999999962e-01
2.374011600000000000e-01
2.816053600000000268e-01
2.715563200000000177e-01
3.070080900000000113e-01
1.183247300000000030e-01
6.014035000000000214e-02
7.193218999999999308e-02
2.156852900000000017e-01
1.057600499999999943e-01
1.270220599999999922e-01
1.809762900000000119e-01
3.062489600000000145e-01
5.178164800000000234e-01
3.511174000000000239e-01
2.553530900000000048e-01
1.692414999999999892e-01
1.031118800000000030e-01
2.949947099999999933e-01
7.754834900000000530e-01
8.720747199999999699e-01
9.041301600000000160e-01
9.678308399999999700e-01
9.523861999999999606e-01
9.004712099999999664e-01
7.551336300000000001e-01
5.337877300000000158e-01
2.780456199999999933e-01
1.464801000000000020e-01
6.108924000000000298e-02
4.682457999999999759e-02
1.096671899999999977e-01
2.049589800000000128e-01
3.380464599999999931e-01
5.165551299999999735e-01
5.763108099999999512e-01
6.566412999999999833e-01
4.718672600000000106e-01
2.750759999999999872e-01
2.293291399999999869e-01
1.075762600000000069e-01
5.322116000000000346e-02
6.006747999999999948e-02
8.519479000000000635e-02
5.746806000000000136e-02
