4.656823000000000212e-02
9.683629000000000542e-02
4.392880999999999869e-02
2.282328999999999955e-02
4.274337999999999749e-02
8.556687000000000320e-02
2.073514300000000032e-01
4.366444099999999828e-01
5.166387000000000063e-01
5.999115099999999812e-01
6.366588499999999984e-01
5.695361500000000188e-01
5.270482899999999749e-01
3.602928499999999978e-01
1.826191199999999959e-01
9.826028000000000540e-02
6.119153000000000092e-02
2.149320999999999871e-02
2.027380000000000154e-02
3.291236000000000161e-02
4.543778999999999874e-02
7.978013999999999939e-02
1.022911400000000026e-01
1.206700099999999942e-01
1.663472099999999954e-01
1.394875499999999879e-01
6.883612999999999538e-02
2.107072000000000112e-02
2.626001999999999850e-02
2.340742999999999990e-02
3.122489000000000167e-02
3.040019999999999875e-02
2.170802000000000148e-02
2.948324000000000084e-02
4.358875000000000249e-02
2.831302000000000124e-02
2.459271000000000026e-02
3.633312999999999821e-02
3.327151999999999887e-02
1.764519999999999977e-02
1.422879999999999978e-02
1.978107999999999950e-02
3.287521000000000193e-02
3.770600999999999814e-02
2.590924000000000005e-02
2.252093000000000150e-02
1.673776000000000083e-02
1.151619000000000080e-02
3.201410999999999840e-02
5.171599000000000335e-02
5.432284999999999892e-02
4.362658999999999981e-02
2.032103000000000034e-02
1.350913999999999934e-02
2.803167000000000159e-02
3.951017999999999891e-02
4.156226999999999838e-02
1.803944000000000034e-02
2.159724000000000019e-02
1.775215000000000126e-02
1.307310000000000069e-02
2.899382000000000001e-02
4.341451999999999811e-02
1.862466999999999942e-02
