1.010098000000000072e-02
1.139533000000000039e-02
9.590500000000000067e-03
1.003780999999999944e-02
9.975410000000000527e-03
1.021484999999999928e-02
1.198974000000000047e-02
1.292403999999999949e-02
1.204036999999999989e-02
8.628479999999999137e-03
9.141840000000000035e-03
8.889920000000000808e-03
1.078459000000000015e-02
1.179584000000000014e-02
1.215025999999999953e-02
8.884080000000000796e-03
1.034370000000000081e-02
1.504911999999999916e-02
1.712423000000000070e-02
1.605026000000000022e-02
1.471665999999999946e-02
1.123275999999999962e-02
1.113584999999999922e-02
1.513218000000000028e-02
1.559611999999999978e-02
1.694361000000000131e-02
2.015934999999999949e-02
2.688137999999999986e-02
3.317852999999999775e-02
2.825828999999999841e-02
2.064451000000000133e-02
1.468441000000000017e-02
1.973551999999999945e-02
3.887518000000000223e-02
6.003587999999999980e-02
8.239865000000000383e-02
1.418858799999999920e-01
1.646930400000000128e-01
1.605949799999999983e-01
1.209887999999999936e-01
6.588291000000000286e-02
3.999395000000000033e-02
2.281247000000000136e-02
1.460634000000000064e-02
1.062924999999999981e-02
9.928819999999999660e-03
1.567475000000000118e-02
2.068535999999999986e-02
1.982862999999999987e-02
2.921951000000000062e-02
4.010074000000000277e-02
3.491450000000000109e-02
2.713176000000000129e-02
2.305166999999999980e-02
1.473618999999999971e-02
1.450584000000000075e-02
1.547848999999999926e-02
1.491546000000000018e-02
1.280767000000000017e-02
1.197069000000000084e-02
1.560343999999999967e-02
1.887439000000000131e-02
2.197137999999999869e-02
9.316949999999999191e-03
