9.293360000000000509e-03
1.126771000000000023e-02
1.048879999999999951e-02
9.394480000000000192e-03
8.397659999999999500e-03
8.244190000000000199e-03
8.592970000000000122e-03
9.159850000000000630e-03
8.513150000000000578e-03
9.885720000000000618e-03
9.771540000000000434e-03
8.392270000000000285e-03
8.144570000000000282e-03
8.969629999999999270e-03
9.362250000000000780e-03
1.131493000000000082e-02
8.445360000000000714e-03
8.223499999999999907e-03
8.346160000000000037e-03
8.601900000000000865e-03
9.623849999999999766e-03
7.977150000000000560e-03
9.322139999999999593e-03
1.128822999999999979e-02
1.009709999999999948e-02
9.510599999999999263e-03
9.262730000000000269e-03
8.759760000000000116e-03
8.738819999999999574e-03
8.382320000000000396e-03
8.866509999999999322e-03
1.119727000000000049e-02
1.179664000000000060e-02
1.156581999999999923e-02
1.105081999999999939e-02
1.063806999999999947e-02
9.758750000000000063e-03
1.151598000000000031e-02
8.888530000000000389e-03
1.008532999999999999e-02
1.096542999999999997e-02
1.196987000000000051e-02
1.747187999999999866e-02
2.180444999999999953e-02
2.204702999999999871e-02
1.474712000000000071e-02
1.512773000000000069e-02
1.598998999999999907e-02
1.680136999999999950e-02
1.103056000000000002e-02
9.553340000000000443e-03
9.497129999999999461e-03
1.030244999999999946e-02
9.741819999999999993e-03
9.275969999999999702e-03
8.815879999999999897e-03
9.847760000000000541e-03
9.949859999999999607e-03
9.373450000000000185e-03
8.850810000000000621e-03
9.386600000000000152e-03
9.906190000000000481e-03
8.799670000000000755e-03
7.229189999999999922e-03
