8.813430000000000569e-03
1.222589999999999961e-02
9.224710000000000548e-03
9.484930000000000791e-03
9.298080000000000234e-03
1.001709999999999927e-02
1.001118999999999967e-02
8.969770000000000174e-03
9.085219999999999754e-03
1.031079000000000023e-02
9.410869999999999999e-03
1.527635999999999925e-02
1.620527999999999899e-02
1.655320999999999876e-02
1.653396999999999853e-02
9.658840000000000134e-03
1.318737000000000034e-02
1.522855000000000042e-02
1.434979999999999936e-02
1.278734999999999941e-02
1.422419999999999934e-02
1.939888999999999850e-02
2.599792000000000075e-02
2.261869999999999853e-02
1.683942999999999898e-02
1.215144999999999940e-02
1.283670999999999944e-02
3.105799000000000060e-02
5.381964000000000192e-02
7.404579999999999496e-02
7.763396000000000186e-02
9.616819000000000062e-02
9.514208000000000387e-02
8.102905000000000524e-02
4.656811999999999757e-02
3.091261999999999829e-02
2.055453000000000141e-02
1.023263999999999944e-02
9.202449999999999172e-03
1.198514000000000003e-02
1.746046999999999877e-02
2.156243000000000049e-02
2.744921000000000166e-02
3.063687000000000007e-02
2.994698999999999972e-02
1.968781000000000003e-02
1.529632000000000040e-02
1.306446999999999990e-02
1.467115000000000086e-02
1.193686000000000053e-02
1.422911999999999962e-02
1.130693999999999970e-02
1.109826000000000042e-02
1.174640000000000059e-02
1.153063999999999999e-02
1.293170000000000083e-02
1.412529000000000041e-02
1.276640000000000066e-02
1.050086000000000075e-02
1.262971000000000059e-02
1.331424999999999970e-02
1.054219999999999983e-02
1.070770000000000055e-02
8.919669999999999335e-03
