1.263962000000000072e-02
1.806021999999999836e-02
1.818604000000000054e-02
2.036682000000000076e-02
1.569972999999999855e-02
1.094027000000000020e-02
9.013320000000000012e-03
1.022935999999999984e-02
1.260626999999999928e-02
1.580205000000000151e-02
1.324734999999999975e-02
1.323822000000000020e-02
1.448831000000000077e-02
1.836940999999999921e-02
1.887898999999999827e-02
1.804764999999999842e-02
1.226613000000000009e-02
1.040375999999999974e-02
1.163145999999999972e-02
2.406310999999999867e-02
4.425062999999999913e-02
6.487263999999999531e-02
6.731426999999999550e-02
5.612037999999999749e-02
5.003273999999999916e-02
4.181180000000000313e-02
2.936213000000000017e-02
2.008309999999999956e-02
1.127094000000000013e-02
8.887700000000000114e-03
1.222228000000000030e-02
1.209921000000000087e-02
1.055803999999999944e-02
1.529588999999999949e-02
1.955942000000000097e-02
2.414364999999999914e-02
2.149888000000000146e-02
2.105695999999999957e-02
1.814991999999999994e-02
1.524427000000000074e-02
1.534539000000000042e-02
9.583799999999999958e-03
1.334370000000000001e-02
9.995810000000000806e-03
1.165829999999999991e-02
1.184005999999999947e-02
1.014468999999999961e-02
9.338350000000000470e-03
1.011021999999999962e-02
1.077196000000000056e-02
9.738109999999999475e-03
1.123679999999999991e-02
9.986329999999999860e-03
1.021874000000000046e-02
1.019164000000000007e-02
9.576339999999999159e-03
9.609219999999999914e-03
1.168689000000000013e-02
1.807334000000000024e-02
1.362968999999999986e-02
9.188959999999999489e-03
8.977910000000000404e-03
8.929009999999999378e-03
8.244370000000000864e-03
