1.113694999999999963e-02
2.262892000000000028e-02
1.969687999999999994e-02
1.756189000000000014e-02
1.402528999999999929e-02
1.050351000000000062e-02
8.720260000000000511e-03
1.047000000000000014e-02
1.502191999999999937e-02
1.572722000000000009e-02
1.411009000000000048e-02
1.873918999999999932e-02
2.477027000000000048e-02
2.829045000000000171e-02
2.642277999999999988e-02
1.858113000000000126e-02
1.193172999999999977e-02
1.045733000000000079e-02
2.223935000000000148e-02
3.900522000000000017e-02
7.127087999999999479e-02
1.047039399999999953e-01
1.100648399999999971e-01
8.868734000000000339e-02
6.941659999999999497e-02
4.907058999999999727e-02
2.733920999999999921e-02
1.441722999999999963e-02
1.116663000000000031e-02
1.391866999999999931e-02
1.184777000000000052e-02
1.975413000000000169e-02
2.085284999999999916e-02
3.402970999999999774e-02
3.224482000000000043e-02
2.721590999999999941e-02
2.667705999999999897e-02
1.746535999999999922e-02
1.269849999999999972e-02
1.137202999999999999e-02
1.251209000000000002e-02
1.174686999999999953e-02
1.481637000000000058e-02
9.178590000000000360e-03
8.833550000000000776e-03
1.033414000000000034e-02
1.128589999999999975e-02
9.122460000000000638e-03
9.863860000000000336e-03
1.040466999999999954e-02
1.238845000000000050e-02
1.282056999999999988e-02
1.034580000000000048e-02
8.832649999999999182e-03
9.583209999999999992e-03
1.193612999999999966e-02
1.139355000000000055e-02
1.145979999999999915e-02
1.280935000000000060e-02
1.371134000000000068e-02
1.042100999999999965e-02
1.153013999999999949e-02
1.070396000000000021e-02
8.818490000000000009e-03
