2.468079999999999927e-02
3.649924999999999697e-02
2.590301999999999882e-02
1.871234000000000092e-02
1.561265000000000049e-02
1.409288000000000034e-02
1.249547999999999978e-02
1.077551000000000030e-02
9.050739999999999827e-03
9.574519999999999559e-03
1.018593999999999923e-02
1.188158999999999917e-02
1.522022999999999952e-02
2.035384000000000151e-02
2.651594000000000173e-02
1.851527999999999854e-02
1.412093000000000029e-02
1.106787000000000049e-02
1.010346999999999981e-02
1.078020000000000020e-02
1.133523999999999990e-02
1.002316999999999965e-02
8.959810000000000343e-03
8.356739999999999655e-03
9.370359999999999454e-03
9.784980000000000414e-03
9.889560000000000364e-03
9.409070000000000281e-03
8.970250000000000792e-03
8.910349999999999174e-03
8.528000000000000858e-03
8.401030000000000303e-03
8.690639999999999477e-03
9.372530000000000444e-03
1.005796999999999941e-02
1.045512999999999998e-02
8.813369999999999191e-03
8.573690000000000130e-03
8.726390000000000535e-03
1.046429999999999930e-02
1.159179999999999933e-02
9.015030000000000265e-03
8.892670000000000088e-03
8.361060000000000020e-03
9.907549999999999343e-03
1.178662999999999933e-02
1.119252999999999915e-02
1.027371000000000013e-02
8.481729999999999825e-03
8.637680000000000011e-03
8.681029999999999303e-03
1.000960000000000044e-02
1.124785000000000021e-02
1.095468999999999957e-02
9.236430000000000334e-03
8.885179999999999467e-03
8.948380000000000570e-03
9.513199999999999434e-03
1.029613000000000056e-02
8.792009999999999409e-03
8.772419999999999524e-03
8.352780000000000621e-03
8.569469999999999171e-03
7.971690000000000026e-03
