8.253730000000000788e-03
8.825970000000000690e-03
8.221559999999999285e-03
8.767519999999999133e-03
8.952270000000000019e-03
8.574570000000000108e-03
8.401530000000000803e-03
8.198499999999999191e-03
8.390049999999999591e-03
9.183089999999999656e-03
9.162989999999999330e-03
9.009289999999999660e-03
8.756569999999999979e-03
8.452350000000000835e-03
8.761379999999999169e-03
9.084969999999999504e-03
8.493819999999999149e-03
8.530940000000000745e-03
8.787029999999999494e-03
8.857520000000000671e-03
9.010580000000000672e-03
9.398389999999999522e-03
9.810599999999999182e-03
8.750000000000000833e-03
8.328600000000000239e-03
8.715719999999999718e-03
9.404839999999999381e-03
9.227960000000000329e-03
9.680319999999999203e-03
8.828789999999999555e-03
8.414239999999999914e-03
8.264689999999999884e-03
9.072929999999999884e-03
9.061160000000000395e-03
8.872339999999999394e-03
8.711770000000000624e-03
9.807259999999999936e-03
1.072858999999999965e-02
9.422329999999999595e-03
8.484119999999999509e-03
9.047130000000000449e-03
9.372290000000000135e-03
9.529410000000000311e-03
9.045600000000000862e-03
8.997019999999999670e-03
9.118120000000000391e-03
8.891380000000000811e-03
9.606099999999999361e-03
9.853519999999999293e-03
1.215201999999999949e-02
1.196943999999999959e-02
1.349760000000000022e-02
1.032375999999999953e-02
9.684500000000000400e-03
1.143662999999999971e-02
1.451909000000000012e-02
2.236853000000000105e-02
2.947003999999999943e-02
3.570236999999999716e-02
3.769378000000000312e-02
4.006847000000000186e-02
4.239902999999999728e-02
3.647807000000000133e-02
8.016270000000000687e-03
