2.220702999999999913e-02
3.725151000000000157e-02
2.133789999999999992e-02
2.162735000000000005e-02
2.148256000000000124e-02
2.339731000000000102e-02
2.699535000000000129e-02
5.058565000000000283e-02
6.836755999999999389e-02
5.988161000000000178e-02
4.016810999999999993e-02
3.537258000000000069e-02
2.267417999999999864e-02
2.000087999999999866e-02
2.990974000000000063e-02
6.313106999999999747e-02
3.567627999999999772e-02
1.938617000000000118e-02
1.656242999999999951e-02
2.149881000000000014e-02
3.966370000000000312e-02
7.925654999999999506e-02
6.881305999999999534e-02
3.095209000000000155e-02
2.113676999999999917e-02
3.857341999999999715e-02
4.780390999999999807e-02
3.909288000000000346e-02
2.795231999999999925e-02
1.477505999999999958e-02
2.005938000000000165e-02
2.876551000000000108e-02
3.606115000000000015e-02
4.202427000000000246e-02
4.160511000000000070e-02
3.638911000000000229e-02
3.092415999999999915e-02
9.341878000000000681e-02
3.629182999999999715e-02
2.416168999999999956e-02
2.316500999999999977e-02
3.143913000000000263e-02
5.118480999999999725e-02
7.271584000000000381e-02
8.962842999999999505e-02
9.184296000000000126e-02
1.250505399999999878e-01
1.474983099999999936e-01
1.092679000000000011e-01
7.698544000000000220e-02
4.071831000000000061e-02
4.497199000000000335e-02
6.653425999999999785e-02
2.221794699999999900e-01
3.862123800000000218e-01
4.614018200000000181e-01
5.586627100000000068e-01
6.135388000000000508e-01
6.549945499999999532e-01
6.436098199999999991e-01
5.666580199999999845e-01
4.634715899999999889e-01
2.382730799999999982e-01
3.532483000000000151e-02
