7.853660000000000155e-03
8.674350000000000810e-03
9.114699999999999885e-03
8.650740000000000512e-03
9.100389999999999868e-03
9.971380000000000174e-03
9.486480000000000259e-03
9.191440000000000374e-03
9.067320000000000241e-03
8.776710000000000067e-03
8.985830000000000206e-03
8.830650000000000652e-03
1.031335000000000064e-02
1.108958999999999986e-02
1.169472000000000046e-02
1.248406999999999989e-02
1.043836000000000069e-02
9.866969999999999213e-03
9.485580000000000400e-03
8.947850000000000248e-03
8.983569999999999750e-03
8.499319999999999445e-03
8.908640000000000655e-03
8.545030000000000334e-03
8.422199999999999478e-03
8.513309999999999628e-03
8.967309999999999170e-03
8.932640000000000371e-03
9.165730000000000405e-03
9.777050000000000671e-03
8.746439999999999423e-03
9.096200000000000466e-03
8.819759999999999406e-03
8.644159999999999691e-03
8.515440000000000856e-03
9.618029999999999635e-03
8.721710000000000573e-03
8.612470000000000542e-03
8.890949999999999895e-03
9.188770000000000618e-03
8.965819999999999346e-03
8.790579999999999228e-03
1.014556999999999959e-02
9.074689999999999840e-03
9.091520000000000504e-03
8.598969999999999184e-03
8.857550000000000492e-03
8.633329999999999824e-03
8.638170000000000570e-03
8.599829999999999280e-03
8.435130000000000752e-03
8.454490000000000269e-03
8.407859999999999639e-03
8.776169999999999805e-03
8.917939999999999201e-03
8.576290000000000302e-03
8.836109999999999451e-03
8.635890000000000233e-03
8.285580000000000722e-03
8.552090000000000039e-03
9.072059999999999846e-03
8.511799999999999922e-03
8.334809999999999788e-03
7.307830000000000402e-03
