7.343309999999999595e-03
8.772270000000000414e-03
8.828779999999999614e-03
8.714500000000000024e-03
8.765099999999999628e-03
8.560999999999999166e-03
8.086760000000000129e-03
8.416679999999999301e-03
8.390470000000000567e-03
9.251580000000000567e-03
9.070840000000000153e-03
8.838439999999999491e-03
1.094376000000000029e-02
1.244168000000000010e-02
1.046333999999999979e-02
1.016257999999999918e-02
9.421060000000000198e-03
8.498749999999999361e-03
9.135559999999999167e-03
8.648789999999999950e-03
8.400609999999999328e-03
9.010519999999999294e-03
1.014076000000000040e-02
8.853849999999999915e-03
8.852479999999999377e-03
9.549810000000000590e-03
8.904989999999999781e-03
9.789110000000000172e-03
8.688960000000000780e-03
8.342739999999999531e-03
8.407200000000000090e-03
8.255600000000000091e-03
8.691670000000000298e-03
8.899860000000000756e-03
8.663610000000000408e-03
8.526360000000000189e-03
9.163700000000000317e-03
8.644320000000000476e-03
9.576080000000000703e-03
8.683480000000000365e-03
8.664250000000000076e-03
8.697989999999999194e-03
8.457430000000000156e-03
8.466649999999999177e-03
8.438370000000000593e-03
8.292000000000000759e-03
8.335789999999999172e-03
8.542450000000000043e-03
8.848470000000000640e-03
8.320269999999999402e-03
8.687359999999999874e-03
8.510629999999999931e-03
8.387350000000000014e-03
9.150429999999999328e-03
8.314580000000000234e-03
8.394719999999999613e-03
8.428750000000000478e-03
8.731249999999999428e-03
8.801889999999999714e-03
9.296590000000000409e-03
8.293609999999999871e-03
8.414629999999999332e-03
7.853060000000000249e-03
7.157329999999999942e-03
