8.308940000000000770e-03
9.874519999999999478e-03
9.156970000000000387e-03
8.602610000000000118e-03
8.648029999999999259e-03
1.036055999999999956e-02
1.066640999999999943e-02
1.060459000000000054e-02
1.256900000000000031e-02
1.108994999999999946e-02
8.826320000000000346e-03
8.770740000000000827e-03
9.000599999999999226e-03
9.029739999999999642e-03
1.017373000000000062e-02
1.094820999999999989e-02
9.537139999999999507e-03
9.065520000000000522e-03
8.750149999999999942e-03
9.771729999999999305e-03
1.031278000000000056e-02
1.067548999999999929e-02
1.249850999999999913e-02
1.013876000000000013e-02
9.702979999999999938e-03
1.239659000000000073e-02
1.250420999999999998e-02
1.044719000000000030e-02
9.097159999999999969e-03
8.448040000000000410e-03
9.027139999999999470e-03
9.736440000000000719e-03
1.024636999999999944e-02
1.185381999999999929e-02
1.227554999999999966e-02
1.118771000000000002e-02
1.215088999999999926e-02
1.270840999999999985e-02
1.027148999999999944e-02
9.296079999999999968e-03
9.351250000000000187e-03
1.024321000000000086e-02
1.259194999999999932e-02
1.396470999999999997e-02
1.459474000000000014e-02
1.326777999999999985e-02
1.396480999999999938e-02
1.776374999999999829e-02
1.478279000000000051e-02
1.309633999999999972e-02
1.034609000000000049e-02
1.086554999999999986e-02
1.402562000000000079e-02
2.359189999999999898e-02
4.262165999999999871e-02
5.017110000000000319e-02
6.320199999999999430e-02
7.329430000000000667e-02
7.548713999999999424e-02
6.560235999999999845e-02
4.819720999999999728e-02
3.619001000000000162e-02
1.894529000000000005e-02
9.261139999999999303e-03
