1.110838999999999924e-02
2.041598000000000024e-02
1.323421999999999966e-02
1.124667000000000028e-02
9.354060000000000846e-03
1.095929999999999994e-02
1.580486000000000044e-02
1.287231999999999960e-02
1.122776999999999976e-02
1.107459000000000048e-02
1.479042000000000030e-02
2.451663999999999927e-02
3.451971000000000206e-02
4.062276000000000081e-02
3.878532999999999981e-02
1.782945000000000016e-02
1.319385999999999996e-02
1.551645999999999928e-02
2.612893000000000160e-02
3.060995000000000035e-02
2.038693999999999923e-02
2.531361999999999848e-02
5.429405999999999816e-02
4.948730999999999963e-02
5.125389999999999807e-02
3.525385000000000324e-02
2.022697999999999857e-02
3.014408000000000018e-02
8.327428000000000607e-02
1.271086300000000002e-01
1.851298100000000058e-01
2.409396299999999880e-01
2.742401099999999814e-01
2.280514200000000047e-01
1.735970099999999960e-01
1.301806600000000036e-01
7.889625999999999584e-02
4.532711999999999852e-02
1.805703000000000169e-02
1.537629000000000079e-02
1.683482999999999855e-02
2.613011999999999974e-02
4.648192999999999769e-02
4.072341000000000155e-02
7.490866000000000191e-02
8.800816000000000194e-02
4.223277999999999754e-02
3.473111000000000254e-02
2.209128999999999954e-02
1.619092999999999921e-02
1.976705000000000129e-02
1.651696000000000067e-02
1.705956999999999960e-02
1.593332000000000082e-02
1.804414000000000018e-02
3.010552000000000020e-02
3.099357000000000154e-02
2.736614000000000060e-02
1.611293999999999921e-02
1.601852999999999957e-02
1.178199000000000086e-02
1.375481999999999920e-02
1.413761000000000011e-02
1.343193999999999985e-02
