7.519190000000000249e-03
8.751290000000000111e-03
8.405660000000000562e-03
8.753850000000000520e-03
8.752120000000000385e-03
8.898170000000000385e-03
8.859880000000000533e-03
9.218099999999999905e-03
9.729200000000000348e-03
8.832100000000000714e-03
8.773950000000000846e-03
8.773329999999999324e-03
9.313019999999999979e-03
9.950129999999999739e-03
1.073615999999999980e-02
1.348984999999999941e-02
1.299606000000000025e-02
1.155161000000000035e-02
1.252728999999999995e-02
1.104371999999999993e-02
1.243236999999999988e-02
9.335460000000000286e-03
9.570850000000000538e-03
8.824500000000000746e-03
8.542589999999999212e-03
8.729650000000000257e-03
9.350570000000000756e-03
8.805610000000000173e-03
8.812689999999999760e-03
9.076139999999999902e-03
9.635639999999999136e-03
9.051719999999999211e-03
1.006766000000000084e-02
9.116960000000000341e-03
1.003299000000000031e-02
9.027510000000000742e-03
9.843410000000000354e-03
9.575699999999999490e-03
9.391580000000000067e-03
8.575009999999999230e-03
9.434200000000000225e-03
8.924200000000000188e-03
8.576959999999999792e-03
9.078779999999999836e-03
9.212400000000000796e-03
1.010545000000000020e-02
9.099569999999999534e-03
9.951190000000000382e-03
9.740840000000000609e-03
8.819280000000000522e-03
1.001908999999999959e-02
9.201320000000000679e-03
8.620150000000000035e-03
8.941539999999999558e-03
8.997800000000000242e-03
8.943019999999999442e-03
9.252569999999999892e-03
8.651390000000000122e-03
8.810709999999999376e-03
9.345940000000000497e-03
8.709969999999999171e-03
8.628890000000000171e-03
8.586800000000000335e-03
7.633449999999999958e-03
