1.690554000000000015e-02
6.160899999999999710e-02
6.685299000000000103e-02
5.952289999999999665e-02
4.021983999999999976e-02
1.604386999999999827e-02
1.005352999999999976e-02
1.153351000000000029e-02
2.576617999999999964e-02
3.503769999999999801e-02
2.240850000000000133e-02
3.090332999999999969e-02
4.419540000000000274e-02
6.260000999999999760e-02
8.730925000000000491e-02
5.422491000000000116e-02
3.879077999999999693e-02
2.395299000000000039e-02
2.156508999999999857e-02
4.940624999999999878e-02
1.076535899999999935e-01
2.565262300000000217e-01
3.307542500000000274e-01
3.213476200000000005e-01
2.859553400000000023e-01
2.500415999999999750e-01
1.841604400000000086e-01
7.900290999999999564e-02
3.874879999999999991e-02
1.306089000000000035e-02
1.648753999999999845e-02
2.135112999999999941e-02
2.726761999999999936e-02
5.257856999999999809e-02
8.218704000000000287e-02
6.306296000000000124e-02
7.362295000000000644e-02
8.893236999999999670e-02
5.674740999999999813e-02
2.534598999999999880e-02
2.654141000000000139e-02
3.181223999999999857e-02
2.485781000000000102e-02
1.597569999999999893e-02
2.376183000000000115e-02
3.049015000000000059e-02
2.401174000000000017e-02
1.083136999999999989e-02
1.581269000000000077e-02
1.820810999999999957e-02
1.798659999999999842e-02
1.918326999999999879e-02
1.640985999999999834e-02
1.410674999999999950e-02
1.243983000000000068e-02
1.219532000000000081e-02
1.363756999999999990e-02
2.240266999999999953e-02
4.279975999999999919e-02
4.600453000000000181e-02
1.649387000000000075e-02
1.060982000000000071e-02
1.176496999999999959e-02
1.353470000000000020e-02
