7.343790000000000213e-03
8.936579999999999524e-03
8.505729999999999541e-03
8.782850000000000032e-03
8.574659999999999574e-03
8.771150000000000127e-03
8.322720000000000465e-03
8.090689999999999341e-03
8.527470000000000536e-03
8.635620000000000102e-03
9.047990000000000546e-03
1.017100999999999943e-02
9.321829999999999700e-03
8.636589999999999545e-03
8.696779999999999441e-03
8.961039999999999978e-03
8.741779999999999343e-03
8.389600000000000529e-03
8.637689999999999951e-03
8.598810000000000134e-03
8.637509999999999286e-03
9.911110000000000753e-03
1.072456999999999924e-02
8.717729999999999924e-03
8.226209999999999425e-03
8.559070000000000220e-03
8.519870000000000568e-03
8.796309999999999893e-03
9.200289999999999857e-03
8.674589999999999385e-03
8.360519999999999757e-03
8.361000000000000376e-03
8.868900000000000741e-03
9.049299999999999705e-03
8.802390000000000214e-03
9.261049999999999838e-03
9.908870000000000178e-03
1.144450999999999975e-02
1.041740000000000027e-02
8.851700000000000540e-03
8.289480000000000112e-03
8.989360000000000059e-03
9.803130000000000177e-03
1.020973000000000019e-02
1.098284000000000066e-02
1.039746000000000073e-02
1.014637000000000004e-02
1.080213000000000007e-02
1.042855999999999991e-02
1.128310000000000077e-02
1.110252999999999934e-02
1.025851000000000020e-02
8.471879999999999342e-03
8.637699999999999892e-03
1.282464999999999994e-02
1.447430000000000071e-02
2.018806999999999893e-02
2.623512999999999887e-02
2.965266999999999903e-02
3.027308000000000082e-02
2.908414000000000138e-02
3.012280999999999986e-02
2.202735999999999930e-02
7.831120000000000442e-03
