7.694900000000000177e-03
1.101651000000000019e-02
1.791513000000000133e-02
2.804366000000000150e-02
3.525854999999999961e-02
3.920732999999999857e-02
4.480101999999999696e-02
4.110594000000000053e-02
3.978287999999999963e-02
3.796582999999999902e-02
3.752951999999999677e-02
2.246431999999999943e-02
1.488173999999999920e-02
1.059760000000000042e-02
9.085779999999999898e-03
9.322260000000000615e-03
1.041611999999999920e-02
1.153850000000000015e-02
1.427587999999999947e-02
1.298815000000000039e-02
1.728222999999999912e-02
1.649843000000000143e-02
1.259328000000000010e-02
9.489859999999999268e-03
8.380860000000000393e-03
8.740080000000000765e-03
9.032139999999999266e-03
9.368299999999999544e-03
1.033537999999999991e-02
1.104267999999999916e-02
8.340900000000000050e-03
8.530430000000000304e-03
9.028140000000000470e-03
8.876890000000000128e-03
8.435230000000000158e-03
8.905160000000000506e-03
8.980760000000000826e-03
8.919899999999999704e-03
9.238959999999999187e-03
1.018231999999999991e-02
8.727900000000000241e-03
9.128189999999999568e-03
9.278170000000000514e-03
9.550730000000000330e-03
9.364710000000000048e-03
9.515650000000000497e-03
9.759189999999999185e-03
9.398049999999999807e-03
8.927390000000000325e-03
8.433569999999999608e-03
8.644890000000000560e-03
8.922180000000000041e-03
8.805850000000000483e-03
9.428529999999999203e-03
9.972929999999999642e-03
8.924939999999999263e-03
8.464819999999999636e-03
9.691540000000000224e-03
9.320119999999999447e-03
8.690639999999999477e-03
8.745889999999999220e-03
8.510369999999999741e-03
9.147429999999999797e-03
7.753720000000000404e-03
