8.447339999999999363e-03
9.588199999999999848e-03
1.066489999999999973e-02
1.148290000000000075e-02
1.213926000000000067e-02
1.174546999999999917e-02
1.054226999999999942e-02
8.815059999999999563e-03
8.830740000000000117e-03
9.949700000000000558e-03
1.035643999999999974e-02
1.004190999999999938e-02
9.042690000000000797e-03
8.993920000000000733e-03
9.169510000000000507e-03
9.998730000000000812e-03
1.080487999999999935e-02
1.051930000000000053e-02
9.522900000000000809e-03
8.510709999999999456e-03
9.235449999999999215e-03
1.001707999999999939e-02
1.009672000000000000e-02
9.544910000000000200e-03
8.212209999999999302e-03
8.428440000000000584e-03
9.376300000000000606e-03
1.132287000000000050e-02
1.223250000000000032e-02
9.543360000000000731e-03
1.130249000000000011e-02
1.223345999999999982e-02
1.435109000000000037e-02
1.222055000000000016e-02
1.044359000000000086e-02
1.000346000000000048e-02
1.616410000000000069e-02
1.840434000000000167e-02
1.376533999999999917e-02
1.101878000000000059e-02
1.347912000000000068e-02
1.502566999999999965e-02
1.404309999999999933e-02
1.804323999999999859e-02
1.816366999999999982e-02
1.083221000000000010e-02
1.118814999999999914e-02
1.428807999999999988e-02
2.571941999999999978e-02
4.177970000000000295e-02
5.254063999999999957e-02
4.897922999999999860e-02
4.596283000000000313e-02
5.498341999999999813e-02
5.161435999999999802e-02
2.949328000000000019e-02
1.534769000000000064e-02
1.221726000000000062e-02
1.084795000000000030e-02
9.823659999999999684e-03
1.073295999999999972e-02
1.402225999999999993e-02
1.198773000000000026e-02
8.150829999999999534e-03
