7.592800000000000243e-03
8.330209999999999351e-03
8.364309999999999801e-03
8.648849999999999594e-03
8.934960000000000471e-03
8.458999999999999506e-03
8.430440000000000850e-03
8.420520000000000782e-03
7.967389999999999542e-03
8.521819999999999395e-03
8.826880000000000490e-03
8.894159999999999913e-03
9.181500000000000425e-03
8.591899999999999538e-03
8.617800000000000113e-03
8.662899999999999420e-03
8.513790000000000247e-03
8.484329999999999997e-03
8.576800000000000743e-03
9.383910000000000515e-03
9.448349999999999457e-03
8.958699999999999997e-03
8.294170000000000015e-03
8.443539999999999379e-03
9.009380000000000860e-03
9.509319999999999926e-03
8.680139999999999384e-03
8.227790000000000450e-03
8.258369999999999253e-03
8.288099999999999634e-03
8.154869999999999827e-03
8.449160000000000698e-03
8.741179999999999436e-03
8.220349999999999532e-03
8.582569999999999436e-03
8.879949999999999302e-03
8.325030000000000624e-03
8.687200000000000824e-03
8.413429999999999520e-03
8.480639999999999359e-03
8.766450000000000284e-03
8.453719999999999637e-03
8.586850000000000038e-03
8.674909999999999219e-03
9.402139999999999803e-03
1.096824000000000063e-02
1.196333999999999939e-02
1.095929999999999994e-02
9.347070000000000725e-03
1.039713999999999916e-02
1.027980000000000040e-02
1.011348999999999929e-02
9.118509999999999810e-03
8.834540000000000101e-03
8.835499999999999604e-03
9.396480000000000457e-03
1.083244000000000047e-02
1.293527000000000045e-02
1.429666999999999917e-02
1.720355999999999969e-02
2.003138999999999961e-02
2.386991999999999933e-02
2.056320000000000023e-02
7.718469999999999845e-03
