1.049211000000000067e-02
2.818423999999999929e-02
2.160675000000000096e-02
1.611939999999999901e-02
1.250139999999999932e-02
1.176622000000000084e-02
1.050875000000000073e-02
9.312749999999999848e-03
9.235429999999999334e-03
9.918810000000000127e-03
1.075721999999999963e-02
1.338352999999999939e-02
1.422551000000000024e-02
1.806972999999999913e-02
2.108983999999999859e-02
1.573810999999999960e-02
1.292137999999999967e-02
1.003266000000000054e-02
9.234549999999999356e-03
8.992429999999999174e-03
1.014246000000000071e-02
1.002560000000000083e-02
9.275349999999999914e-03
8.459790000000000018e-03
8.661910000000000096e-03
8.902540000000000453e-03
9.091999999999999388e-03
8.989610000000000309e-03
8.634209999999999802e-03
8.465939999999999924e-03
8.625350000000000378e-03
8.796860000000000096e-03
8.831389999999999726e-03
9.273840000000000208e-03
1.003313999999999942e-02
9.788840000000000041e-03
9.038620000000000682e-03
8.940200000000000577e-03
8.747400000000000661e-03
9.730990000000000126e-03
9.094990000000000713e-03
8.343049999999999425e-03
8.860710000000000808e-03
8.498590000000000311e-03
9.051409999999999317e-03
9.860249999999999224e-03
1.053711000000000057e-02
9.612839999999999233e-03
8.637529999999999167e-03
8.519830000000000805e-03
8.427290000000000475e-03
8.751389999999999517e-03
9.163779999999999842e-03
9.049839999999999968e-03
8.916109999999999661e-03
8.420999999999999666e-03
8.458639999999999909e-03
9.345310000000000769e-03
8.933730000000000837e-03
8.640190000000000717e-03
8.764789999999999734e-03
8.219670000000000101e-03
8.168639999999999582e-03
7.533380000000000111e-03
