7.591409999999999825e-03
8.391730000000000023e-03
8.000169999999999157e-03
8.609850000000000489e-03
9.069729999999999806e-03
9.418559999999999433e-03
8.536969999999999628e-03
8.196979999999999544e-03
8.640739999999999185e-03
8.577100000000000696e-03
8.649520000000000819e-03
8.858400000000000649e-03
8.965400000000000105e-03
8.626639999999999656e-03
8.427010000000000403e-03
8.595190000000000816e-03
8.130719999999999267e-03
8.328850000000000489e-03
8.181570000000000856e-03
8.194440000000000751e-03
8.010269999999999890e-03
8.062120000000000744e-03
8.927710000000000160e-03
8.205900000000000347e-03
8.528620000000000645e-03
8.712430000000000174e-03
8.524089999999999792e-03
8.389870000000000660e-03
8.431380000000000471e-03
9.656140000000000556e-03
9.137380000000000502e-03
8.498500000000000845e-03
9.438119999999999496e-03
9.695300000000000445e-03
9.796370000000000425e-03
1.001879999999999958e-02
8.340689999999999563e-03
8.518690000000000637e-03
1.229077999999999941e-02
1.380586999999999960e-02
1.128999999999999969e-02
9.078120000000000286e-03
1.035502999999999944e-02
1.313456999999999993e-02
2.309407999999999947e-02
2.947473999999999927e-02
3.532335000000000336e-02
3.239626999999999785e-02
3.186731999999999759e-02
2.354432999999999873e-02
1.843167000000000069e-02
1.642276999999999973e-02
1.458276000000000017e-02
1.471847000000000086e-02
9.916700000000000514e-03
9.568679999999999547e-03
8.929309999999999331e-03
8.925989999999999966e-03
1.008369999999999926e-02
1.311209999999999980e-02
1.119064999999999990e-02
9.003129999999999813e-03
8.612309999999999757e-03
7.548820000000000356e-03
