7.777489999999999751e-03
1.063659999999999953e-02
1.062231999999999933e-02
1.039575000000000048e-02
1.115628999999999926e-02
1.124525999999999998e-02
1.350326999999999951e-02
1.320001999999999981e-02
1.476963000000000061e-02
1.003949999999999981e-02
9.106170000000000236e-03
8.870450000000000210e-03
8.746320000000000136e-03
1.010849999999999943e-02
1.250473000000000036e-02
1.370402000000000078e-02
1.304895000000000013e-02
1.240518999999999997e-02
1.628469999999999918e-02
2.321410999999999961e-02
1.895161000000000068e-02
1.261847999999999963e-02
1.217840000000000068e-02
1.420721999999999957e-02
2.475081999999999977e-02
4.034047999999999801e-02
5.426248999999999656e-02
5.696190999999999754e-02
6.217356000000000271e-02
4.029208000000000095e-02
2.555417999999999926e-02
2.081233999999999862e-02
1.305986999999999947e-02
9.562380000000000532e-03
1.039816999999999998e-02
1.372074000000000037e-02
1.145096999999999955e-02
1.764543000000000014e-02
1.911401000000000072e-02
1.930284000000000166e-02
2.410177000000000153e-02
1.381913000000000065e-02
1.081467000000000019e-02
8.411470000000000752e-03
9.640700000000000311e-03
1.079513999999999994e-02
1.286273999999999924e-02
1.168142999999999959e-02
8.889660000000000617e-03
1.251612000000000037e-02
8.858720000000000483e-03
9.812120000000000564e-03
9.374419999999999628e-03
1.225991000000000060e-02
1.004359999999999975e-02
9.529430000000000192e-03
8.928719999999999365e-03
9.400640000000000038e-03
8.869619999999999935e-03
8.780929999999999291e-03
8.683410000000000781e-03
1.018909999999999955e-02
1.200000000000000025e-02
8.249920000000000864e-03
