7.866889999999999647e-03
1.057950000000000036e-02
1.060926000000000057e-02
1.032385000000000073e-02
1.007772000000000008e-02
9.051719999999999211e-03
8.203669999999999712e-03
8.188710000000000086e-03
8.192440000000000486e-03
9.099180000000000115e-03
8.576610000000000136e-03
1.009532999999999958e-02
1.143374999999999947e-02
1.202844999999999956e-02
1.241532000000000052e-02
1.080117000000000056e-02
9.714129999999999640e-03
8.582559999999999495e-03
9.831470000000000140e-03
1.185333000000000046e-02
1.840055000000000163e-02
2.352660000000000168e-02
2.974248000000000169e-02
2.925642999999999994e-02
2.614141000000000034e-02
2.308732000000000145e-02
1.882288000000000017e-02
1.156705000000000060e-02
1.007494999999999918e-02
9.084250000000000311e-03
8.456309999999999868e-03
1.040378999999999957e-02
1.155007000000000082e-02
1.527426999999999951e-02
1.381612999999999938e-02
1.186301000000000022e-02
1.308514000000000031e-02
1.204683999999999963e-02
9.108460000000000514e-03
9.016100000000000850e-03
9.521550000000000152e-03
9.695560000000000636e-03
9.652340000000000572e-03
9.158970000000000652e-03
9.161169999999999730e-03
9.518209999999999171e-03
9.040160000000000209e-03
8.653289999999999246e-03
8.198940000000000047e-03
8.879120000000000762e-03
9.715710000000000665e-03
9.886960000000000193e-03
9.399680000000000535e-03
8.263289999999999524e-03
8.434350000000000180e-03
9.214180000000000634e-03
9.095570000000000738e-03
9.393449999999999370e-03
1.012413000000000028e-02
9.725710000000000258e-03
8.556090000000000570e-03
8.603029999999999358e-03
8.626909999999999787e-03
7.608629999999999907e-03
