1.062603999999999979e-02
1.719216999999999967e-02
1.638633000000000103e-02
1.143655000000000019e-02
1.480610000000000086e-02
1.361651000000000007e-02
1.433568999999999989e-02
1.329498999999999959e-02
1.298046999999999916e-02
1.106389999999999978e-02
1.630960999999999869e-02
2.092692000000000163e-02
2.204766999999999838e-02
2.130013000000000045e-02
2.067056000000000102e-02
1.597053000000000014e-02
1.120814000000000012e-02
1.796224999999999905e-02
2.934395999999999879e-02
4.178115999999999775e-02
3.245201999999999809e-02
2.163377999999999829e-02
2.108424000000000062e-02
1.957207000000000044e-02
3.055708999999999856e-02
4.452783999999999909e-02
2.414035000000000139e-02
1.331744999999999977e-02
2.405569000000000110e-02
2.999838999999999978e-02
1.952720000000000150e-02
1.889663000000000107e-02
2.031457000000000054e-02
1.285713999999999954e-02
2.642364000000000171e-02
3.423513000000000250e-02
2.617859000000000158e-02
2.254988000000000131e-02
2.526286999999999977e-02
3.274080000000000046e-02
3.350513000000000102e-02
2.466617000000000115e-02
1.754487999999999881e-02
1.714163000000000145e-02
3.006539000000000086e-02
4.968904999999999850e-02
6.894704999999999584e-02
6.089599999999999874e-02
4.250658000000000214e-02
7.514186999999999950e-02
8.847357000000000138e-02
9.160651000000000210e-02
8.659190999999999416e-02
8.354814000000000684e-02
3.309569999999999873e-02
3.099781999999999885e-02
3.719880999999999882e-02
8.424599000000000670e-02
1.412265199999999943e-01
1.879567199999999938e-01
2.861619899999999772e-01
4.239739499999999883e-01
4.092700499999999963e-01
2.175612999999999853e-02
