2.869825999999999974e-02
3.173970000000000263e-02
2.529692000000000052e-02
3.248813999999999869e-02
5.137826000000000198e-02
5.971884000000000220e-02
3.570733999999999714e-02
2.451783000000000087e-02
3.975655000000000161e-02
2.540935000000000069e-02
4.596776999999999808e-02
5.900861999999999774e-02
1.017132300000000017e-01
9.487226999999999466e-02
5.248176999999999703e-02
5.050708999999999754e-02
5.862553000000000208e-02
2.816306000000000018e-02
3.091460000000000041e-02
5.110470999999999764e-02
1.844234000000000151e-02
2.239495999999999848e-02
7.337396000000000196e-02
8.804937999999999654e-02
1.100262500000000060e-01
1.118319900000000061e-01
9.029186999999999630e-02
9.458341000000000665e-02
9.659800999999999804e-02
1.721714099999999970e-01
8.185778000000000498e-02
2.515873999999999888e-02
4.790006000000000125e-02
7.631620000000000070e-02
1.117540499999999937e-01
1.276326299999999969e-01
1.361143400000000003e-01
2.111245499999999942e-01
2.578974700000000175e-01
2.356935000000000002e-01
1.603788899999999962e-01
9.503312999999999344e-02
1.752551800000000104e-01
3.157229100000000233e-01
4.313282099999999897e-01
6.872332100000000388e-01
7.735039599999999904e-01
7.980611300000000075e-01
7.755976900000000063e-01
6.669778800000000230e-01
6.128147200000000350e-01
5.438455300000000214e-01
2.427606700000000117e-01
1.328296399999999988e-01
1.769888999999999837e-02
1.892459999999999976e-02
5.429917000000000077e-02
7.248968999999999552e-02
1.390186999999999951e-01
2.294627700000000103e-01
2.337422500000000125e-01
2.209274800000000094e-01
2.085769000000000095e-01
4.195480000000000043e-02
