7.833639999999999354e-03
8.747889999999999486e-03
8.676359999999999281e-03
8.851009999999999434e-03
9.455440000000000719e-03
9.076680000000000165e-03
8.829119999999999330e-03
8.767719999999999680e-03
8.587320000000000716e-03
8.856710000000000277e-03
9.532270000000000673e-03
1.047612000000000022e-02
1.075340999999999970e-02
1.005448999999999926e-02
9.867739999999999845e-03
9.415339999999999474e-03
8.651590000000000669e-03
8.830469999999999986e-03
1.185193000000000010e-02
1.251022000000000071e-02
1.215485000000000003e-02
1.041359000000000035e-02
1.029752999999999918e-02
1.008265000000000029e-02
1.100552999999999948e-02
1.197235999999999960e-02
1.054257999999999931e-02
9.428390000000000035e-03
1.001505999999999924e-02
9.729520000000000182e-03
9.115869999999999876e-03
9.472839999999999733e-03
1.042605999999999915e-02
1.049028999999999934e-02
1.239730999999999993e-02
1.266432999999999968e-02
1.134072000000000031e-02
1.270843999999999967e-02
1.347368000000000003e-02
1.225375000000000075e-02
1.148177000000000052e-02
1.025993000000000044e-02
9.548310000000000825e-03
1.085312000000000082e-02
1.397998999999999943e-02
1.765983999999999957e-02
1.895579999999999835e-02
1.628071000000000032e-02
1.085993000000000028e-02
1.702487999999999918e-02
1.892111000000000140e-02
2.062985999999999986e-02
1.779727000000000045e-02
1.506435000000000066e-02
1.256204000000000001e-02
1.620680999999999858e-02
2.976575000000000054e-02
4.788454000000000321e-02
5.943687000000000276e-02
7.094106999999999497e-02
8.660877000000000159e-02
9.593519999999999825e-02
8.545717999999999370e-02
9.363579999999999820e-03
