8.264300000000000465e-03
3.163140999999999869e-02
7.371590999999999561e-02
7.818422999999999345e-02
1.010690999999999951e-01
1.134171900000000011e-01
1.232387100000000013e-01
1.817991399999999980e-01
2.139728499999999922e-01
2.115982200000000035e-01
1.847729399999999966e-01
6.033731999999999984e-02
4.429535999999999890e-02
1.648308300000000115e-01
3.746338799999999747e-01
5.660295499999999924e-01
6.636688699999999663e-01
6.500721000000000416e-01
6.561659600000000481e-01
6.207182999999999451e-01
4.921343000000000245e-01
2.729289799999999877e-01
1.297436999999999896e-01
6.733678999999999359e-02
2.908022999999999858e-02
4.724935000000000246e-02
8.507523999999999642e-02
1.053013099999999952e-01
1.497256799999999999e-01
2.912950499999999998e-01
2.909922300000000184e-01
2.014286799999999988e-01
1.872029199999999949e-01
7.629500999999999644e-02
6.242488999999999677e-02
7.911082999999999310e-02
5.551394999999999941e-02
4.033164000000000193e-02
2.985747999999999874e-02
5.163911999999999669e-02
5.825861999999999707e-02
3.842051999999999967e-02
2.171773000000000106e-02
1.482165000000000045e-02
2.342976999999999907e-02
3.439541000000000126e-02
3.695021999999999890e-02
3.007742000000000054e-02
2.062610999999999958e-02
4.765492999999999812e-02
8.428019000000000482e-02
6.719767000000000101e-02
5.776201999999999726e-02
2.348822999999999883e-02
1.431145999999999981e-02
1.973014000000000018e-02
4.279056999999999999e-02
6.281831000000000220e-02
7.132478000000000429e-02
4.864895999999999804e-02
1.412189999999999973e-02
2.112763999999999961e-02
2.380726000000000023e-02
3.166747000000000312e-02
