1.126803000000000006e-02
1.525393000000000061e-02
1.301265000000000061e-02
1.554689000000000071e-02
1.525002999999999949e-02
1.444706999999999936e-02
1.045512999999999998e-02
9.224430000000000476e-03
1.063232000000000066e-02
1.314662999999999943e-02
1.690586000000000172e-02
1.398041000000000041e-02
1.123753000000000078e-02
9.675359999999999169e-03
1.031175999999999968e-02
1.137608000000000022e-02
1.278044000000000055e-02
1.161281999999999939e-02
1.144005000000000022e-02
8.760439999999999547e-03
8.839899999999999494e-03
1.397571000000000056e-02
1.471822000000000061e-02
1.177453000000000007e-02
1.062012000000000025e-02
9.695540000000000755e-03
1.175655999999999923e-02
1.429681000000000007e-02
1.507245999999999933e-02
1.329822999999999943e-02
1.454683000000000018e-02
1.454758999999999913e-02
1.785853999999999914e-02
1.867011000000000018e-02
1.332784000000000052e-02
1.098898000000000062e-02
2.070359000000000088e-02
1.919248999999999955e-02
1.744487000000000121e-02
1.340191999999999946e-02
1.351455000000000017e-02
1.889400999999999928e-02
3.049456000000000042e-02
3.785336000000000256e-02
2.507356999999999989e-02
1.440105000000000031e-02
2.310867999999999950e-02
3.393513000000000085e-02
5.777796000000000320e-02
9.273236999999999453e-02
1.071466100000000032e-01
1.014981300000000058e-01
9.535665000000000113e-02
1.000552299999999950e-01
7.563596999999999682e-02
3.145681000000000171e-02
1.890655000000000113e-02
2.014408000000000171e-02
1.816852000000000050e-02
9.989510000000000056e-03
9.394589999999999538e-03
9.052740000000000092e-03
1.113936999999999913e-02
8.695829999999999879e-03
