7.042620000000000303e-03
8.481539999999999219e-03
8.430550000000000196e-03
8.431330000000000768e-03
8.780859999999999707e-03
8.917839999999999795e-03
8.049209999999999351e-03
8.097419999999999271e-03
8.197150000000000269e-03
9.007229999999999751e-03
8.550840000000000524e-03
9.145880000000000329e-03
8.423909999999999731e-03
8.370300000000000656e-03
8.525579999999999617e-03
8.667579999999999382e-03
8.845119999999999719e-03
8.427099999999999869e-03
8.373880000000000212e-03
9.527410000000000045e-03
1.121789999999999940e-02
9.292099999999999319e-03
9.293730000000000047e-03
8.789589999999999903e-03
8.248029999999999945e-03
8.966230000000000380e-03
8.819209999999999203e-03
8.892109999999999945e-03
9.482100000000000251e-03
8.541550000000000184e-03
1.056551000000000018e-02
9.293080000000000437e-03
1.037736000000000040e-02
9.313820000000000432e-03
9.671000000000000776e-03
9.523729999999999349e-03
9.624739999999999684e-03
1.110900000000000082e-02
1.404286000000000076e-02
1.725542999999999869e-02
2.022262000000000018e-02
2.781130000000000060e-02
2.319827000000000000e-02
2.148492000000000110e-02
1.159966999999999943e-02
9.402129999999999863e-03
8.892489999999999423e-03
9.119669999999999860e-03
1.081324000000000000e-02
9.341469999999999288e-03
9.582480000000000858e-03
1.069399000000000044e-02
1.287547999999999991e-02
1.047962000000000025e-02
1.513522999999999952e-02
1.609400000000000067e-02
1.609978000000000103e-02
9.729069999999999385e-03
9.704990000000000144e-03
8.754889999999999547e-03
9.056389999999999232e-03
8.790229999999999572e-03
8.033610000000000056e-03
7.375810000000000005e-03
