1.004488000000000082e-02
1.488409000000000086e-02
1.071791000000000063e-02
9.234970000000000331e-03
1.184627000000000076e-02
1.482691000000000044e-02
2.527249000000000162e-02
3.381930999999999826e-02
3.747319000000000344e-02
4.439690999999999776e-02
4.428884000000000293e-02
4.008578000000000141e-02
3.253893000000000063e-02
2.579443999999999834e-02
1.794400000000000162e-02
1.269982000000000055e-02
1.216062000000000046e-02
8.627799999999999706e-03
9.270590000000000427e-03
1.014462000000000003e-02
1.287078000000000007e-02
1.356105999999999978e-02
1.355540000000000044e-02
1.300036000000000073e-02
1.673091999999999982e-02
1.496964999999999928e-02
1.194134999999999988e-02
9.329449999999999549e-03
1.018024000000000012e-02
8.815830000000000194e-03
9.055260000000000739e-03
9.428260000000000807e-03
9.108140000000000680e-03
9.899989999999999138e-03
1.004343000000000076e-02
9.128119999999999984e-03
9.366519999999999707e-03
1.061169000000000001e-02
9.411990000000000287e-03
8.673210000000000641e-03
8.993549999999999461e-03
9.153339999999999393e-03
8.968810000000000671e-03
1.052620999999999939e-02
9.475819999999999382e-03
8.442319999999999686e-03
8.809449999999999920e-03
8.734270000000000575e-03
8.941450000000000092e-03
1.010496999999999958e-02
1.025259000000000066e-02
1.011686000000000009e-02
8.614419999999999369e-03
8.500419999999999851e-03
9.708919999999999356e-03
1.014657000000000059e-02
9.035720000000000557e-03
8.511319999999999303e-03
8.447380000000000860e-03
8.652319999999999803e-03
8.552789999999999351e-03
9.467869999999999758e-03
1.065495999999999978e-02
7.625599999999999740e-03
