7.452219999999999851e-03
1.504280000000000027e-02
1.097561000000000023e-02
8.710769999999999624e-03
8.585739999999999691e-03
8.614780000000000701e-03
1.339068000000000029e-02
1.217510999999999941e-02
1.061245000000000070e-02
1.063321000000000058e-02
9.413859999999999589e-03
8.467290000000000580e-03
8.729610000000000494e-03
9.868929999999999716e-03
1.269423000000000079e-02
1.229449999999999987e-02
1.099307000000000062e-02
9.600020000000000775e-03
1.020255999999999941e-02
9.863469999999999183e-03
1.061565000000000078e-02
9.295690000000000550e-03
1.120007999999999941e-02
1.204602999999999924e-02
1.322925999999999963e-02
1.464068999999999961e-02
1.229432999999999915e-02
8.756639999999999563e-03
9.993020000000000028e-03
1.177447000000000042e-02
1.119703000000000018e-02
1.726520000000000138e-02
1.927032999999999871e-02
1.477638000000000042e-02
1.752027000000000098e-02
1.667348000000000094e-02
1.428641999999999933e-02
1.356398999999999973e-02
1.100377999999999946e-02
1.469394000000000082e-02
2.479810000000000000e-02
2.969973000000000057e-02
3.102757999999999905e-02
2.906829999999999831e-02
2.256798999999999958e-02
2.571481000000000114e-02
2.831563000000000135e-02
3.105157999999999877e-02
2.361685999999999994e-02
1.057837000000000013e-02
8.986819999999999531e-03
1.025182000000000003e-02
9.560590000000000754e-03
1.095423000000000056e-02
1.787089000000000039e-02
2.217117999999999867e-02
1.634069999999999967e-02
1.342054999999999984e-02
1.452812000000000027e-02
1.560691999999999982e-02
1.648153999999999939e-02
1.115556000000000013e-02
8.949590000000000323e-03
8.128379999999999286e-03
