5.131580000000000169e-02
1.559005199999999869e-01
2.152275700000000069e-01
2.623537200000000125e-01
2.821434400000000231e-01
3.006320599999999787e-01
2.379091500000000137e-01
1.816738800000000098e-01
1.257035300000000078e-01
8.552208999999999506e-02
6.151704000000000200e-02
2.741874999999999868e-02
2.109489999999999976e-02
1.670581999999999970e-02
2.228385000000000088e-02
3.635411999999999672e-02
4.774102000000000207e-02
7.529109999999999969e-02
6.652619999999999367e-02
4.793929000000000246e-02
4.845234000000000346e-02
4.068419999999999676e-02
2.477162999999999934e-02
1.616425999999999974e-02
1.359416999999999917e-02
1.556913000000000047e-02
1.162140000000000048e-02
1.322578999999999942e-02
1.716758999999999993e-02
2.191711000000000006e-02
1.428054999999999949e-02
1.293333999999999977e-02
1.186912000000000036e-02
9.982529999999999876e-03
1.118284999999999939e-02
1.129367000000000044e-02
9.096689999999999290e-03
1.102982999999999915e-02
1.291441999999999937e-02
1.858382000000000089e-02
1.303550000000000021e-02
1.780241000000000115e-02
1.521877999999999946e-02
2.304826999999999917e-02
2.308692000000000036e-02
1.744251000000000135e-02
1.301780999999999945e-02
1.080200000000000084e-02
1.012354000000000032e-02
1.057676999999999923e-02
1.344731000000000051e-02
1.310859999999999977e-02
1.150539000000000076e-02
1.040291999999999953e-02
1.165348000000000078e-02
1.449081999999999974e-02
1.745371000000000075e-02
1.965671000000000085e-02
1.654320999999999917e-02
1.244382999999999947e-02
1.178787000000000064e-02
1.191358000000000000e-02
1.066024999999999959e-02
1.282034999999999945e-02
