7.222049999999999824e-03
1.033023999999999921e-02
1.450263000000000073e-02
1.161746999999999953e-02
1.172816999999999957e-02
1.464710999999999964e-02
1.280700000000000068e-02
1.571648000000000142e-02
1.829112000000000099e-02
1.455883999999999998e-02
1.262853000000000066e-02
1.265931000000000001e-02
8.826570000000000596e-03
1.020958999999999929e-02
1.104112999999999969e-02
1.235345000000000019e-02
1.333468999999999974e-02
1.042487999999999922e-02
1.484360000000000020e-02
2.219990000000000158e-02
3.148990000000000122e-02
2.182011999999999841e-02
1.661030999999999966e-02
1.079308999999999998e-02
1.508870999999999997e-02
2.753326000000000037e-02
4.525284000000000251e-02
7.302648000000000472e-02
8.967166000000000026e-02
8.082920000000000382e-02
7.807200000000000251e-02
6.063203999999999816e-02
4.694203000000000264e-02
2.683902000000000163e-02
1.457900999999999989e-02
8.527039999999999620e-03
1.163310000000000038e-02
1.885879999999999848e-02
2.345043000000000127e-02
1.858295999999999906e-02
2.814815000000000025e-02
3.465297999999999989e-02
1.780106000000000049e-02
1.174225999999999916e-02
1.257690000000000023e-02
9.025149999999999145e-03
1.159668999999999978e-02
1.027944000000000080e-02
9.065029999999999963e-03
1.198666999999999962e-02
1.261536000000000081e-02
1.057120999999999929e-02
1.098888999999999942e-02
1.290847999999999995e-02
9.335039999999999311e-03
8.603629999999999264e-03
8.735639999999999378e-03
8.991799999999999446e-03
9.851260000000000572e-03
8.885409999999999836e-03
1.009735999999999967e-02
9.206469999999999584e-03
8.499980000000000729e-03
8.499319999999999445e-03
