8.400579999999999506e-03
1.611227000000000145e-02
1.885215999999999975e-02
2.659562000000000037e-02
3.994324999999999959e-02
5.457908000000000204e-02
9.490384000000000320e-02
6.705191000000000623e-02
5.390919999999999740e-02
1.573002999999999901e-02
2.356667999999999957e-02
2.916188000000000113e-02
3.272338000000000330e-02
3.585900999999999672e-02
2.158544000000000088e-02
2.442638000000000101e-02
2.890150000000000011e-02
4.172175000000000189e-02
5.208356000000000097e-02
5.579308999999999658e-02
4.074260999999999855e-02
1.876647000000000037e-02
2.891173999999999827e-02
6.159353000000000050e-02
3.934500999999999971e-02
6.591771000000000436e-02
3.776133000000000267e-02
5.880193999999999699e-02
5.313733999999999819e-02
2.524749000000000090e-02
3.112323999999999993e-02
3.910643999999999926e-02
3.964793999999999957e-02
8.364457999999999616e-02
1.135543999999999998e-01
9.269818999999999976e-02
2.926004999999999925e-02
4.963957000000000092e-02
8.135164999999999758e-02
9.648304000000000602e-02
6.305562000000000666e-02
5.604798999999999892e-02
9.286374999999999491e-02
1.548377599999999910e-01
2.344832599999999989e-01
1.616385899999999987e-01
1.165342899999999987e-01
1.104379699999999964e-01
9.162240000000000661e-02
1.879318799999999956e-01
4.480377400000000176e-01
4.994331000000000187e-01
7.168704299999999474e-01
7.614375899999999975e-01
8.183563900000000446e-01
7.581275100000000045e-01
6.983845800000000326e-01
5.915906399999999454e-01
4.952213200000000204e-01
3.790670300000000270e-01
1.924721199999999965e-01
7.293331999999999593e-02
2.332572000000000118e-02
3.838094000000000228e-02
