2.452413999999999983e-02
4.150700999999999696e-02
3.896162000000000236e-02
2.902445000000000025e-02
2.133089000000000166e-02
2.192973999999999965e-02
1.476250999999999952e-02
1.038680999999999979e-02
8.435410000000000824e-03
8.706949999999999759e-03
1.005541000000000074e-02
1.157455999999999936e-02
1.532054000000000055e-02
2.194420999999999872e-02
2.622537999999999953e-02
2.373847000000000110e-02
1.606925000000000020e-02
1.279422000000000025e-02
1.041171999999999931e-02
1.004376000000000053e-02
1.052054000000000010e-02
1.061527999999999951e-02
9.800669999999999174e-03
8.716480000000000408e-03
9.304329999999999545e-03
1.019646999999999915e-02
1.003248999999999981e-02
9.184420000000000431e-03
9.055860000000000645e-03
8.570430000000000409e-03
8.526040000000000355e-03
8.853810000000000152e-03
8.983220000000000094e-03
9.257849999999999760e-03
9.399180000000000035e-03
9.659219999999999612e-03
8.753739999999999438e-03
8.771009999999999224e-03
9.063270000000000007e-03
9.722069999999999323e-03
9.894790000000000529e-03
8.945520000000000208e-03
9.960830000000000378e-03
8.523519999999999708e-03
9.366070000000000645e-03
1.095742000000000070e-02
1.159492999999999982e-02
1.043886999999999940e-02
8.959260000000000140e-03
8.937989999999999824e-03
8.533860000000000751e-03
9.157480000000000828e-03
1.090550000000000026e-02
1.090357999999999952e-02
9.570230000000000750e-03
8.886830000000000077e-03
9.196340000000000764e-03
9.279849999999999210e-03
9.568000000000000116e-03
8.577110000000000636e-03
9.483939999999999731e-03
8.845890000000000350e-03
8.424410000000000232e-03
7.817879999999999274e-03
