7.417319999999999816e-03
1.081990000000000035e-02
1.355401000000000002e-02
1.217235000000000018e-02
1.010522999999999977e-02
1.091405999999999973e-02
9.609879999999999464e-03
9.723990000000000064e-03
9.222410000000000330e-03
1.255316000000000071e-02
1.263039999999999996e-02
1.147275000000000031e-02
9.352610000000000784e-03
1.043466000000000012e-02
1.183837000000000084e-02
1.343105999999999987e-02
1.379287000000000048e-02
9.773610000000000284e-03
8.412319999999999173e-03
9.772470000000000115e-03
1.161594999999999989e-02
1.063774999999999964e-02
1.122743000000000005e-02
1.091435999999999969e-02
1.453523999999999962e-02
1.632692999999999992e-02
1.725975000000000079e-02
1.228972000000000050e-02
1.143467999999999915e-02
9.651710000000000844e-03
1.077191000000000086e-02
1.160227999999999954e-02
1.505167999999999957e-02
1.521910999999999924e-02
1.980818000000000162e-02
2.583805000000000129e-02
2.726332000000000061e-02
2.753171999999999911e-02
1.857214999999999908e-02
1.310889999999999972e-02
1.084245000000000000e-02
2.972692999999999863e-02
5.584553999999999907e-02
6.690712000000000048e-02
7.472302999999999584e-02
8.139786999999999717e-02
8.194896000000000125e-02
7.780053000000000663e-02
7.552580000000000404e-02
2.749290000000000067e-02
1.331093000000000033e-02
1.136263000000000030e-02
9.186829999999999996e-03
1.259134999999999942e-02
2.109279999999999836e-02
2.296391000000000057e-02
2.078419999999999920e-02
1.972215000000000079e-02
2.248133999999999896e-02
2.761817000000000091e-02
2.611580000000000151e-02
2.352200000000000124e-02
1.185350999999999939e-02
9.349680000000000837e-03
