7.808960000000000207e-03
9.422510000000000260e-03
1.802921000000000037e-02
1.806185000000000082e-02
1.747471999999999914e-02
2.541697000000000053e-02
2.394914000000000071e-02
2.893977000000000008e-02
3.212591000000000058e-02
2.603600999999999832e-02
1.921876000000000140e-02
1.306623999999999980e-02
1.544495000000000069e-02
3.217704999999999871e-02
5.364162000000000097e-02
9.472134999999999583e-02
1.142129000000000061e-01
9.930680000000000063e-02
9.359994000000000647e-02
7.383483999999999881e-02
5.261746999999999952e-02
3.622811000000000087e-02
1.880822999999999870e-02
1.434454999999999932e-02
1.133339000000000048e-02
1.310047999999999942e-02
1.935123000000000051e-02
2.173092999999999900e-02
2.276177999999999882e-02
4.183342999999999784e-02
4.205586000000000046e-02
2.738482000000000069e-02
2.240997000000000128e-02
1.312813999999999995e-02
1.373884000000000043e-02
1.823258999999999991e-02
1.677651999999999963e-02
1.093024000000000079e-02
1.140207000000000026e-02
1.172439999999999941e-02
1.427744000000000062e-02
1.095221000000000042e-02
8.701459999999999403e-03
9.645549999999999263e-03
9.397499999999999604e-03
1.077120999999999981e-02
1.047359999999999958e-02
9.831609999999999308e-03
1.109123000000000053e-02
1.621420999999999973e-02
1.598779999999999993e-02
1.566079000000000082e-02
1.075074999999999989e-02
1.032951000000000008e-02
9.087220000000000020e-03
1.076795000000000009e-02
1.275996000000000075e-02
1.465877999999999973e-02
1.392537999999999936e-02
1.155800000000000056e-02
8.247370000000000395e-03
9.007579999999999407e-03
1.070888000000000048e-02
1.009533999999999952e-02
