2.445490999999999984e-02
5.647234999999999755e-02
4.839448999999999834e-02
6.678879000000000066e-02
9.000850000000000517e-02
1.128749799999999998e-01
7.287741000000000358e-02
4.294705000000000050e-02
4.968662000000000079e-02
4.605578999999999923e-02
8.466490000000000127e-02
1.187227700000000052e-01
1.441349199999999997e-01
1.534066900000000122e-01
7.965827000000000324e-02
8.075090000000000046e-02
7.186480000000000645e-02
4.045710000000000278e-02
7.406361000000000194e-02
1.095409100000000052e-01
2.381226999999999996e-02
5.040279999999999760e-02
1.019068800000000052e-01
1.224297300000000005e-01
1.696206500000000117e-01
1.487570400000000070e-01
1.165005399999999997e-01
1.547144099999999967e-01
1.587354199999999882e-01
1.967254099999999895e-01
8.855117999999999323e-02
3.060161999999999952e-02
5.923892000000000047e-02
1.135584899999999980e-01
1.405593900000000063e-01
1.547655199999999898e-01
1.444744000000000028e-01
2.116412799999999872e-01
2.821808800000000228e-01
3.071386799999999972e-01
2.680824099999999932e-01
1.183623899999999979e-01
1.639381199999999927e-01
3.384662299999999791e-01
5.420219299999999851e-01
7.783675799999999478e-01
8.751179000000000041e-01
8.832809299999999642e-01
8.233846999999999694e-01
7.261885999999999619e-01
6.903793799999999869e-01
6.484579400000000104e-01
3.163306100000000121e-01
2.185296399999999972e-01
3.198625000000000079e-02
3.116849999999999829e-02
7.486827999999999539e-02
6.601253999999999456e-02
1.020889999999999992e-01
2.285057199999999955e-01
2.683385300000000195e-01
2.382014500000000090e-01
1.651628900000000066e-01
4.451854999999999701e-02
