2.133018999999999887e-02
2.928064999999999835e-02
1.898373000000000074e-02
2.783454000000000136e-02
2.613901999999999892e-02
2.432254000000000013e-02
1.362762000000000001e-02
8.920569999999999194e-03
1.711108000000000073e-02
2.868887999999999994e-02
3.434017000000000319e-02
6.190650999999999793e-02
5.273872999999999756e-02
3.138416000000000122e-02
2.698263999999999871e-02
3.198099000000000081e-02
2.472983999999999946e-02
2.198804000000000036e-02
4.916303999999999813e-02
6.028072999999999765e-02
6.149211999999999734e-02
9.396796999999999789e-02
1.082359199999999994e-01
6.300780000000000269e-02
4.442568999999999685e-02
5.029518999999999657e-02
3.666383000000000142e-02
3.785923000000000066e-02
6.633748000000000422e-02
6.727070999999999745e-02
2.612516999999999964e-02
2.897428000000000156e-02
3.507007999999999653e-02
3.152231999999999951e-02
4.069472999999999840e-02
5.246334999999999887e-02
6.431720999999999966e-02
1.004190400000000011e-01
8.912991000000000663e-02
7.580328999999999540e-02
5.890249000000000179e-02
3.417002999999999707e-02
3.310409000000000268e-02
4.890550999999999926e-02
8.655056999999999334e-02
1.209723699999999957e-01
1.516901900000000025e-01
1.332513100000000117e-01
1.642206300000000063e-01
2.525352499999999889e-01
2.424669399999999919e-01
2.309654200000000046e-01
1.136315900000000045e-01
8.121449999999999503e-02
9.430407999999999846e-02
2.143293199999999898e-01
4.371717900000000046e-01
5.713991499999999668e-01
6.984569400000000261e-01
7.456888600000000089e-01
7.951436600000000299e-01
8.459792699999999499e-01
6.284549200000000280e-01
4.889638000000000317e-02
