8.776010000000000755e-03
1.008996000000000025e-02
9.405770000000000797e-03
9.052229999999999652e-03
1.009086000000000011e-02
1.084119000000000055e-02
1.097669000000000075e-02
9.940509999999999624e-03
9.146889999999999535e-03
9.004790000000000363e-03
8.584180000000000282e-03
8.629970000000000696e-03
8.835600000000000745e-03
9.661760000000000140e-03
1.093525000000000053e-02
8.254930000000000601e-03
8.861539999999999348e-03
8.937050000000000202e-03
1.033728000000000077e-02
9.695590000000000458e-03
1.038901000000000061e-02
9.995250000000000662e-03
1.064705999999999986e-02
1.352176000000000072e-02
1.114841999999999916e-02
1.115111000000000054e-02
9.225830000000000836e-03
8.762590000000000656e-03
9.166439999999999658e-03
1.068888999999999950e-02
1.054208000000000055e-02
9.474740000000000592e-03
1.133567000000000081e-02
1.621041999999999969e-02
1.895167999999999853e-02
1.254129000000000008e-02
1.023400999999999998e-02
1.039133000000000071e-02
1.621436999999999878e-02
1.914429000000000131e-02
3.422411999999999677e-02
5.296938000000000341e-02
5.173405999999999838e-02
4.392918999999999990e-02
2.685828999999999994e-02
2.356826999999999880e-02
2.071208000000000077e-02
9.399889999999999288e-03
9.335190000000000154e-03
8.917380000000000792e-03
9.206429999999999822e-03
8.446359999999999979e-03
1.032857000000000046e-02
1.220110999999999939e-02
1.596099000000000129e-02
1.780487999999999862e-02
1.990412000000000084e-02
1.656470999999999985e-02
1.266136999999999992e-02
1.124296999999999970e-02
1.061784999999999986e-02
9.615959999999999785e-03
8.320249999999999521e-03
7.999930000000000582e-03
