9.319229999999999528e-03
1.349500999999999999e-02
1.401903000000000003e-02
1.785832000000000044e-02
1.919946999999999973e-02
2.026427000000000089e-02
1.564716999999999844e-02
1.227936999999999952e-02
1.389245000000000063e-02
1.791838999999999932e-02
2.067828000000000027e-02
2.278965999999999978e-02
1.164051999999999969e-02
1.168719000000000008e-02
1.129336000000000055e-02
1.733364000000000085e-02
2.306623999999999827e-02
2.314323999999999895e-02
1.792337000000000097e-02
1.262539000000000022e-02
1.366629999999999928e-02
1.537635000000000043e-02
1.918496000000000090e-02
1.475004000000000072e-02
1.196236999999999995e-02
1.225865999999999935e-02
1.404040999999999970e-02
2.677821999999999841e-02
2.247690000000000105e-02
1.248689000000000049e-02
1.929838000000000039e-02
2.203244000000000036e-02
2.341241000000000155e-02
2.213903000000000051e-02
1.796518999999999894e-02
1.519352000000000029e-02
1.580074000000000062e-02
1.980341999999999866e-02
2.888026000000000135e-02
2.332559999999999842e-02
2.083052999999999988e-02
2.390511999999999845e-02
2.997821000000000166e-02
3.326234000000000135e-02
3.544777999999999818e-02
1.649868999999999988e-02
1.080072999999999971e-02
1.414284000000000027e-02
3.274111999999999856e-02
6.853180999999999856e-02
9.145374000000000558e-02
9.536999999999999644e-02
1.039606299999999983e-01
1.223640000000000005e-01
1.148634300000000025e-01
6.888980999999999577e-02
4.436936999999999826e-02
3.055690999999999963e-02
2.865428999999999893e-02
2.265479000000000104e-02
1.756210999999999883e-02
1.493847000000000057e-02
1.133466999999999981e-02
9.612060000000000395e-03
