1.155076000000000019e-02
3.360914999999999736e-02
5.003892000000000062e-02
6.693385999999999780e-02
7.309317999999999371e-02
7.414619999999999544e-02
6.774035999999999946e-02
4.989435999999999871e-02
3.282046999999999742e-02
2.632624000000000075e-02
2.607626000000000041e-02
1.476129999999999977e-02
1.190545999999999965e-02
9.342009999999999550e-03
1.110486999999999932e-02
1.549227000000000069e-02
1.486311000000000056e-02
2.194296999999999914e-02
1.825620999999999841e-02
1.534642999999999945e-02
1.730914000000000064e-02
1.523447999999999990e-02
1.100147999999999925e-02
9.415029999999999580e-03
9.019140000000000143e-03
9.342120000000000632e-03
9.411579999999999252e-03
9.588189999999999907e-03
1.071217999999999997e-02
1.053433999999999968e-02
8.765540000000000484e-03
8.674110000000000500e-03
9.525779999999999317e-03
8.695849999999999760e-03
8.669279999999999695e-03
8.737510000000000415e-03
8.442450000000000648e-03
8.441749999999999601e-03
9.526520000000000127e-03
9.851280000000000453e-03
8.885320000000000371e-03
9.538990000000000663e-03
9.510330000000000866e-03
1.032940000000000073e-02
1.096542000000000003e-02
1.013416999999999964e-02
8.812520000000000769e-03
8.852179999999999424e-03
8.566940000000000319e-03
8.673349999999999810e-03
8.732820000000000513e-03
9.249649999999999886e-03
8.897429999999999575e-03
8.929100000000000578e-03
9.444680000000000436e-03
9.491420000000000412e-03
1.046220999999999957e-02
1.094618999999999974e-02
1.106448999999999974e-02
9.122639999999999569e-03
8.387999999999999623e-03
8.492809999999999943e-03
8.561809999999999560e-03
9.331350000000000408e-03
