7.270750000000000303e-03
9.333720000000000211e-03
1.661552999999999988e-02
2.680926999999999963e-02
3.919274999999999842e-02
4.536921000000000009e-02
5.514845000000000164e-02
5.946822000000000219e-02
5.424998000000000320e-02
5.207101000000000091e-02
5.289871000000000156e-02
2.686937000000000006e-02
2.409955000000000083e-02
1.166542999999999920e-02
9.019090000000000440e-03
8.971019999999999689e-03
1.114747999999999954e-02
1.257249000000000040e-02
1.474218000000000056e-02
1.479054999999999953e-02
2.050547000000000133e-02
2.041188999999999851e-02
1.434767999999999981e-02
1.163668999999999988e-02
1.021917999999999958e-02
9.903520000000000725e-03
1.032502000000000072e-02
1.127941000000000013e-02
1.033150000000000041e-02
1.052678999999999941e-02
8.833199999999999386e-03
8.966780000000000583e-03
8.897600000000000300e-03
8.369059999999999347e-03
8.522160000000000846e-03
9.131490000000000787e-03
9.404890000000000819e-03
9.447969999999999979e-03
8.805189999999999198e-03
9.377039999999999681e-03
8.960370000000000487e-03
9.654209999999999875e-03
9.352769999999999834e-03
9.456360000000000460e-03
8.931849999999999859e-03
9.735529999999999184e-03
9.967429999999999346e-03
1.014302000000000085e-02
8.947609999999999938e-03
8.784739999999999216e-03
8.591200000000000225e-03
8.466609999999999414e-03
9.195439999999999170e-03
1.017533999999999973e-02
9.824569999999999484e-03
9.665659999999999530e-03
9.495760000000000658e-03
9.746680000000000621e-03
9.390340000000000492e-03
8.982630000000000128e-03
1.039288000000000017e-02
8.419859999999999497e-03
9.040519999999999806e-03
8.323429999999999718e-03
