7.170799999999999744e-03
8.301249999999999601e-03
8.235650000000000609e-03
8.420199999999999213e-03
8.659240000000000340e-03
9.767430000000000556e-03
1.084577999999999931e-02
1.047615999999999999e-02
9.941860000000000280e-03
8.624969999999999165e-03
8.885139999999999705e-03
9.079709999999999517e-03
9.356450000000000530e-03
9.851359999999999978e-03
9.364380000000000273e-03
9.025669999999999527e-03
9.476510000000000489e-03
1.035348999999999992e-02
1.085092000000000001e-02
1.021917999999999958e-02
9.901409999999999378e-03
8.631979999999999167e-03
9.856580000000000202e-03
1.048797999999999918e-02
1.019156000000000055e-02
1.004541999999999935e-02
9.319249999999999409e-03
1.133404000000000009e-02
1.016592000000000016e-02
8.888149999999999176e-03
9.163199999999999817e-03
9.052219999999999711e-03
9.307529999999999623e-03
1.123457999999999922e-02
1.167570000000000066e-02
1.086374000000000020e-02
8.773460000000000286e-03
9.191059999999999161e-03
1.054842999999999927e-02
1.146129000000000071e-02
1.042291000000000051e-02
1.100263999999999930e-02
1.304540000000000040e-02
1.491636000000000004e-02
1.448735999999999947e-02
1.227403000000000001e-02
1.185619000000000083e-02
1.104140999999999977e-02
9.540669999999999359e-03
1.061414999999999928e-02
1.635727000000000014e-02
1.975027000000000033e-02
2.742489999999999858e-02
3.475450000000000067e-02
3.826525000000000065e-02
3.469382000000000021e-02
3.280411999999999911e-02
2.858188999999999869e-02
2.572628000000000068e-02
2.096390999999999880e-02
1.401060999999999973e-02
1.009488000000000052e-02
8.346630000000000715e-03
7.713260000000000428e-03
