8.367009999999999378e-03
1.679121999999999906e-02
1.866479000000000055e-02
1.367823999999999950e-02
1.157320000000000050e-02
1.262885000000000049e-02
1.000809000000000074e-02
1.294323999999999995e-02
1.853503000000000095e-02
3.116491000000000053e-02
4.064116000000000256e-02
4.747826000000000130e-02
5.269192000000000320e-02
5.333095000000000196e-02
4.170240000000000058e-02
3.267735000000000084e-02
3.114193999999999990e-02
1.571683000000000108e-02
1.186385000000000044e-02
9.154280000000000750e-03
9.403470000000000578e-03
9.178659999999999944e-03
1.136856999999999972e-02
1.472052000000000083e-02
2.016530999999999879e-02
1.955018999999999854e-02
1.805282999999999888e-02
1.361473000000000023e-02
1.047674999999999995e-02
8.865549999999999820e-03
9.602470000000000103e-03
1.055248999999999944e-02
9.962910000000000169e-03
1.272482999999999947e-02
1.203818000000000076e-02
1.166141000000000053e-02
1.129667999999999992e-02
1.215265999999999916e-02
1.109332000000000026e-02
9.539250000000000854e-03
9.868379999999999513e-03
9.449030000000000623e-03
8.404989999999999337e-03
9.589840000000000517e-03
1.038235000000000026e-02
1.011244000000000032e-02
1.113660999999999991e-02
1.098284000000000066e-02
9.577040000000000206e-03
9.803779999999999786e-03
1.035844000000000001e-02
1.115029000000000020e-02
1.134539000000000034e-02
1.073689000000000067e-02
9.826279999999999737e-03
9.164149999999999380e-03
9.205390000000000794e-03
9.717119999999999230e-03
1.145053000000000043e-02
1.150551999999999998e-02
1.077225000000000057e-02
1.076873000000000066e-02
9.215130000000000196e-03
8.399459999999999218e-03
