8.436580000000000815e-03
2.549422000000000146e-02
1.661937999999999957e-02
1.178434000000000079e-02
1.074469999999999939e-02
1.207885000000000035e-02
2.603853999999999891e-02
5.086539999999999812e-02
6.693731999999999460e-02
8.354805999999999344e-02
9.121052999999999800e-02
9.209966999999999460e-02
7.728888999999999898e-02
6.860238999999999920e-02
3.243885999999999992e-02
2.252130999999999925e-02
1.746456999999999871e-02
1.079009000000000044e-02
9.560779999999999626e-03
1.060095999999999955e-02
1.395362999999999985e-02
1.516587999999999964e-02
1.903043000000000096e-02
2.378316000000000111e-02
2.911634999999999918e-02
2.399818999999999911e-02
1.621898999999999910e-02
9.677440000000000694e-03
1.042740999999999980e-02
1.077786000000000022e-02
1.125583999999999960e-02
1.047692000000000068e-02
9.691309999999999855e-03
1.041780999999999957e-02
1.222718000000000069e-02
1.010999999999999920e-02
1.035840000000000025e-02
1.189160000000000043e-02
1.104050999999999991e-02
9.034530000000000685e-03
9.351119999999999224e-03
1.015208000000000083e-02
1.076661999999999932e-02
1.154609000000000017e-02
1.087351999999999937e-02
9.585859999999999867e-03
9.548539999999999459e-03
8.373480000000000853e-03
8.307349999999999804e-03
1.377738000000000053e-02
1.397761999999999963e-02
1.134580999999999958e-02
9.757490000000000607e-03
8.435379999999999268e-03
8.578290000000000567e-03
1.177769000000000038e-02
1.140581000000000060e-02
8.956850000000000575e-03
9.894899999999999876e-03
9.264649999999999275e-03
8.972199999999999620e-03
9.946939999999999601e-03
1.314803999999999973e-02
8.684769999999999643e-03
