7.582819999999999665e-03
1.108553999999999963e-02
9.076169999999999724e-03
8.798059999999999908e-03
9.319279999999999231e-03
9.002220000000000014e-03
1.072308999999999936e-02
1.008223999999999926e-02
9.924399999999999888e-03
8.964649999999999355e-03
8.911159999999999567e-03
8.896100000000000535e-03
9.501860000000000861e-03
1.112807000000000032e-02
1.298183999999999970e-02
1.010605000000000010e-02
1.174984999999999918e-02
1.334293999999999931e-02
1.209601000000000079e-02
1.260324999999999987e-02
1.402721000000000003e-02
9.961420000000000344e-03
1.147585999999999919e-02
9.749519999999999367e-03
1.222242999999999941e-02
1.183014999999999935e-02
1.371198000000000035e-02
1.976483999999999880e-02
2.406917000000000084e-02
2.505844000000000127e-02
1.846137999999999946e-02
1.411479000000000032e-02
1.248946000000000084e-02
1.912393000000000079e-02
2.516105999999999898e-02
4.085729999999999917e-02
6.974202999999999653e-02
9.083207999999999560e-02
8.765132000000000478e-02
4.749843000000000121e-02
2.921251000000000056e-02
2.241715000000000027e-02
1.334342999999999987e-02
1.209084000000000027e-02
8.597759999999999431e-03
1.236382999999999927e-02
1.593326999999999938e-02
2.289245999999999989e-02
1.591029999999999875e-02
2.522976000000000038e-02
2.523482999999999976e-02
2.675421000000000049e-02
2.083499999999999935e-02
1.441154000000000046e-02
1.255710999999999980e-02
1.103191000000000067e-02
1.158520000000000036e-02
1.574837000000000112e-02
1.187807999999999919e-02
1.280203000000000070e-02
1.238179000000000016e-02
1.434668000000000054e-02
1.526331000000000042e-02
8.707430000000000378e-03
