9.825099999999999806e-03
1.738939000000000110e-02
1.844126999999999919e-02
1.435287000000000021e-02
1.041916000000000023e-02
1.015238000000000078e-02
1.007175000000000084e-02
1.726714999999999847e-02
1.884834999999999983e-02
3.243155999999999817e-02
3.546666999999999875e-02
4.161723999999999979e-02
4.432745999999999909e-02
4.613687000000000343e-02
2.818121999999999988e-02
2.215887000000000065e-02
1.778872000000000092e-02
1.129117999999999962e-02
9.719000000000000208e-03
9.125609999999999278e-03
9.506209999999999313e-03
9.355669999999999958e-03
1.173896999999999961e-02
1.302676000000000008e-02
1.907642000000000018e-02
1.889182000000000014e-02
1.769839000000000134e-02
1.206918000000000053e-02
1.176521999999999984e-02
8.751470000000000776e-03
9.426310000000000244e-03
9.990439999999999737e-03
1.027619999999999922e-02
1.171378000000000003e-02
1.099742000000000081e-02
9.885210000000000177e-03
9.809069999999999595e-03
1.090751000000000047e-02
1.088585000000000073e-02
9.249830000000000552e-03
9.245049999999999449e-03
9.281889999999999238e-03
8.943299999999999514e-03
9.059579999999999370e-03
9.253219999999999501e-03
9.912000000000000671e-03
9.462770000000000556e-03
9.409640000000000365e-03
8.860260000000000011e-03
9.842949999999999616e-03
1.084164999999999955e-02
1.069990999999999998e-02
1.093208000000000027e-02
9.241340000000000665e-03
8.787599999999999578e-03
8.881550000000000208e-03
8.827929999999999458e-03
8.718460000000000792e-03
9.543839999999999615e-03
9.233899999999999747e-03
9.136099999999999430e-03
9.118960000000000607e-03
9.682839999999999850e-03
8.082229999999999276e-03
