2.465946000000000110e-02
4.394519000000000203e-02
1.599048999999999957e-02
1.216224999999999945e-02
1.572650999999999910e-02
1.802507999999999888e-02
1.734457000000000013e-02
2.070309999999999859e-02
3.249379000000000156e-02
2.091871000000000008e-02
1.733312000000000047e-02
2.610511000000000081e-02
4.491640000000000216e-02
6.195144999999999819e-02
3.703184000000000337e-02
1.653777999999999845e-02
9.867479999999999654e-03
1.388644999999999984e-02
2.762036000000000005e-02
2.637381000000000100e-02
1.228640999999999935e-02
1.521499999999999936e-02
1.675723000000000143e-02
2.405045999999999920e-02
4.515049000000000146e-02
3.749501999999999696e-02
2.020800000000000027e-02
2.662373999999999991e-02
4.361331999999999709e-02
7.287153999999999854e-02
4.270767000000000313e-02
1.497239000000000035e-02
1.559509000000000069e-02
2.158217000000000121e-02
3.293084000000000289e-02
3.759449000000000124e-02
3.580792000000000003e-02
3.417827999999999838e-02
4.895304999999999795e-02
8.690311000000000563e-02
1.024609100000000023e-01
7.528060999999999781e-02
2.799617000000000078e-02
3.158915000000000334e-02
7.438472999999999613e-02
1.980993699999999968e-01
2.883063599999999838e-01
3.566815899999999928e-01
4.095957900000000151e-01
3.494093099999999730e-01
3.461018499999999887e-01
2.814392399999999794e-01
2.137033299999999969e-01
1.825040099999999943e-01
6.438061999999999951e-02
3.405686000000000130e-02
1.702381000000000033e-02
1.834819000000000033e-02
2.642266000000000059e-02
4.018370000000000275e-02
5.621385999999999744e-02
4.600868000000000319e-02
4.708800999999999959e-02
1.808225000000000110e-02
