1.001312000000000035e-02
1.444208999999999944e-02
1.652431000000000039e-02
1.906994999999999871e-02
1.539767000000000045e-02
1.170265000000000020e-02
1.035558999999999959e-02
1.075481000000000006e-02
1.124009999999999940e-02
1.511861999999999928e-02
1.977459999999999982e-02
1.297493000000000084e-02
1.481951999999999922e-02
2.439296000000000172e-02
2.679625999999999883e-02
2.746372000000000049e-02
1.450549999999999930e-02
1.718437000000000089e-02
1.139515999999999966e-02
1.899806999999999885e-02
1.640942999999999916e-02
1.862155000000000060e-02
2.789967999999999962e-02
2.941103999999999941e-02
2.728573000000000109e-02
4.322151999999999938e-02
4.927357000000000264e-02
4.308814999999999867e-02
2.353339000000000125e-02
2.380670999999999829e-02
5.094937000000000077e-02
9.498600999999999572e-02
1.384191399999999961e-01
2.016539599999999932e-01
1.759054700000000082e-01
1.839460900000000065e-01
1.574131800000000136e-01
9.410432999999999992e-02
4.191576999999999803e-02
1.923547000000000104e-02
1.548150000000000047e-02
1.244323999999999951e-02
1.479348999999999942e-02
1.999391999999999836e-02
1.912511999999999893e-02
2.610811000000000034e-02
3.358277999999999958e-02
5.857006000000000018e-02
5.682509000000000171e-02
1.844832999999999890e-02
1.541173000000000022e-02
1.524683999999999935e-02
1.002980000000000017e-02
1.430536999999999954e-02
2.153004000000000029e-02
2.036469999999999947e-02
2.106902999999999901e-02
2.518658000000000008e-02
2.575484000000000107e-02
1.501727999999999917e-02
9.579410000000000008e-03
1.603856999999999852e-02
1.066796000000000064e-02
1.111425000000000086e-02
