7.955459999999999268e-03
1.153171000000000057e-02
1.082989000000000000e-02
1.080370999999999936e-02
1.419325999999999921e-02
1.650327000000000044e-02
1.382299000000000028e-02
1.089287000000000068e-02
9.734710000000000585e-03
8.522590000000000027e-03
9.193099999999999189e-03
1.247961000000000036e-02
1.214902999999999990e-02
1.049365000000000020e-02
1.020747999999999968e-02
9.472339999999999233e-03
1.137894000000000058e-02
1.197050000000000024e-02
1.469791999999999974e-02
1.278628000000000056e-02
1.962587000000000012e-02
1.762762999999999830e-02
2.254567999999999850e-02
2.103750000000000064e-02
1.534903999999999956e-02
1.171256000000000033e-02
1.351461999999999976e-02
1.331174000000000072e-02
1.286109000000000037e-02
1.511256000000000058e-02
1.714792000000000052e-02
3.156926000000000176e-02
3.700936999999999977e-02
3.133728999999999681e-02
2.743962000000000137e-02
2.445647000000000099e-02
1.328371000000000066e-02
1.769029999999999908e-02
5.005587000000000231e-02
8.269550999999999985e-02
9.651619000000000170e-02
1.300354599999999916e-01
1.199890700000000032e-01
1.113238899999999948e-01
8.285066000000000652e-02
5.933709999999999679e-02
3.457298999999999789e-02
2.143926999999999986e-02
1.251203000000000037e-02
9.608220000000000649e-03
1.266484000000000013e-02
1.525317999999999986e-02
2.431219000000000088e-02
3.733803000000000122e-02
4.885525999999999758e-02
6.377818000000000376e-02
5.606632999999999756e-02
2.797314000000000050e-02
2.439629999999999924e-02
1.961875999999999898e-02
1.372955000000000009e-02
1.037309999999999968e-02
1.182276999999999981e-02
1.021210000000000000e-02
