7.825169999999999348e-03
9.692579999999999252e-03
9.320409999999999459e-03
8.656620000000000287e-03
9.257470000000000282e-03
8.850409999999999527e-03
1.002628000000000026e-02
9.951750000000000526e-03
9.460869999999999697e-03
9.104479999999999865e-03
9.791789999999999869e-03
9.521299999999999902e-03
1.069767999999999934e-02
1.106861999999999950e-02
1.106452999999999950e-02
1.066735000000000079e-02
9.196170000000000039e-03
9.943020000000000330e-03
1.279922000000000004e-02
1.527134999999999951e-02
1.294822999999999981e-02
9.730870000000000838e-03
9.290220000000000075e-03
1.018501999999999949e-02
1.363826999999999921e-02
1.550302999999999924e-02
1.218127999999999919e-02
9.481250000000000094e-03
9.559309999999999682e-03
1.066029999999999929e-02
9.938600000000000559e-03
1.020769000000000017e-02
1.209179999999999977e-02
9.206310000000000535e-03
1.011120000000000074e-02
1.220822000000000053e-02
1.070046000000000018e-02
9.617759999999999504e-03
1.019854000000000073e-02
1.166708999999999975e-02
1.306609000000000069e-02
1.162364999999999926e-02
1.055111000000000070e-02
1.035012000000000085e-02
1.115774999999999927e-02
1.193725999999999988e-02
1.668093999999999827e-02
1.770058000000000048e-02
1.381679000000000067e-02
1.977925999999999990e-02
2.244269999999999946e-02
2.496659999999999852e-02
2.434274000000000160e-02
2.277691000000000091e-02
1.337859999999999917e-02
1.259675000000000031e-02
1.166543999999999914e-02
2.026433000000000054e-02
3.093790000000000082e-02
4.361518000000000339e-02
6.631148000000000597e-02
9.054048000000000651e-02
6.119443000000000105e-02
9.961070000000000688e-03
