8.048780000000000170e-03
1.399430999999999939e-02
1.140085000000000057e-02
1.003975000000000006e-02
9.354339999999999183e-03
1.531675000000000050e-02
1.907446999999999962e-02
2.365309000000000161e-02
2.396353000000000025e-02
1.619432999999999984e-02
1.160981999999999986e-02
1.034787000000000033e-02
1.226585000000000002e-02
1.557065000000000012e-02
1.470162000000000031e-02
2.324475000000000152e-02
1.621966999999999853e-02
1.279652000000000046e-02
1.090246999999999918e-02
1.920886999999999942e-02
1.848655999999999910e-02
2.636449000000000084e-02
2.428659999999999847e-02
1.819969000000000101e-02
1.448345000000000014e-02
2.434170000000000084e-02
2.218200999999999853e-02
1.738013000000000058e-02
1.169630999999999969e-02
1.040661000000000017e-02
1.104364000000000040e-02
1.568086000000000133e-02
1.556758999999999921e-02
1.974980999999999959e-02
2.226828000000000141e-02
3.066003000000000131e-02
2.152249999999999996e-02
2.930533999999999917e-02
1.662210999999999897e-02
2.011935000000000112e-02
2.114337000000000161e-02
2.378237999999999880e-02
2.824281999999999834e-02
3.544458000000000331e-02
4.151512999999999731e-02
3.382405000000000134e-02
4.202486999999999889e-02
7.105844999999999523e-02
5.209656000000000009e-02
2.981730000000000144e-02
1.920849000000000167e-02
3.574850000000000250e-02
6.308247000000000160e-02
1.262397899999999906e-01
2.217892099999999866e-01
2.545162699999999889e-01
2.882550999999999863e-01
2.890705800000000214e-01
2.789408899999999969e-01
2.300525599999999893e-01
1.526492999999999878e-01
9.936293000000000208e-02
4.458713000000000259e-02
1.519631999999999927e-02
