7.850559999999999483e-03
8.689360000000000139e-03
8.184300000000000255e-03
8.583910000000000151e-03
8.427449999999999525e-03
8.418860000000000232e-03
8.559189999999999507e-03
9.106090000000000712e-03
9.487539999999999168e-03
9.600030000000000716e-03
9.498980000000000617e-03
8.843629999999999894e-03
1.032918000000000031e-02
1.233427999999999955e-02
1.174761000000000034e-02
8.845499999999999197e-03
8.534669999999999410e-03
8.688760000000000233e-03
1.092728999999999923e-02
9.946089999999999445e-03
9.682760000000000325e-03
1.111391999999999936e-02
9.244820000000000815e-03
8.732820000000000513e-03
1.202520999999999972e-02
1.082118999999999963e-02
8.874260000000000134e-03
9.105590000000000211e-03
1.011865999999999981e-02
1.234973999999999968e-02
1.206259999999999971e-02
9.142549999999999288e-03
9.511159999999999407e-03
8.769120000000000040e-03
9.229670000000000582e-03
1.158106000000000066e-02
1.310238000000000028e-02
1.239819999999999985e-02
1.200472999999999991e-02
1.236666999999999975e-02
1.601516999999999871e-02
1.821994999999999865e-02
1.388369000000000061e-02
1.087043000000000037e-02
1.077724000000000043e-02
2.176492000000000010e-02
4.702926000000000328e-02
7.349529999999999952e-02
9.692341000000000151e-02
9.097993000000000052e-02
9.221540000000000292e-02
8.258617999999999515e-02
6.321305000000000673e-02
5.211724000000000218e-02
3.637557999999999764e-02
2.353832999999999967e-02
1.136412000000000012e-02
9.794660000000000172e-03
1.140058000000000044e-02
1.377843999999999944e-02
1.353510999999999950e-02
1.431776000000000056e-02
1.404322000000000036e-02
1.012355000000000026e-02
