8.370330000000000478e-03
9.666740000000000055e-03
8.586079999999999407e-03
9.461300000000000612e-03
9.439420000000000449e-03
9.184350000000000847e-03
8.088329999999999478e-03
8.257070000000000035e-03
8.998680000000000220e-03
9.813969999999999985e-03
9.780300000000000452e-03
1.172514000000000021e-02
1.047645000000000000e-02
8.824409999999999546e-03
8.551519999999999955e-03
1.036490999999999975e-02
1.007772000000000008e-02
9.781530000000000086e-03
9.803589999999999180e-03
9.376390000000000072e-03
1.020701000000000074e-02
1.403253999999999960e-02
1.576552000000000162e-02
1.060341000000000061e-02
9.248360000000000608e-03
9.050410000000000052e-03
9.870320000000000135e-03
1.098766999999999973e-02
1.033940000000000033e-02
9.990169999999999606e-03
8.595429999999999390e-03
9.037720000000000822e-03
1.014002999999999953e-02
1.068234000000000024e-02
9.102370000000000252e-03
1.018325999999999953e-02
1.059944999999999984e-02
1.439053000000000034e-02
1.135186000000000008e-02
1.157351000000000039e-02
9.238430000000000600e-03
9.045499999999999721e-03
1.041695999999999941e-02
1.024364000000000004e-02
1.181024999999999957e-02
1.333627000000000076e-02
1.773448000000000038e-02
1.766853000000000173e-02
2.259105999999999961e-02
2.657959999999999837e-02
2.032876000000000127e-02
1.899616999999999972e-02
1.362676999999999986e-02
1.271799000000000020e-02
1.697479000000000002e-02
2.893466999999999914e-02
4.241518999999999845e-02
5.465583000000000247e-02
7.086868000000000334e-02
7.483674999999999355e-02
7.752001000000000031e-02
8.160415000000000030e-02
3.970777000000000334e-02
9.545210000000000153e-03
