2.363341999999999873e-02
4.190759000000000151e-02
3.092191000000000037e-02
1.480242000000000016e-02
1.158879999999999980e-02
2.058507999999999866e-02
3.068836000000000133e-02
2.849041000000000073e-02
2.522237000000000090e-02
2.057455999999999868e-02
1.399367999999999966e-02
1.183524000000000034e-02
1.341632000000000068e-02
1.884981000000000156e-02
2.991879000000000066e-02
2.249918000000000057e-02
1.559298999999999928e-02
2.039668000000000037e-02
2.360879999999999923e-02
2.424822000000000088e-02
3.093421999999999839e-02
1.704494999999999968e-02
2.637592999999999882e-02
5.577992999999999840e-02
6.153692000000000190e-02
6.542035999999999685e-02
4.189201000000000036e-02
1.376986000000000009e-02
1.377800000000000032e-02
2.638242000000000018e-02
3.838437000000000099e-02
4.640683999999999781e-02
7.261631000000000336e-02
7.284669000000000560e-02
1.028542100000000015e-01
1.099012800000000040e-01
8.862865000000000326e-02
5.798749999999999738e-02
2.870960999999999999e-02
4.916894000000000126e-02
1.514042499999999902e-01
3.550556599999999952e-01
4.956213500000000161e-01
5.285601599999999456e-01
5.249873400000000245e-01
4.705572100000000035e-01
3.406780099999999756e-01
2.928890599999999789e-01
1.814102200000000109e-01
5.319528999999999924e-02
2.346799000000000107e-02
2.167958000000000038e-02
2.660722000000000087e-02
4.590110000000000023e-02
9.990213000000000565e-02
1.868285199999999979e-01
1.408439099999999888e-01
1.205202499999999954e-01
1.209656399999999993e-01
1.424607599999999918e-01
1.168732100000000051e-01
6.668240999999999752e-02
4.150088999999999861e-02
2.231369999999999881e-02
