7.325009999999999855e-03
8.675520000000000800e-03
8.696300000000000557e-03
9.071320000000000772e-03
8.713979999999999643e-03
8.774880000000000527e-03
8.381229999999999930e-03
8.234520000000000381e-03
8.699739999999999210e-03
9.638080000000000258e-03
9.854510000000000353e-03
9.873059999999999475e-03
8.748640000000000236e-03
8.327889999999999252e-03
8.689189999999999414e-03
9.432990000000000472e-03
8.974150000000000182e-03
8.711240000000000303e-03
8.560730000000000769e-03
9.033100000000000504e-03
9.279509999999999495e-03
1.052348999999999993e-02
1.161687999999999957e-02
9.953850000000000198e-03
9.130110000000000309e-03
9.000990000000000379e-03
9.365359999999999657e-03
9.653310000000000016e-03
1.010727999999999974e-02
9.703889999999999738e-03
9.025510000000000477e-03
8.474189999999999501e-03
9.249920000000000017e-03
9.679639999999999772e-03
8.911330000000000293e-03
9.391679999999999473e-03
9.776059999999999611e-03
1.028403999999999950e-02
9.715780000000000249e-03
8.795320000000000568e-03
8.652039999999999731e-03
8.848029999999999784e-03
9.315459999999999366e-03
9.271450000000000524e-03
9.265759999999999622e-03
9.703170000000000545e-03
1.022904999999999995e-02
1.087664999999999986e-02
1.080856000000000004e-02
1.494054000000000042e-02
1.654380999999999907e-02
1.549269999999999987e-02
1.311632000000000076e-02
1.253867999999999996e-02
1.269016000000000068e-02
1.612277000000000154e-02
2.648667999999999856e-02
3.832108000000000042e-02
4.683060000000000000e-02
5.191475999999999730e-02
6.386706000000000327e-02
7.078462000000000642e-02
6.303435000000000288e-02
9.645759999999999751e-03
