8.273829999999999379e-03
9.056160000000000598e-03
8.385099999999999498e-03
8.505320000000000241e-03
8.330229999999999232e-03
8.380630000000000024e-03
8.435840000000000005e-03
8.422499999999999432e-03
8.571030000000000315e-03
8.621969999999999634e-03
8.539710000000000703e-03
8.699669999999999626e-03
9.535309999999999966e-03
1.042276999999999960e-02
1.082401000000000023e-02
9.466969999999999899e-03
8.709150000000000572e-03
8.712499999999999759e-03
9.138920000000000030e-03
9.232809999999999281e-03
9.253449999999999870e-03
1.008335999999999955e-02
9.333730000000000152e-03
9.306989999999999361e-03
1.104070000000000051e-02
1.038705000000000010e-02
1.193662000000000022e-02
9.804300000000000168e-03
1.084604999999999944e-02
1.485375000000000063e-02
1.656946000000000113e-02
2.361600000000000157e-02
2.734204000000000148e-02
2.946591999999999961e-02
2.165034999999999876e-02
1.394127000000000040e-02
1.582215000000000010e-02
1.507638000000000034e-02
9.406120000000000453e-03
1.067677000000000036e-02
1.005283000000000045e-02
1.260312000000000064e-02
1.622389999999999943e-02
1.099458000000000032e-02
1.002660000000000010e-02
1.193834000000000041e-02
1.177383000000000075e-02
1.200388999999999970e-02
8.840229999999999269e-03
8.548339999999999758e-03
8.549849999999999464e-03
9.882699999999999471e-03
8.874190000000000550e-03
9.182370000000000462e-03
9.425410000000000385e-03
9.001910000000000120e-03
9.014750000000000194e-03
8.834039999999999601e-03
9.012960000000000416e-03
8.108100000000000029e-03
8.463180000000000702e-03
9.346550000000000344e-03
8.467999999999999833e-03
7.455609999999999668e-03
