7.330579999999999735e-03
9.102809999999999374e-03
9.754820000000000851e-03
1.119450999999999953e-02
1.429448000000000003e-02
1.604970999999999828e-02
1.590162999999999993e-02
1.399863999999999969e-02
1.197730999999999969e-02
9.544779999999999237e-03
9.979840000000000239e-03
1.307074000000000083e-02
9.661430000000000365e-03
1.075200999999999935e-02
8.653680000000000400e-03
1.107347000000000019e-02
1.317747000000000016e-02
1.297883000000000023e-02
1.253193000000000015e-02
1.231004999999999946e-02
1.094627999999999921e-02
9.434259999999999868e-03
1.155939999999999919e-02
1.239184999999999939e-02
9.267020000000000812e-03
1.190432999999999943e-02
1.079029999999999920e-02
1.425722999999999921e-02
1.355285999999999991e-02
9.282999999999999585e-03
1.015520999999999958e-02
1.081890999999999929e-02
1.346872999999999994e-02
1.666263000000000119e-02
1.710818000000000061e-02
1.477391999999999941e-02
9.809729999999999145e-03
1.473117999999999997e-02
2.065602999999999884e-02
1.807165999999999981e-02
1.465465999999999991e-02
1.500430999999999987e-02
1.691969000000000112e-02
2.036376000000000158e-02
2.803502000000000077e-02
2.128740000000000146e-02
1.404885999999999982e-02
1.384491000000000020e-02
1.407303000000000026e-02
3.206859000000000098e-02
5.562745000000000190e-02
7.464977999999999891e-02
9.247993999999999659e-02
1.158476799999999945e-01
1.292095500000000063e-01
9.534338000000000535e-02
5.742093999999999671e-02
3.890322999999999698e-02
3.397262000000000198e-02
3.051836000000000132e-02
2.541107999999999909e-02
1.371159999999999914e-02
8.778299999999999298e-03
8.991449999999999790e-03
