9.976149999999999601e-03
1.679891999999999844e-02
1.552430999999999950e-02
1.399941000000000033e-02
1.682403000000000023e-02
1.213759000000000018e-02
1.730440999999999924e-02
1.731332999999999830e-02
1.210410999999999952e-02
1.375690000000000072e-02
1.759934999999999972e-02
1.967423000000000088e-02
2.365677999999999878e-02
2.343241999999999894e-02
2.151068999999999898e-02
1.763823000000000127e-02
1.406508000000000064e-02
1.829336000000000156e-02
2.680309000000000164e-02
4.461993999999999683e-02
3.604936000000000251e-02
1.739637999999999948e-02
1.756680999999999868e-02
1.938410000000000133e-02
3.325245000000000284e-02
4.623286000000000062e-02
3.138391000000000097e-02
1.546791999999999959e-02
1.478991999999999980e-02
2.563937999999999981e-02
1.662115999999999941e-02
2.197212999999999944e-02
2.534205999999999959e-02
1.363463999999999995e-02
2.424335000000000032e-02
3.104764000000000135e-02
2.310239999999999863e-02
1.789813999999999988e-02
2.317763999999999935e-02
3.610780000000000239e-02
4.552405000000000340e-02
3.088273000000000060e-02
1.884248000000000173e-02
1.779856999999999967e-02
3.023514999999999883e-02
4.896889000000000103e-02
8.272427999999999726e-02
8.065355999999999914e-02
5.207495000000000179e-02
8.690796000000000632e-02
1.008834799999999976e-01
1.023089999999999972e-01
9.570051000000000252e-02
9.121260999999999952e-02
3.284271999999999886e-02
3.267579999999999790e-02
5.673612000000000100e-02
9.750406000000000351e-02
1.803861099999999884e-01
2.632999400000000101e-01
4.154622600000000276e-01
5.140115600000000340e-01
5.547612899999999625e-01
2.557997999999999869e-02
