8.786620000000000194e-03
2.070717000000000044e-02
4.092061999999999783e-02
5.030409999999999743e-02
6.418939999999999368e-02
7.107351000000000640e-02
7.065274000000000554e-02
5.855754999999999988e-02
3.823678999999999967e-02
3.231035000000000157e-02
2.461458000000000049e-02
1.772993999999999959e-02
1.289007000000000000e-02
9.294310000000000072e-03
1.031384999999999941e-02
1.018503999999999937e-02
1.223599000000000041e-02
1.687429000000000012e-02
1.831730000000000164e-02
1.445105999999999995e-02
1.613677999999999987e-02
1.671923000000000159e-02
1.190144999999999918e-02
9.991500000000000381e-03
9.489799999999999625e-03
1.011271000000000045e-02
9.054559999999999692e-03
9.191589999999999483e-03
9.579560000000000852e-03
1.131421999999999983e-02
8.847999999999999962e-03
8.572609999999999605e-03
8.974819999999999673e-03
8.491280000000000355e-03
8.113540000000000682e-03
8.911590000000000483e-03
8.415199999999999417e-03
8.792430000000000384e-03
9.766959999999999878e-03
1.085996000000000010e-02
8.594269999999999340e-03
9.389250000000000027e-03
9.235089999999999619e-03
1.012970000000000016e-02
1.029555000000000053e-02
1.117560000000000081e-02
1.015463999999999950e-02
9.012350000000000569e-03
8.383770000000000458e-03
8.337479999999999544e-03
8.467219999999999261e-03
8.920179999999999776e-03
9.268580000000000221e-03
8.788239999999999247e-03
9.113309999999999467e-03
8.749530000000000154e-03
9.384689999999999352e-03
1.112051000000000012e-02
1.043233000000000008e-02
8.989640000000000131e-03
8.394040000000000182e-03
8.343180000000000388e-03
8.175480000000000594e-03
8.196419999999999401e-03
