7.604679999999999947e-03
1.022997999999999963e-02
9.089569999999999941e-03
8.797610000000000846e-03
9.107499999999999277e-03
9.788550000000000029e-03
8.656809999999999158e-03
8.910660000000000802e-03
8.412309999999999233e-03
8.906590000000000687e-03
9.440449999999999536e-03
9.387720000000000439e-03
1.084879000000000052e-02
1.303696000000000021e-02
1.231077000000000039e-02
1.178505000000000004e-02
8.514910000000000534e-03
9.051079999999999542e-03
9.769019999999999787e-03
1.053778000000000006e-02
9.945320000000000549e-03
1.273115000000000011e-02
1.300131000000000030e-02
1.299113999999999998e-02
1.366335999999999939e-02
1.492098000000000035e-02
1.046159999999999972e-02
9.899250000000000063e-03
1.267170999999999922e-02
1.953007999999999827e-02
2.146009999999999932e-02
2.516936999999999994e-02
3.960890999999999718e-02
4.941678000000000043e-02
3.206536000000000108e-02
2.958459000000000089e-02
2.335653999999999855e-02
1.282961999999999991e-02
1.003625999999999997e-02
9.468769999999999618e-03
8.911459999999999521e-03
9.801169999999999674e-03
1.021419999999999967e-02
2.267929000000000125e-02
1.305357000000000045e-02
1.596061999999999828e-02
1.924943999999999961e-02
1.773268000000000066e-02
9.630160000000000456e-03
8.898899999999999519e-03
8.586200000000000429e-03
1.009763999999999974e-02
8.657210000000000252e-03
9.807800000000000198e-03
1.126051999999999956e-02
1.085012999999999950e-02
1.114109999999999927e-02
1.326483999999999996e-02
1.062642999999999921e-02
8.945730000000000695e-03
8.686819999999999611e-03
8.674990000000000478e-03
8.320670000000000496e-03
7.497359999999999788e-03
