1.625311999999999937e-02
4.920515000000000305e-02
8.853447000000000400e-02
1.107369500000000007e-01
1.380686000000000135e-01
1.438325500000000035e-01
1.243171200000000032e-01
1.027353800000000011e-01
6.531560999999999617e-02
5.386532000000000125e-02
5.304822000000000010e-02
3.074280000000000068e-02
1.978672999999999890e-02
1.323469000000000034e-02
1.289683999999999969e-02
1.132178999999999998e-02
1.753089000000000036e-02
2.719361000000000000e-02
2.480051000000000130e-02
2.517364000000000060e-02
3.494268999999999847e-02
3.532849999999999879e-02
2.637828000000000048e-02
1.856212999999999960e-02
1.363681999999999915e-02
1.092527000000000081e-02
1.226005999999999971e-02
1.176825999999999914e-02
1.402072000000000040e-02
1.812574000000000130e-02
1.124087999999999997e-02
1.012640000000000068e-02
1.016156999999999998e-02
8.608630000000000795e-03
1.001480000000000078e-02
1.093174000000000055e-02
1.003253999999999951e-02
9.856959999999999680e-03
1.371203000000000005e-02
1.504024999999999980e-02
1.275547999999999960e-02
1.370995000000000026e-02
1.097618000000000031e-02
1.115162999999999918e-02
1.215281000000000000e-02
1.754446999999999951e-02
1.504729999999999956e-02
1.060659000000000081e-02
9.145379999999999829e-03
8.718939999999999677e-03
9.525749999999999496e-03
1.225469000000000037e-02
1.311784000000000040e-02
1.211104999999999994e-02
1.067060000000000057e-02
1.051942999999999975e-02
1.364071000000000033e-02
1.554204999999999996e-02
1.329006999999999931e-02
1.056497999999999986e-02
1.127151000000000021e-02
8.772959999999999786e-03
9.028609999999999414e-03
9.677349999999999494e-03
