1.676905999999999952e-01
6.907944099999999699e-01
7.346761200000000436e-01
7.192205799999999982e-01
6.474859699999999663e-01
6.078395800000000460e-01
4.999733900000000175e-01
2.618474100000000027e-01
1.140536999999999940e-01
8.405163000000000217e-02
4.737211999999999673e-02
4.174826000000000231e-02
6.654619000000000506e-02
1.162387500000000018e-01
1.672395600000000093e-01
2.344326999999999939e-01
2.569715100000000141e-01
2.945411199999999896e-01
1.840248300000000004e-01
1.005001699999999998e-01
5.025189000000000045e-02
2.493549999999999933e-02
2.308061999999999961e-02
3.029671000000000100e-02
5.509847999999999829e-02
6.668118000000000656e-02
2.596069999999999975e-02
1.843461999999999879e-02
2.664253000000000107e-02
3.218843999999999872e-02
3.428641999999999801e-02
4.032021000000000216e-02
3.006141000000000021e-02
1.923798999999999995e-02
2.490049000000000082e-02
2.174341999999999941e-02
1.843759999999999843e-02
2.880175999999999917e-02
3.055008000000000029e-02
3.015315999999999830e-02
1.705554000000000098e-02
2.459292999999999896e-02
6.981626000000000498e-02
7.165850999999999471e-02
9.741271999999999431e-02
2.766050999999999926e-02
1.842459000000000111e-02
2.837038999999999880e-02
3.667813000000000323e-02
3.602770000000000278e-02
2.487935000000000146e-02
1.755657000000000051e-02
1.568144000000000135e-02
2.237280000000000171e-02
2.997961999999999849e-02
4.079972999999999933e-02
3.962057000000000079e-02
3.541765000000000191e-02
3.298654000000000169e-02
2.514974999999999850e-02
2.624266999999999919e-02
3.594957000000000014e-02
2.647417000000000173e-02
2.948782000000000139e-02
