1.272383000000000021e-02
3.512943999999999789e-02
5.529677000000000203e-02
6.208589999999999942e-02
7.420743000000000478e-02
7.421096000000000636e-02
6.889776000000000233e-02
4.844524000000000052e-02
3.381968999999999947e-02
3.012505999999999864e-02
2.520139000000000060e-02
1.330069000000000043e-02
1.043572000000000076e-02
9.894860000000000114e-03
1.328522000000000036e-02
1.509396000000000002e-02
1.606849000000000124e-02
2.340648000000000034e-02
2.290154000000000148e-02
1.692172999999999941e-02
1.891392000000000073e-02
1.754812999999999859e-02
1.177780999999999967e-02
9.621859999999999441e-03
9.728000000000000536e-03
9.473850000000000673e-03
9.240540000000000212e-03
9.267890000000000850e-03
9.881239999999999468e-03
1.177582999999999928e-02
1.080912000000000019e-02
9.761529999999999166e-03
9.101279999999999787e-03
8.724259999999999307e-03
8.625920000000000462e-03
9.092799999999999841e-03
8.738910000000000775e-03
8.730430000000000829e-03
9.295990000000000503e-03
1.227495999999999969e-02
9.520789999999999462e-03
1.029766000000000015e-02
9.072000000000000203e-03
1.024863999999999983e-02
1.129656000000000063e-02
1.133764999999999946e-02
9.766930000000000056e-03
9.912330000000000446e-03
8.974110000000000420e-03
8.991670000000000218e-03
8.750779999999999670e-03
9.310930000000000248e-03
9.354350000000000859e-03
9.496799999999999686e-03
9.572699999999999959e-03
8.956799999999999137e-03
9.808110000000000092e-03
1.260090999999999989e-02
1.273611000000000014e-02
9.713489999999999971e-03
9.135050000000000461e-03
9.346339999999999856e-03
9.132549999999999696e-03
9.279660000000000339e-03
