8.026149999999999257e-03
9.258560000000000748e-03
9.017449999999999771e-03
8.764700000000000268e-03
8.300719999999999280e-03
9.436790000000000456e-03
9.566959999999999353e-03
1.039838000000000047e-02
1.194951999999999993e-02
1.128205000000000006e-02
8.879869999999999777e-03
8.788499999999999437e-03
8.562610000000000013e-03
9.966279999999999237e-03
9.931090000000000056e-03
1.072303999999999966e-02
9.723940000000000361e-03
8.937850000000000655e-03
8.383589999999999792e-03
9.214339999999999684e-03
9.773030000000000259e-03
1.176011000000000070e-02
1.269786000000000005e-02
9.058550000000000282e-03
9.123749999999999916e-03
1.100051999999999974e-02
1.210445999999999918e-02
1.077521000000000034e-02
8.814000000000000654e-03
8.680310000000000109e-03
9.796130000000000115e-03
1.008689999999999934e-02
9.592830000000000107e-03
1.067979999999999971e-02
1.251023000000000066e-02
1.208628999999999953e-02
8.741199999999999318e-03
1.027874999999999969e-02
1.046593000000000002e-02
9.197089999999999779e-03
8.333059999999999773e-03
9.323049999999999393e-03
1.017657999999999931e-02
1.131160999999999972e-02
1.157390999999999975e-02
1.348438000000000067e-02
1.888309000000000168e-02
2.257775999999999880e-02
1.594245999999999858e-02
1.175962000000000014e-02
1.003567000000000001e-02
1.178615000000000045e-02
1.249985999999999979e-02
1.870368999999999851e-02
3.293419000000000207e-02
3.384575000000000083e-02
3.845774999999999888e-02
4.105066999999999744e-02
4.265831999999999957e-02
4.084099000000000063e-02
3.556145000000000139e-02
2.677886999999999976e-02
1.611034999999999898e-02
8.398789999999999728e-03
