1.166191999999999923e-02
4.373124999999999929e-02
4.715509999999999841e-02
3.103911999999999990e-02
1.641439000000000092e-02
1.547144999999999944e-02
1.378443000000000029e-02
4.145679000000000031e-02
6.563201999999999925e-02
1.285677100000000017e-01
1.491589399999999899e-01
1.812863500000000128e-01
1.856702899999999878e-01
1.832889799999999902e-01
1.168857499999999966e-01
8.559638999999999442e-02
6.281636000000000164e-02
2.817122999999999849e-02
1.538715000000000048e-02
1.149688999999999919e-02
1.306363999999999963e-02
1.267960999999999915e-02
1.818679000000000129e-02
2.679540000000000047e-02
4.810989000000000237e-02
5.478447000000000178e-02
3.837894000000000028e-02
2.020382999999999901e-02
1.444608999999999997e-02
1.082337000000000056e-02
1.268453999999999936e-02
1.432710000000000060e-02
1.489368999999999936e-02
1.872812999999999908e-02
1.964412999999999923e-02
1.400119000000000016e-02
1.355192000000000029e-02
1.644411000000000136e-02
1.452664000000000039e-02
1.355690000000000020e-02
1.160600999999999994e-02
1.237620000000000040e-02
1.048975000000000081e-02
1.230859999999999940e-02
1.159392000000000061e-02
1.605890999999999916e-02
1.329462000000000005e-02
1.169241000000000030e-02
1.079792000000000078e-02
1.225249999999999950e-02
1.639381000000000171e-02
2.012877999999999890e-02
1.683234999999999940e-02
1.093413000000000024e-02
1.114087000000000063e-02
1.166651999999999967e-02
9.924320000000000364e-03
1.172859000000000054e-02
1.458534000000000046e-02
1.393022000000000010e-02
1.114470000000000044e-02
1.245034000000000071e-02
1.112196000000000018e-02
9.858250000000000693e-03
