3.032802000000000067e-02
6.008328999999999753e-02
8.147535000000000194e-02
8.307367000000000223e-02
7.342970000000000053e-02
6.779200999999999977e-02
5.686580000000000107e-02
3.388643000000000211e-02
2.197297000000000139e-02
1.587295999999999846e-02
1.397319999999999986e-02
1.033235000000000056e-02
1.117103000000000020e-02
1.244722000000000016e-02
1.382976999999999991e-02
1.800345999999999891e-02
1.976659999999999875e-02
2.605346999999999871e-02
2.221797000000000008e-02
1.509605999999999969e-02
1.276130999999999967e-02
1.045003000000000078e-02
9.503279999999999367e-03
1.029205000000000050e-02
1.136127999999999964e-02
1.144751999999999922e-02
8.607889999999999986e-03
8.950839999999999838e-03
1.006786999999999960e-02
1.039065999999999948e-02
9.286720000000000044e-03
9.316790000000000141e-03
9.273190000000000599e-03
8.933699999999999281e-03
9.351999999999999202e-03
8.924140000000000544e-03
8.674859999999999516e-03
9.388979999999999895e-03
9.806370000000000017e-03
1.077486000000000069e-02
8.427010000000000403e-03
9.874209999999999585e-03
1.141286000000000037e-02
1.123542999999999938e-02
1.199925999999999944e-02
9.876229999999999731e-03
8.698050000000000573e-03
9.062189999999999482e-03
9.618689999999999185e-03
9.529410000000000311e-03
9.613659999999999567e-03
8.880229999999999374e-03
8.740750000000000255e-03
8.686889999999999196e-03
9.454900000000000457e-03
1.026116000000000007e-02
1.054935000000000074e-02
1.006246000000000050e-02
1.057540000000000043e-02
8.996449999999999586e-03
8.951519999999999269e-03
9.660429999999999365e-03
9.123410000000000200e-03
8.724749999999999867e-03
