1.169928999999999934e-02
2.197299999999999948e-02
2.676560999999999871e-02
2.096717000000000025e-02
2.255404000000000089e-02
2.357284999999999936e-02
1.407308999999999991e-02
1.115619999999999980e-02
2.181628999999999860e-02
3.651676000000000227e-02
4.936076999999999826e-02
7.189247999999999472e-02
9.457801000000000402e-02
1.042383199999999954e-01
8.971730999999999456e-02
9.092034000000000227e-02
7.160909999999999498e-02
3.660929000000000266e-02
1.956507999999999858e-02
1.070019999999999999e-02
1.004378000000000042e-02
1.100113999999999953e-02
1.517903999999999955e-02
2.086216999999999933e-02
3.154492999999999880e-02
3.389658000000000254e-02
3.370771999999999657e-02
2.796181000000000014e-02
1.984551000000000023e-02
1.187689999999999926e-02
1.053193000000000011e-02
1.056739999999999936e-02
1.460272999999999953e-02
1.591783999999999907e-02
1.498561999999999984e-02
1.198491999999999960e-02
1.172643999999999943e-02
1.119232000000000039e-02
1.169966000000000061e-02
1.215293999999999923e-02
1.042682999999999978e-02
9.826790000000000178e-03
8.586059999999999526e-03
9.263129999999999628e-03
9.555110000000000339e-03
1.158071999999999921e-02
1.309707000000000059e-02
1.137351999999999981e-02
1.195017999999999948e-02
1.011272000000000039e-02
1.101343999999999934e-02
1.274590999999999918e-02
1.354135000000000061e-02
1.343718999999999990e-02
1.194954999999999976e-02
1.022258000000000021e-02
8.671569999999999973e-03
9.136750000000000774e-03
1.098456000000000085e-02
1.085677999999999990e-02
1.325385999999999925e-02
1.249380999999999929e-02
9.969610000000000277e-03
9.064660000000000425e-03
