2.358224999999999905e-02
5.929733000000000226e-02
9.248011999999999899e-02
1.521004099999999915e-01
1.611885700000000032e-01
1.597345599999999977e-01
3.125305999999999917e-02
6.149733000000000283e-02
8.033629999999999938e-02
3.853961000000000192e-02
5.311475000000000224e-02
6.809316999999999453e-02
4.701741999999999727e-02
4.921591000000000160e-02
7.582814999999999694e-02
8.324995999999999785e-02
6.791427999999999354e-02
7.732645999999999964e-02
1.159259200000000017e-01
2.076764899999999914e-01
2.986954499999999735e-01
2.357838299999999998e-01
1.140822600000000048e-01
4.859395999999999854e-02
8.938393000000000033e-02
1.242237800000000059e-01
1.451076900000000114e-01
2.371102700000000119e-01
1.490087499999999954e-01
3.514146200000000109e-01
4.352597899999999798e-01
4.423669299999999915e-01
4.269481900000000052e-01
8.600910000000000499e-02
1.124329000000000023e-01
3.662215200000000226e-01
7.130069100000000493e-01
8.777262000000000119e-01
1.002062320000000062e+00
9.563134300000000199e-01
9.193159899999999718e-01
8.824433099999999808e-01
7.541047300000000009e-01
4.702575500000000241e-01
1.157425100000000068e-01
4.172092000000000162e-02
3.592180999999999846e-02
8.931775000000000131e-02
1.569042800000000071e-01
2.551049599999999917e-01
3.849271200000000115e-01
5.792587399999999942e-01
5.719716000000000244e-01
5.071517199999999725e-01
3.103530400000000244e-01
2.074316900000000019e-01
1.436319899999999872e-01
5.214016999999999957e-02
4.576804999999999762e-02
8.098035000000000649e-02
1.045673899999999962e-01
1.942393199999999931e-01
2.331094400000000011e-01
6.342016000000000320e-02
