8.721549999999999789e-03
1.317178999999999919e-02
1.580787999999999985e-02
2.404697000000000084e-02
3.764721000000000040e-02
4.409688999999999970e-02
4.786141000000000006e-02
4.770111999999999963e-02
5.032865000000000255e-02
4.900782000000000055e-02
4.371610000000000079e-02
2.532436000000000062e-02
1.779845999999999859e-02
1.363160000000000066e-02
9.886249999999999205e-03
9.675819999999999907e-03
1.017723000000000065e-02
1.095279000000000044e-02
1.265979000000000063e-02
1.342854999999999917e-02
1.673031000000000171e-02
1.849071000000000048e-02
1.497686999999999977e-02
1.133644999999999965e-02
1.128036999999999963e-02
1.073811000000000036e-02
1.080973999999999997e-02
9.356200000000000280e-03
9.743629999999999652e-03
1.055082000000000068e-02
9.594560000000000241e-03
8.872980000000000797e-03
8.997869999999999827e-03
8.585900000000000476e-03
8.805949999999999889e-03
9.452649999999999941e-03
9.640239999999999573e-03
9.810320000000000845e-03
9.220420000000000005e-03
8.950210000000000110e-03
8.834039999999999601e-03
9.691150000000000805e-03
9.768550000000000844e-03
9.058719999999999273e-03
8.735390000000000862e-03
9.434970000000000856e-03
9.776750000000000718e-03
9.700669999999999779e-03
9.242659999999999765e-03
9.386290000000000258e-03
8.458860000000000337e-03
8.632159999999999833e-03
9.837510000000000698e-03
1.097000000000000058e-02
1.035328999999999937e-02
9.544040000000000162e-03
9.422059999999999463e-03
9.406549999999999634e-03
9.326990000000000280e-03
8.759579999999999450e-03
9.043890000000000609e-03
8.862989999999999410e-03
9.638779999999999570e-03
8.058140000000000094e-03
