1.149847000000000022e-02
2.824373000000000161e-02
4.519572000000000173e-02
4.052506000000000164e-02
6.677484000000000197e-02
9.172573000000000532e-02
7.145063000000000109e-02
4.607925999999999689e-02
2.921042999999999903e-02
1.081125999999999962e-02
1.485022000000000078e-02
5.073185999999999668e-02
1.340319700000000003e-01
2.101887199999999956e-01
2.615167500000000200e-01
3.226031699999999947e-01
3.083770599999999806e-01
2.239683899999999894e-01
1.687702700000000000e-01
8.018316000000000332e-02
4.509711000000000275e-02
2.276689999999999964e-02
1.570003999999999844e-02
1.563397000000000051e-02
2.604508999999999991e-02
3.212625999999999676e-02
5.097319000000000155e-02
7.356519000000000252e-02
6.801329999999999876e-02
6.621865000000000390e-02
5.878175000000000067e-02
3.376877999999999824e-02
3.010113999999999845e-02
2.732584999999999875e-02
2.496454999999999855e-02
3.055721000000000132e-02
1.923265000000000044e-02
1.070089999999999930e-02
1.253350999999999944e-02
1.616913000000000031e-02
2.024671999999999930e-02
1.243557999999999990e-02
1.119794999999999992e-02
1.323516999999999923e-02
1.166117000000000022e-02
9.896079999999999807e-03
1.189353999999999932e-02
1.960386999999999894e-02
2.997106000000000076e-02
2.379161999999999944e-02
1.768163000000000026e-02
1.155310000000000017e-02
9.937750000000000403e-03
1.467243000000000019e-02
1.822529000000000163e-02
1.434990000000000050e-02
2.114736999999999867e-02
1.442506999999999991e-02
1.002785999999999955e-02
1.314205000000000061e-02
1.420269000000000045e-02
1.313776000000000006e-02
1.663728000000000082e-02
1.184976000000000085e-02
