8.835420000000000079e-03
1.066619000000000074e-02
9.608840000000000436e-03
9.765199999999999922e-03
1.064231000000000031e-02
9.620880000000000057e-03
8.604650000000000146e-03
8.199780000000000263e-03
8.863199999999999898e-03
1.003611000000000086e-02
1.144305999999999969e-02
1.324396000000000080e-02
1.296329000000000058e-02
1.115081000000000058e-02
1.095193000000000035e-02
1.027811000000000002e-02
9.109610000000000624e-03
1.047738999999999962e-02
1.268949999999999939e-02
1.377588000000000076e-02
1.344274999999999984e-02
1.499734999999999957e-02
1.670995000000000119e-02
1.310768999999999997e-02
1.212249999999999960e-02
1.371978000000000086e-02
1.041465999999999920e-02
1.118353000000000055e-02
1.211474000000000058e-02
1.313201999999999946e-02
1.094749000000000069e-02
8.922619999999999163e-03
1.012130999999999968e-02
1.082887000000000086e-02
1.189769000000000070e-02
1.449039000000000056e-02
1.233709000000000021e-02
1.470977000000000048e-02
1.907806000000000085e-02
1.841318999999999942e-02
1.464490000000000063e-02
1.065624000000000085e-02
9.306089999999999501e-03
1.332401000000000071e-02
2.287559999999999941e-02
2.935828999999999869e-02
3.118864999999999832e-02
2.589717000000000061e-02
1.617296000000000011e-02
2.526168000000000163e-02
2.894151000000000015e-02
2.620903000000000121e-02
1.863526000000000071e-02
1.543009000000000047e-02
1.284563000000000024e-02
1.873183999999999960e-02
3.930759999999999810e-02
6.600250000000000561e-02
8.693201000000000400e-02
9.507780000000000398e-02
1.226667800000000030e-01
1.368516499999999914e-01
9.089672999999999503e-02
1.070147999999999933e-02
