7.263079999999999883e-03
2.976503999999999955e-02
2.407402999999999973e-02
1.927287999999999918e-02
1.349588000000000003e-02
9.150790000000000660e-03
9.559639999999999457e-03
1.000330999999999963e-02
8.098279999999999368e-03
9.121010000000000575e-03
1.003591000000000032e-02
1.059376000000000068e-02
1.073596999999999919e-02
1.585707000000000089e-02
1.966481000000000132e-02
1.517286999999999976e-02
1.245220000000000007e-02
1.049807999999999991e-02
1.049347999999999947e-02
9.754489999999999342e-03
9.925039999999999557e-03
9.745149999999999299e-03
9.119320000000000204e-03
8.538459999999999453e-03
8.230259999999999659e-03
8.684670000000000237e-03
9.109209999999999530e-03
9.069169999999999662e-03
8.737790000000000487e-03
8.907679999999999418e-03
8.480579999999999716e-03
8.278699999999999948e-03
8.386440000000000214e-03
8.831540000000000570e-03
9.098159999999999234e-03
8.829880000000000020e-03
8.152879999999999502e-03
8.225639999999999341e-03
8.366679999999999603e-03
8.713449999999999321e-03
8.832170000000000298e-03
8.213150000000000658e-03
8.547449999999999840e-03
8.170669999999999669e-03
8.187559999999999977e-03
9.026019999999999183e-03
8.875169999999999934e-03
8.800250000000000780e-03
8.775160000000000599e-03
8.915350000000000705e-03
8.671899999999999747e-03
8.267280000000000115e-03
8.438029999999999142e-03
8.482099999999999362e-03
8.477739999999999235e-03
8.678949999999999512e-03
8.566900000000000556e-03
9.095960000000000156e-03
8.962160000000000265e-03
8.210979999999999668e-03
8.197809999999999819e-03
8.632300000000000736e-03
8.180569999999999856e-03
7.355040000000000189e-03
