7.085560000000000296e-03
8.284460000000000435e-03
8.129340000000000524e-03
8.094040000000000262e-03
8.113089999999999885e-03
8.394830000000000694e-03
8.289970000000000672e-03
8.170699999999999491e-03
8.472350000000000020e-03
8.723969999999999295e-03
8.643549999999999844e-03
8.897530000000000716e-03
9.000299999999999273e-03
8.555319999999999939e-03
8.590699999999999725e-03
8.481320000000000525e-03
8.260299999999999934e-03
8.297280000000000627e-03
8.665209999999999579e-03
8.778839999999999560e-03
9.157669999999999699e-03
8.666409999999999392e-03
8.620670000000000416e-03
8.786800000000000860e-03
8.459690000000000612e-03
8.877289999999999487e-03
8.397210000000000438e-03
8.480259999999999881e-03
8.566799999999999415e-03
8.394030000000000241e-03
8.257250000000000700e-03
8.236270000000000396e-03
8.250910000000000188e-03
8.330350000000000255e-03
8.368900000000000297e-03
8.368129999999999666e-03
8.221050000000000579e-03
8.390889999999999807e-03
8.268460000000000046e-03
8.288409999999999528e-03
8.248000000000000123e-03
8.369130000000000666e-03
8.438789999999999833e-03
8.408360000000000140e-03
9.144479999999999970e-03
1.074839000000000003e-02
1.211107999999999976e-02
1.069644999999999971e-02
9.887419999999999196e-03
1.144335999999999964e-02
1.142822999999999929e-02
1.133710999999999920e-02
1.026204000000000005e-02
9.473439999999999639e-03
8.529790000000000635e-03
8.912369999999999320e-03
9.924759999999999485e-03
1.136373000000000071e-02
1.367559999999999956e-02
1.546680999999999924e-02
1.927921000000000148e-02
2.379511999999999947e-02
2.140790000000000054e-02
7.574830000000000278e-03
