8.405060000000000656e-03
9.583229999999999874e-03
1.374493000000000069e-02
1.784675000000000150e-02
2.537789999999999838e-02
2.385552000000000158e-02
1.252789999999999980e-02
1.135888999999999996e-02
1.088070000000000009e-02
9.895920000000000757e-03
1.278805000000000046e-02
1.716523000000000007e-02
1.108274000000000065e-02
9.834229999999999361e-03
9.154910000000000478e-03
1.287178999999999927e-02
1.491524999999999969e-02
1.380277000000000066e-02
1.443369000000000076e-02
1.393374999999999996e-02
2.640806999999999877e-02
2.723147000000000068e-02
2.580094999999999958e-02
1.686657000000000087e-02
1.107784000000000026e-02
1.198567000000000035e-02
1.640812999999999994e-02
2.132896000000000097e-02
1.584914999999999935e-02
1.915475999999999984e-02
2.714079000000000144e-02
4.001144999999999702e-02
4.396291000000000088e-02
2.716394000000000100e-02
1.778624999999999998e-02
1.966808999999999918e-02
2.983270000000000019e-02
8.190121000000000206e-02
1.373351800000000011e-01
1.509728100000000128e-01
1.724624600000000119e-01
1.685638000000000136e-01
1.495533900000000083e-01
1.024596799999999974e-01
5.248424000000000145e-02
2.751827999999999913e-02
1.431931000000000002e-02
1.627239000000000116e-02
1.071725999999999929e-02
1.207885000000000035e-02
1.756987000000000132e-02
2.477396000000000112e-02
3.423350000000000004e-02
4.946948999999999791e-02
4.801000999999999880e-02
6.281248000000000387e-02
3.531642000000000114e-02
1.903722000000000053e-02
1.668036999999999992e-02
1.085575000000000082e-02
9.391780000000000614e-03
1.496763000000000086e-02
1.842260999999999899e-02
1.127677000000000020e-02
