7.849760000000000765e-03
1.439312000000000057e-02
1.685582999999999873e-02
2.224529000000000090e-02
2.629371000000000139e-02
2.583092000000000027e-02
1.748910000000000048e-02
1.103038999999999929e-02
1.294111000000000046e-02
1.621815000000000062e-02
2.440056000000000169e-02
2.454299000000000064e-02
2.649781000000000011e-02
2.946839999999999876e-02
1.476827999999999995e-02
2.771579000000000056e-02
2.477938999999999836e-02
1.264884999999999968e-02
1.327827999999999994e-02
1.535408000000000085e-02
1.274258999999999982e-02
1.452039999999999928e-02
2.779838999999999921e-02
2.185880999999999935e-02
3.140657000000000171e-02
3.991871999999999782e-02
3.951502999999999960e-02
3.962344999999999756e-02
3.220978000000000036e-02
3.516286999999999885e-02
2.384230000000000030e-02
1.689581000000000069e-02
2.746395000000000086e-02
3.256285999999999903e-02
3.363236000000000003e-02
3.898480000000000001e-02
4.683509000000000283e-02
5.975878999999999913e-02
8.185818999999999734e-02
5.510766999999999749e-02
2.741398000000000099e-02
3.456614999999999688e-02
9.478416000000000619e-02
1.453078399999999937e-01
1.964763099999999874e-01
2.648346999999999785e-01
3.249437800000000154e-01
3.320635599999999799e-01
3.057983799999999808e-01
1.820614200000000016e-01
1.692708900000000072e-01
1.080062900000000048e-01
4.281698999999999922e-02
2.893648999999999874e-02
1.908815000000000164e-02
2.423488000000000031e-02
2.471430000000000154e-02
3.202167000000000208e-02
4.422123000000000026e-02
7.501628000000000462e-02
9.803763000000000061e-02
7.189834999999999976e-02
4.138304000000000288e-02
1.561887999999999992e-02
