7.392290000000000146e-03
9.361909999999999329e-03
8.428969999999999171e-03
8.885890000000000455e-03
8.953630000000000616e-03
9.433330000000000187e-03
1.003216000000000004e-02
9.282169999999999310e-03
9.120319999999999469e-03
8.530160000000000173e-03
8.677320000000000519e-03
8.236560000000000409e-03
8.190019999999999245e-03
8.952170000000000613e-03
1.019861000000000031e-02
1.013946999999999939e-02
1.031186000000000082e-02
1.008051000000000086e-02
1.030168000000000056e-02
1.119998999999999995e-02
9.534739999999999882e-03
8.978750000000000620e-03
1.002236999999999920e-02
1.370997000000000014e-02
1.649590999999999905e-02
2.380948000000000092e-02
2.251997999999999847e-02
1.952894000000000158e-02
2.486162000000000094e-02
1.652883999999999950e-02
1.189376999999999969e-02
9.931999999999999856e-03
9.066080000000000666e-03
8.504499999999999907e-03
8.754659999999999179e-03
9.224200000000000108e-03
9.294310000000000072e-03
1.285042999999999949e-02
1.412883000000000021e-02
1.106502000000000006e-02
1.043370000000000061e-02
9.033829999999999638e-03
8.788129999999999900e-03
8.827619999999999564e-03
8.781070000000000195e-03
9.182779999999999762e-03
8.290850000000000650e-03
9.525439999999999602e-03
9.286300000000000804e-03
1.041828000000000025e-02
9.482729999999999979e-03
8.731100000000000319e-03
8.272319999999999673e-03
8.378339999999999746e-03
9.009959999999999150e-03
9.627560000000000284e-03
8.670970000000000066e-03
8.276000000000000370e-03
8.394910000000000219e-03
8.774870000000000586e-03
8.319369999999999543e-03
8.742720000000000699e-03
9.053749999999999298e-03
7.347779999999999936e-03
