1.019849999999999923e-02
1.913615999999999928e-02
1.605788999999999828e-02
1.028430999999999963e-02
8.813100000000000794e-03
1.195198999999999914e-02
2.481248000000000134e-02
3.729927000000000242e-02
5.039147000000000071e-02
6.504878000000000049e-02
6.497588999999999448e-02
6.623200999999999394e-02
5.874263999999999875e-02
5.600981000000000015e-02
3.330713999999999897e-02
2.260960000000000053e-02
1.676373000000000099e-02
1.068488000000000077e-02
9.095930000000000334e-03
9.365439999999999182e-03
1.119924999999999914e-02
1.254847000000000080e-02
1.520459000000000047e-02
2.035160999999999915e-02
2.372619000000000117e-02
2.109553000000000123e-02
1.424794000000000060e-02
9.287270000000000247e-03
9.552569999999999811e-03
9.130040000000000724e-03
9.993600000000000053e-03
9.635249999999999718e-03
9.707069999999999935e-03
1.048961999999999985e-02
1.090822999999999966e-02
9.865779999999999342e-03
9.940400000000000277e-03
9.964850000000000790e-03
9.735729999999999731e-03
9.282139999999999488e-03
8.889019999999999214e-03
9.684579999999999925e-03
9.984369999999999357e-03
9.993729999999999281e-03
9.676179999999999504e-03
9.752790000000000764e-03
9.361710000000000517e-03
8.621379999999999669e-03
9.162729999999999139e-03
1.125399000000000017e-02
1.196094999999999971e-02
1.164083999999999952e-02
9.929820000000000660e-03
8.286460000000000700e-03
9.460959999999999162e-03
1.070193000000000012e-02
9.529569999999999361e-03
8.467280000000000639e-03
1.018269999999999939e-02
9.358629999999999727e-03
8.551879999999999551e-03
1.026672999999999995e-02
1.043003999999999980e-02
8.010740000000000569e-03
