9.385469999999999924e-03
1.189471999999999925e-02
1.090942999999999947e-02
1.036443000000000086e-02
9.094180000000000319e-03
1.072765999999999997e-02
1.448313000000000031e-02
1.871710999999999861e-02
1.722510000000000013e-02
1.324186999999999934e-02
1.074877999999999945e-02
1.057491999999999981e-02
1.086568000000000082e-02
1.110616000000000034e-02
1.276743999999999969e-02
1.543697999999999945e-02
1.115383999999999994e-02
9.745419999999999430e-03
1.144707000000000016e-02
1.376756999999999981e-02
1.333699999999999990e-02
1.744035000000000030e-02
1.698683000000000137e-02
1.335703000000000064e-02
1.128316000000000041e-02
1.612759000000000068e-02
1.457940999999999925e-02
1.235000999999999981e-02
1.036715000000000032e-02
9.946999999999999245e-03
1.024482999999999991e-02
1.139832999999999992e-02
1.393285000000000010e-02
1.568183000000000077e-02
1.985135000000000025e-02
2.043292999999999845e-02
1.375647999999999975e-02
1.426809000000000063e-02
1.188139000000000035e-02
1.514422999999999984e-02
1.531512999999999972e-02
1.971639000000000030e-02
2.875830000000000053e-02
3.619511000000000256e-02
3.959606000000000237e-02
2.724356000000000000e-02
3.163929000000000047e-02
3.066806000000000046e-02
1.745601999999999918e-02
1.587805000000000119e-02
1.750101999999999908e-02
2.961232000000000100e-02
5.033922999999999870e-02
8.431790000000000118e-02
1.357731799999999933e-01
1.475514800000000126e-01
1.583351500000000078e-01
1.518088599999999899e-01
1.383036800000000122e-01
1.109380400000000017e-01
8.429216999999999960e-02
6.125038000000000010e-02
3.169898000000000160e-02
1.222829999999999924e-02
