7.745219999999999709e-03
9.740930000000000075e-03
1.116248000000000067e-02
1.276941000000000014e-02
1.083253999999999988e-02
1.208373000000000086e-02
9.858000000000000443e-03
1.416421999999999994e-02
1.176628000000000049e-02
1.742310999999999860e-02
1.440868000000000010e-02
1.460235999999999999e-02
1.008657999999999950e-02
9.362799999999999248e-03
1.358780000000000057e-02
1.426051000000000055e-02
2.089480999999999977e-02
1.448496999999999979e-02
1.327281999999999941e-02
2.131090000000000068e-02
2.141393999999999936e-02
1.818824999999999956e-02
1.543229999999999949e-02
1.135216999999999997e-02
9.168660000000000351e-03
1.930141000000000148e-02
3.508876999999999829e-02
5.820296999999999971e-02
8.301382999999999679e-02
8.059668000000000387e-02
6.371335999999999666e-02
6.286144999999999927e-02
5.164987000000000050e-02
3.112579000000000040e-02
1.624329000000000051e-02
1.259645000000000035e-02
1.309976000000000022e-02
1.332212999999999974e-02
1.054042999999999994e-02
1.691356000000000109e-02
2.176844000000000001e-02
2.135114999999999930e-02
3.072091000000000058e-02
2.044286000000000020e-02
2.248676000000000147e-02
1.342975000000000071e-02
8.953569999999999238e-03
9.952489999999999601e-03
9.338169999999999804e-03
1.540659999999999946e-02
1.425615000000000042e-02
9.578700000000000755e-03
1.465337000000000063e-02
1.047327999999999974e-02
1.179574000000000074e-02
1.028169999999999952e-02
9.693359999999999824e-03
1.039564999999999934e-02
9.448569999999999885e-03
8.974370000000000611e-03
1.071373999999999937e-02
9.985030000000000641e-03
8.387449999999999420e-03
7.810219999999999663e-03
