8.879980000000000859e-03
9.637520000000000114e-03
1.152264000000000066e-02
8.676059999999999328e-03
8.611940000000000220e-03
8.779709999999999598e-03
8.773649999999999158e-03
1.052111000000000018e-02
1.482818999999999977e-02
1.694388000000000144e-02
1.968092000000000105e-02
2.259726000000000096e-02
2.536265000000000047e-02
2.340187000000000170e-02
1.828518999999999978e-02
1.765906999999999893e-02
1.636972999999999900e-02
1.180749000000000035e-02
9.159550000000000677e-03
9.432309999999999306e-03
8.969770000000000174e-03
8.338639999999999594e-03
8.942500000000000795e-03
9.844449999999999382e-03
1.183838000000000078e-02
1.400930000000000057e-02
1.124597999999999917e-02
1.080881000000000029e-02
1.045016999999999995e-02
8.387389999999999776e-03
8.502739999999999951e-03
8.609379999999999811e-03
8.622819999999999790e-03
1.005692000000000044e-02
1.029934000000000058e-02
9.603070000000000009e-03
8.529149999999999232e-03
8.978919999999999610e-03
9.819440000000000460e-03
8.733770000000000075e-03
8.635280000000000386e-03
9.254139999999999242e-03
8.846089999999999162e-03
8.652780000000000540e-03
8.597600000000000381e-03
9.016959999999999212e-03
9.162079999999999530e-03
9.481770000000000476e-03
9.286579999999999141e-03
9.686349999999999821e-03
9.068520000000000053e-03
9.024050000000000474e-03
1.084236000000000054e-02
8.994099999999999664e-03
8.755380000000000107e-03
8.734260000000000634e-03
8.638089999999999311e-03
9.827260000000000856e-03
9.827380000000000143e-03
8.869159999999999197e-03
9.158289999999999487e-03
1.000116000000000026e-02
9.336590000000000514e-03
7.827439999999999745e-03
