8.812250000000000638e-03
1.336705000000000011e-02
1.178930000000000082e-02
1.024940000000000052e-02
8.604449999999999599e-03
8.833689999999999945e-03
8.580139999999999989e-03
8.264979999999999896e-03
8.255409999999999485e-03
8.789510000000000378e-03
8.798769999999999161e-03
8.891180000000000264e-03
1.002712000000000048e-02
1.107870000000000035e-02
1.142934999999999958e-02
9.907559999999999284e-03
9.281319999999999154e-03
8.980820000000000469e-03
8.702400000000000760e-03
8.648160000000000222e-03
8.750479999999999717e-03
8.570819999999999828e-03
8.486719999999999681e-03
8.303980000000000736e-03
8.301130000000000314e-03
8.510560000000000347e-03
8.374249999999999750e-03
8.290149999999999603e-03
8.504559999999999551e-03
8.341329999999999231e-03
8.429010000000000669e-03
8.329790000000000111e-03
8.420910000000000201e-03
8.629430000000000434e-03
8.608950000000000630e-03
8.708979999999999846e-03
8.413330000000000114e-03
8.379829999999999571e-03
8.644610000000000488e-03
8.368030000000000260e-03
8.339759999999999882e-03
8.111149999999999263e-03
8.271769999999999470e-03
8.113610000000000266e-03
8.127819999999999143e-03
8.404609999999999859e-03
8.663799999999999280e-03
8.316989999999999800e-03
8.144449999999999260e-03
8.158399999999999680e-03
8.321689999999999643e-03
8.207110000000000100e-03
8.282499999999999932e-03
8.581510000000000526e-03
8.421919999999999407e-03
8.235100000000000406e-03
8.318990000000000065e-03
8.158479999999999205e-03
8.284539999999999960e-03
8.222679999999999573e-03
8.090550000000000172e-03
8.138029999999999223e-03
7.931709999999999802e-03
7.237760000000000200e-03
