7.740839999999999700e-03
8.797420000000000240e-03
1.024043999999999996e-02
9.708150000000000460e-03
9.272960000000000230e-03
9.352610000000000784e-03
8.969070000000000861e-03
9.282890000000000238e-03
8.681410000000000515e-03
8.458969999999999684e-03
8.654049999999999937e-03
8.971259999999999998e-03
8.874899999999999803e-03
8.519950000000000093e-03
8.486250000000000737e-03
9.950530000000000833e-03
8.551539999999999836e-03
8.870879999999999391e-03
9.346790000000000653e-03
9.893980000000000136e-03
1.015174999999999932e-02
1.116218000000000071e-02
9.383789999999999493e-03
8.861559999999999229e-03
9.861679999999999405e-03
9.009780000000000219e-03
9.978439999999999879e-03
1.006328000000000084e-02
9.442239999999999314e-03
1.022223000000000055e-02
1.326913000000000051e-02
1.059945999999999978e-02
9.714280000000000484e-03
8.715989999999999849e-03
8.472220000000000792e-03
1.088892999999999979e-02
1.391946999999999976e-02
1.470625000000000057e-02
2.022993000000000013e-02
1.941634000000000068e-02
1.667744000000000171e-02
1.520240999999999953e-02
1.035557999999999965e-02
1.663803999999999977e-02
1.464183999999999972e-02
1.368599000000000031e-02
9.753730000000000386e-03
9.971759999999999652e-03
9.488929999999999587e-03
1.014117999999999964e-02
9.966469999999999843e-03
1.153517000000000084e-02
9.257470000000000282e-03
9.020790000000000752e-03
1.050970000000000029e-02
9.082379999999999273e-03
9.430499999999999647e-03
8.662599999999999467e-03
9.688940000000000052e-03
8.692329999999999848e-03
8.407150000000000387e-03
8.489190000000000624e-03
8.333820000000000464e-03
7.806790000000000083e-03
