9.233770000000000519e-03
1.396889999999999937e-02
1.360385000000000066e-02
1.299428000000000041e-02
1.112748000000000036e-02
1.119168000000000072e-02
1.063936000000000048e-02
9.839159999999999573e-03
8.641309999999999270e-03
8.935669999999999724e-03
9.427200000000000163e-03
8.732379999999999656e-03
8.391630000000000617e-03
8.847680000000000128e-03
1.043324999999999982e-02
1.005353999999999970e-02
9.360469999999999208e-03
8.851190000000000099e-03
8.388609999999999470e-03
7.977460000000000453e-03
8.188710000000000086e-03
8.707750000000000212e-03
8.182560000000000180e-03
8.150080000000000519e-03
8.505389999999999825e-03
8.659550000000000233e-03
8.720870000000000358e-03
8.608769999999999964e-03
8.361689999999999748e-03
8.433219999999999952e-03
8.348390000000000671e-03
8.696250000000000854e-03
8.308090000000000613e-03
8.289019999999999375e-03
8.380210000000000783e-03
8.408530000000000865e-03
8.307639999999999816e-03
8.376039999999999527e-03
8.400460000000000219e-03
8.320030000000000828e-03
8.193779999999999467e-03
8.318839999999999221e-03
8.390039999999999651e-03
8.460399999999999865e-03
8.755439999999999751e-03
8.434779999999999361e-03
8.394439999999999541e-03
8.581609999999999933e-03
8.650059999999999347e-03
8.700809999999999794e-03
8.725790000000000629e-03
8.453379999999999922e-03
8.254749999999999935e-03
8.150950000000000556e-03
8.400819999999999815e-03
8.510089999999999669e-03
8.446199999999999194e-03
8.246299999999999811e-03
8.240700000000000108e-03
8.313559999999999353e-03
8.172089999999999910e-03
8.150549999999999462e-03
8.022319999999999451e-03
7.286710000000000062e-03
