7.490939999999999752e-03
9.164969999999999714e-03
8.804070000000000645e-03
8.733219999999999872e-03
9.031630000000000560e-03
8.737870000000000012e-03
8.612450000000000661e-03
8.461800000000000224e-03
8.173079999999999234e-03
8.396060000000000328e-03
8.796919999999999740e-03
9.533359999999999404e-03
9.490610000000000018e-03
9.479839999999999794e-03
9.067769999999999303e-03
9.086739999999999401e-03
8.401570000000000565e-03
8.451039999999999941e-03
9.288420000000000357e-03
1.078377999999999975e-02
1.049095000000000062e-02
1.064380000000000014e-02
1.059646000000000025e-02
1.027750000000000018e-02
9.527159999999999795e-03
1.166883999999999977e-02
1.017710999999999963e-02
8.629660000000000802e-03
9.744789999999999702e-03
1.060772999999999924e-02
9.018770000000000606e-03
8.753719999999999557e-03
9.312950000000000395e-03
8.731289999999999191e-03
9.179359999999999256e-03
1.036546999999999989e-02
1.026255000000000049e-02
9.865749999999999520e-03
1.011595000000000029e-02
1.051422999999999941e-02
1.023641999999999955e-02
1.027379999999999960e-02
9.640410000000000298e-03
8.745050000000000739e-03
9.126630000000000159e-03
1.109761000000000081e-02
1.152113999999999916e-02
1.143213000000000042e-02
9.493259999999999893e-03
1.344020999999999931e-02
1.632710000000000064e-02
1.615234000000000114e-02
1.320463000000000019e-02
1.247047000000000086e-02
9.279149999999999898e-03
9.388880000000000489e-03
1.107940999999999961e-02
1.726928000000000143e-02
2.252513000000000085e-02
2.825965000000000074e-02
4.188453999999999788e-02
5.545552000000000120e-02
4.369023999999999824e-02
9.197969999999999757e-03
