2.146427999999999878e-02
4.767521000000000259e-02
4.948037000000000268e-02
4.228244999999999920e-02
2.797312000000000062e-02
2.878732999999999986e-02
2.034083000000000072e-02
1.399598999999999982e-02
8.547429999999999958e-03
8.582299999999999304e-03
8.867919999999999622e-03
9.627349999999999797e-03
1.332610000000000045e-02
1.796551000000000051e-02
1.957868999999999929e-02
1.711133000000000098e-02
1.435638000000000018e-02
1.319592999999999981e-02
1.050750999999999942e-02
8.896909999999999194e-03
8.569310000000000122e-03
8.755660000000000179e-03
8.436870000000000827e-03
8.266040000000000540e-03
8.595739999999999284e-03
9.566269999999999982e-03
9.241589999999999180e-03
9.156509999999999649e-03
8.963910000000000280e-03
8.981150000000000244e-03
9.127790000000000209e-03
8.716089999999999255e-03
8.459670000000000731e-03
8.307669999999999638e-03
8.625449999999999784e-03
9.100739999999999524e-03
9.369479999999999476e-03
8.843580000000000191e-03
8.463840000000000252e-03
8.759350000000000816e-03
8.347679999999999684e-03
8.649570000000000522e-03
1.039595999999999923e-02
9.446579999999999561e-03
9.168149999999999911e-03
8.581439999999999207e-03
9.599560000000000037e-03
1.020216000000000005e-02
9.853139999999999815e-03
9.498990000000000558e-03
8.131180000000000005e-03
8.507690000000000044e-03
9.024749999999999786e-03
9.969149999999999540e-03
9.204169999999999366e-03
8.756689999999999266e-03
9.087229999999999960e-03
9.166229999999999170e-03
9.675069999999999157e-03
8.802519999999999442e-03
9.625109999999999222e-03
8.867810000000000276e-03
8.368399999999999797e-03
8.022609999999999464e-03
