7.691100000000000193e-03
8.590870000000000450e-03
8.598420000000000715e-03
9.150749999999999162e-03
9.171000000000000332e-03
8.793920000000000209e-03
8.407760000000000233e-03
8.400299999999999434e-03
9.715480000000000296e-03
1.039710999999999934e-02
9.259889999999999788e-03
9.836620000000000780e-03
8.889690000000000439e-03
8.212999999999999814e-03
8.950079999999999147e-03
1.051929000000000058e-02
9.422909999999999620e-03
9.057829999999999354e-03
8.210210000000000771e-03
8.318900000000000600e-03
8.898110000000000741e-03
1.168891000000000027e-02
1.183004999999999994e-02
9.037889999999999813e-03
8.543979999999999631e-03
8.996409999999999824e-03
1.059188999999999964e-02
1.012606999999999917e-02
9.792260000000000547e-03
8.648460000000000175e-03
8.664430000000000742e-03
9.177489999999999953e-03
1.002265999999999921e-02
9.395350000000000229e-03
9.732710000000000319e-03
1.023378999999999955e-02
9.427069999999999200e-03
1.256546000000000052e-02
1.137904999999999993e-02
9.434160000000000462e-03
8.636750000000000330e-03
1.029096999999999998e-02
1.165581000000000082e-02
1.265346000000000005e-02
1.366146000000000027e-02
1.284714999999999989e-02
1.313021999999999974e-02
1.585912000000000086e-02
1.345656999999999930e-02
1.263640000000000076e-02
1.012626999999999972e-02
1.165187999999999988e-02
1.075089000000000079e-02
1.331292000000000066e-02
1.811938000000000090e-02
2.183270000000000002e-02
3.019840999999999845e-02
3.830323000000000061e-02
4.536648000000000069e-02
4.812651999999999902e-02
4.183885999999999855e-02
3.297482000000000191e-02
1.782028000000000084e-02
8.170139999999999347e-03
