3.948921999999999849e-02
6.647727999999999970e-02
6.008171000000000345e-02
8.722161999999999971e-02
1.048033599999999982e-01
1.339038499999999909e-01
1.979933700000000019e-01
1.753829100000000030e-01
1.243352999999999958e-01
4.216314000000000173e-02
2.897649999999999879e-02
2.516221999999999903e-02
4.242606000000000155e-02
1.032055499999999931e-01
1.868362699999999987e-01
1.901702100000000062e-01
1.772066700000000106e-01
1.579563300000000059e-01
2.703423799999999932e-01
3.075878599999999907e-01
2.275028500000000065e-01
6.929303000000000545e-02
1.529451199999999900e-01
3.743508799999999970e-01
5.350269100000000222e-01
7.940036700000000502e-01
8.707449999999999912e-01
8.736345199999999700e-01
8.060163299999999476e-01
6.376878000000000268e-01
4.061483100000000124e-01
2.390030900000000014e-01
1.328354900000000005e-01
3.777624999999999733e-02
7.317656000000000160e-02
9.875494999999999413e-02
1.172123800000000049e-01
3.410504799999999892e-01
3.344577799999999823e-01
3.035992699999999767e-01
2.028060299999999982e-01
1.594614099999999979e-01
5.241511000000000087e-02
4.346963000000000216e-02
3.971042999999999795e-02
5.470359000000000332e-02
6.222294999999999909e-02
8.409137999999999336e-02
6.256773999999999669e-02
6.760066000000000686e-02
4.317933999999999661e-02
2.536323999999999870e-02
2.930229999999999987e-02
5.207813000000000025e-02
6.835861999999999494e-02
5.199178000000000133e-02
2.468675000000000036e-02
1.900603000000000015e-02
2.468185999999999991e-02
2.798544000000000032e-02
3.501093000000000260e-02
7.701581000000000399e-02
7.972471999999999892e-02
3.375250999999999946e-02
