9.240319999999999784e-03
2.039142000000000038e-02
2.327937999999999882e-02
2.194335999999999856e-02
2.837755999999999959e-02
4.165898999999999991e-02
3.606274999999999759e-02
2.761933000000000096e-02
1.803323999999999899e-02
1.031858000000000081e-02
1.202878999999999927e-02
1.942398000000000041e-02
5.571509000000000184e-02
9.505864999999999454e-02
1.273807299999999976e-01
1.617282499999999901e-01
1.623375999999999986e-01
1.204503600000000063e-01
9.179800999999999933e-02
5.958042999999999673e-02
4.484724999999999823e-02
2.156125999999999876e-02
1.285431000000000074e-02
1.133045000000000059e-02
1.620678999999999870e-02
2.086943999999999952e-02
3.361909999999999898e-02
4.135675999999999936e-02
3.669888999999999790e-02
4.017880000000000063e-02
4.129135999999999918e-02
2.216860999999999832e-02
1.797415000000000124e-02
1.493328000000000017e-02
1.731517999999999946e-02
1.934365999999999863e-02
1.378097999999999997e-02
1.010411999999999942e-02
1.044537000000000070e-02
1.059628999999999953e-02
1.387259000000000062e-02
9.994670000000000637e-03
9.284499999999999351e-03
1.179742999999999938e-02
1.026822999999999972e-02
8.821509999999999421e-03
9.731820000000000401e-03
1.308332000000000071e-02
1.634945999999999969e-02
1.988977999999999927e-02
1.656950000000000089e-02
1.277450999999999934e-02
9.303799999999999223e-03
9.957789999999999350e-03
1.303435000000000010e-02
1.440893000000000035e-02
1.531941000000000032e-02
1.117887000000000047e-02
9.985149999999999929e-03
1.148643000000000060e-02
1.112511000000000055e-02
1.144098999999999984e-02
1.398661999999999996e-02
9.702370000000000091e-03
