7.729739999999999701e-03
8.322430000000000452e-03
8.195660000000000445e-03
8.150720000000000187e-03
8.401370000000000018e-03
8.355069999999999164e-03
8.078149999999999220e-03
8.472759999999999320e-03
8.210010000000000224e-03
8.266950000000000340e-03
8.386209999999999845e-03
8.405060000000000656e-03
8.561279999999999238e-03
8.388980000000000742e-03
8.536900000000000044e-03
8.787520000000000053e-03
8.569590000000000193e-03
8.399999999999999481e-03
8.270510000000000014e-03
9.141049999999999523e-03
8.835610000000000686e-03
8.569480000000000847e-03
8.214930000000000496e-03
8.087220000000000866e-03
8.374559999999999643e-03
9.017479999999999593e-03
8.563859999999999528e-03
8.400589999999999447e-03
8.483620000000000744e-03
8.279510000000000342e-03
8.277430000000000551e-03
8.327199999999999880e-03
8.738589999999999205e-03
8.238530000000000852e-03
8.424050000000000635e-03
8.180959999999999274e-03
8.230730000000000338e-03
8.194470000000000573e-03
8.192659999999999179e-03
8.329929999999999279e-03
8.607580000000000092e-03
8.924849999999999797e-03
8.783380000000000354e-03
8.645840000000000122e-03
8.368650000000000047e-03
9.102539999999999243e-03
9.755190000000000389e-03
1.005267999999999960e-02
8.886849999999999958e-03
9.783359999999999626e-03
1.012231000000000068e-02
9.531390000000000695e-03
9.252919999999999548e-03
9.680180000000000035e-03
9.397249999999999354e-03
9.359519999999999645e-03
9.728109999999999882e-03
1.120156999999999924e-02
1.230653999999999949e-02
1.378292000000000059e-02
1.741764000000000159e-02
2.065639999999999837e-02
2.212555000000000077e-02
7.823059999999999736e-03
