8.182709999999999290e-03
1.192724000000000041e-02
1.780210999999999946e-02
2.654810000000000156e-02
3.806705999999999979e-02
4.652425000000000310e-02
4.931872999999999813e-02
5.325950000000000129e-02
4.297319000000000139e-02
4.294548000000000115e-02
3.893144999999999939e-02
2.719076999999999952e-02
1.969210999999999878e-02
1.348235000000000058e-02
1.118085000000000086e-02
1.017108000000000075e-02
9.563610000000000166e-03
1.125456000000000026e-02
1.378527000000000051e-02
1.613623000000000141e-02
2.088409000000000099e-02
1.969554000000000096e-02
1.827671000000000157e-02
1.267487999999999948e-02
1.232946000000000042e-02
9.886030000000000512e-03
1.091797000000000080e-02
1.041897999999999956e-02
1.173043000000000002e-02
1.075862999999999993e-02
9.197159999999999364e-03
8.875549999999999412e-03
1.003842999999999923e-02
8.816370000000000456e-03
8.771769999999999914e-03
9.698200000000000570e-03
9.726580000000000295e-03
1.035021000000000031e-02
9.638310000000000627e-03
9.213650000000000312e-03
8.892159999999999648e-03
9.101379999999999193e-03
1.007087000000000086e-02
9.008079999999999907e-03
9.472339999999999233e-03
9.773820000000000771e-03
9.798539999999999681e-03
9.670299999999999729e-03
9.681830000000000644e-03
9.211350000000000093e-03
8.701900000000000260e-03
9.152759999999999369e-03
9.533170000000000532e-03
1.014586999999999954e-02
1.076009999999999987e-02
9.901870000000000116e-03
9.458599999999999300e-03
9.279010000000000730e-03
9.600910000000000694e-03
9.153549999999999881e-03
9.386629999999999974e-03
8.823459999999999984e-03
9.035069999999999213e-03
8.196470000000000838e-03
