7.971890000000000573e-03
1.349654999999999952e-02
1.276586000000000040e-02
9.769649999999999515e-03
1.252387999999999939e-02
1.446996000000000046e-02
1.274061999999999938e-02
1.277922000000000086e-02
9.948769999999999142e-03
9.428739999999999691e-03
8.681740000000000290e-03
9.675809999999999966e-03
1.054597999999999994e-02
1.254472000000000052e-02
1.107488000000000049e-02
9.767059999999999284e-03
9.188419999999999227e-03
9.869229999999999670e-03
1.434544999999999917e-02
1.108337000000000037e-02
1.372602000000000023e-02
1.317187000000000045e-02
1.753851999999999842e-02
2.114647000000000054e-02
1.769601000000000160e-02
1.396154999999999965e-02
1.221592999999999984e-02
9.258779999999999441e-03
1.013532999999999969e-02
1.363534999999999921e-02
1.511859999999999940e-02
2.207570999999999839e-02
2.631767999999999955e-02
2.721000000000000155e-02
3.253790000000000154e-02
3.233872000000000135e-02
1.775229999999999864e-02
1.496978000000000024e-02
2.575469000000000022e-02
4.313569999999999904e-02
7.745446000000000275e-02
9.903662000000000576e-02
1.210556899999999936e-01
1.260876200000000114e-01
1.093185400000000057e-01
8.021793000000000673e-02
5.345049999999999801e-02
3.981256999999999852e-02
2.569070999999999855e-02
1.082650999999999926e-02
9.433489999999999237e-03
1.085104999999999924e-02
1.469902000000000014e-02
2.113697000000000145e-02
3.779504999999999670e-02
5.510146999999999962e-02
4.616545999999999844e-02
3.610490999999999701e-02
3.465475999999999973e-02
3.275444999999999746e-02
1.936668999999999891e-02
1.197198000000000012e-02
9.793909999999999422e-03
9.962520000000000750e-03
