1.143976000000000021e-02
2.531063000000000063e-02
3.842003000000000085e-02
3.405545000000000100e-02
2.924061999999999842e-02
2.461259000000000016e-02
1.726317999999999950e-02
1.290120999999999976e-02
1.865027000000000004e-02
2.782816999999999930e-02
3.556166999999999662e-02
4.124102999999999797e-02
2.295221000000000067e-02
2.503398000000000082e-02
2.366566000000000156e-02
5.100877000000000189e-02
4.969142000000000003e-02
2.164653000000000063e-02
9.432340000000000863e-03
1.333367000000000059e-02
1.969161999999999996e-02
2.115461000000000077e-02
3.802011999999999753e-02
2.755915999999999921e-02
4.794317000000000023e-02
6.819395999999999791e-02
8.957813000000000581e-02
6.239924000000000165e-02
4.268107000000000151e-02
3.264765000000000028e-02
2.223829000000000083e-02
5.170146999999999937e-02
7.402011000000000007e-02
7.051623999999999393e-02
8.124377000000000681e-02
1.044494700000000026e-01
1.063681499999999946e-01
1.200737600000000016e-01
7.802662000000000486e-02
3.412082999999999783e-02
3.414335000000000286e-02
1.188411699999999960e-01
2.861874699999999994e-01
4.106851499999999988e-01
4.933482399999999934e-01
5.610495800000000477e-01
5.595291900000000096e-01
5.315076699999999876e-01
4.068012500000000031e-01
1.781536200000000125e-01
1.239899799999999996e-01
1.170518299999999956e-01
3.709662999999999849e-02
2.715421000000000154e-02
4.656223999999999780e-02
6.644315000000000637e-02
6.534692999999999752e-02
9.272835000000000105e-02
1.056628200000000045e-01
1.716925199999999874e-01
1.912858500000000073e-01
1.258855200000000008e-01
6.304874000000000589e-02
2.616432999999999953e-02
