1.298422999999999938e-02
2.370987000000000094e-02
1.787149000000000029e-02
2.533604000000000064e-02
2.153019000000000113e-02
2.074967999999999951e-02
1.899338000000000068e-02
2.872830999999999996e-02
1.774972999999999829e-02
1.220355000000000051e-02
1.060942999999999956e-02
1.423202999999999968e-02
2.085926999999999920e-02
1.972838000000000022e-02
2.039741999999999944e-02
1.358179999999999978e-02
2.204435000000000075e-02
3.133462000000000053e-02
3.664682999999999830e-02
4.949463999999999947e-02
5.040059999999999679e-02
2.931241000000000055e-02
1.674787000000000151e-02
1.811855000000000063e-02
2.867468999999999921e-02
3.622617999999999672e-02
4.063093000000000260e-02
6.482203000000000270e-02
5.029840000000000005e-02
6.067957999999999685e-02
5.847858000000000223e-02
3.928787999999999725e-02
3.590341999999999839e-02
4.758031000000000066e-02
8.531196000000000612e-02
1.995861200000000057e-01
2.741227099999999917e-01
4.146746099999999990e-01
4.680411800000000011e-01
3.320458199999999915e-01
2.434078199999999970e-01
1.555966000000000016e-01
9.940206000000000042e-02
5.348536999999999736e-02
1.302226000000000078e-02
2.252954999999999888e-02
3.135326000000000085e-02
1.808906000000000056e-02
2.576422999999999908e-02
7.067136000000000251e-02
9.388430000000000386e-02
1.065310899999999950e-01
7.441631999999999414e-02
6.235144000000000103e-02
7.491575999999999791e-02
3.220637999999999973e-02
1.628040000000000043e-02
1.922605999999999968e-02
1.178129999999999976e-02
2.276490000000000111e-02
3.128623999999999988e-02
2.608047999999999964e-02
5.753223999999999838e-02
1.355926000000000006e-02
