9.819790000000000116e-03
1.698879000000000014e-02
2.253789999999999960e-02
1.838553999999999883e-02
1.577925999999999981e-02
1.190394999999999995e-02
8.463729999999999171e-03
8.785299999999999360e-03
1.360049999999999974e-02
1.406146999999999953e-02
1.109312999999999966e-02
1.342070000000000068e-02
1.596772999999999942e-02
1.877900999999999876e-02
2.703186000000000130e-02
1.909922000000000009e-02
1.303949000000000080e-02
1.062518999999999963e-02
1.120394000000000077e-02
1.737050999999999873e-02
3.363512999999999920e-02
6.568053999999999559e-02
7.199307000000000623e-02
6.382801000000000446e-02
7.057388000000000550e-02
5.527561999999999753e-02
4.303752000000000272e-02
2.116818000000000172e-02
1.585972999999999897e-02
8.925829999999999181e-03
9.329590000000000452e-03
1.008340999999999925e-02
9.998860000000000040e-03
1.649480000000000043e-02
2.084824000000000052e-02
2.380532000000000134e-02
2.292119000000000101e-02
1.858512999999999832e-02
1.548262000000000076e-02
1.321110999999999987e-02
1.690378000000000019e-02
1.423947000000000060e-02
1.013404000000000041e-02
1.099124999999999928e-02
9.367079999999999851e-03
1.315899000000000062e-02
1.250394999999999979e-02
8.731390000000000332e-03
1.123219999999999948e-02
9.174319999999999697e-03
1.277653999999999943e-02
1.390367999999999986e-02
8.991620000000000515e-03
1.067386000000000029e-02
8.976080000000000864e-03
1.157971000000000000e-02
1.193157000000000072e-02
1.257051000000000002e-02
1.674161999999999872e-02
1.499960000000000009e-02
9.628150000000000250e-03
9.602470000000000103e-03
9.483860000000000207e-03
8.701709999999999653e-03
