7.688600000000000295e-03
9.135499999999999524e-03
9.068379999999999150e-03
9.086139999999999495e-03
9.206330000000000416e-03
9.148949999999999444e-03
8.504019999999999288e-03
7.970629999999999382e-03
8.414750000000000354e-03
8.760550000000000628e-03
9.423479999999999704e-03
9.516909999999999953e-03
9.298179999999999640e-03
8.681909999999999281e-03
8.936740000000000309e-03
9.103840000000000196e-03
8.261279999999999318e-03
8.329400000000000692e-03
8.838510000000000810e-03
8.671989999999999213e-03
8.929650000000000781e-03
8.863489999999999910e-03
8.856660000000000574e-03
8.609119999999999620e-03
9.001290000000000333e-03
9.511749999999999372e-03
8.225810000000000066e-03
8.709079999999999253e-03
8.728160000000000432e-03
8.468689999999999204e-03
8.366560000000000316e-03
8.235879999999999243e-03
8.583270000000000483e-03
8.393770000000000051e-03
8.593750000000000694e-03
8.525249999999999842e-03
8.329130000000000561e-03
8.383629999999999555e-03
8.935759999999999190e-03
9.396919999999999579e-03
9.173390000000000016e-03
8.418439999999999257e-03
8.548480000000000661e-03
9.544530000000000722e-03
1.050684999999999987e-02
1.173208000000000063e-02
1.339368999999999976e-02
1.295947000000000071e-02
1.226591999999999960e-02
1.374766000000000009e-02
1.286359999999999934e-02
1.202803000000000032e-02
1.008842000000000072e-02
9.851590000000000347e-03
9.795460000000000625e-03
1.107830999999999920e-02
1.739308000000000173e-02
2.438167000000000112e-02
3.212448999999999860e-02
3.586225999999999997e-02
4.576129999999999781e-02
5.348315000000000013e-02
4.918128000000000083e-02
8.379620000000000818e-03
