1.262940000000000070e-02
2.456991999999999857e-02
2.597767000000000132e-02
2.388414000000000162e-02
2.136773000000000144e-02
1.899427999999999880e-02
1.569486000000000145e-02
1.197630000000000049e-02
8.908489999999999812e-03
8.429320000000000562e-03
8.993789999999999771e-03
9.033070000000000682e-03
8.878809999999999134e-03
1.119771999999999955e-02
1.168349999999999944e-02
1.192367000000000080e-02
1.191392999999999966e-02
1.098513999999999914e-02
9.074099999999999874e-03
8.638740000000000654e-03
8.229119999999999491e-03
8.436670000000000280e-03
8.543099999999999652e-03
8.244329999999999367e-03
8.271860000000000671e-03
8.713600000000000165e-03
8.454949999999999272e-03
8.423979999999999316e-03
8.488219999999999446e-03
8.270319999999999408e-03
8.409579999999999833e-03
8.536969999999999628e-03
8.291410000000000793e-03
8.484540000000000484e-03
8.448980000000000032e-03
8.403350000000000403e-03
8.721190000000000192e-03
8.677080000000000209e-03
8.982290000000000413e-03
8.203919999999999962e-03
8.014949999999999852e-03
8.569129999999999456e-03
9.104279999999999318e-03
9.146220000000000044e-03
9.169129999999999295e-03
8.513969999999999178e-03
8.321179999999999202e-03
8.711999999999999258e-03
8.865120000000000638e-03
8.506829999999999947e-03
8.112190000000000026e-03
8.195789999999999673e-03
8.396020000000000566e-03
8.867490000000000441e-03
8.792259999999999659e-03
8.518450000000000327e-03
8.686720000000000205e-03
8.655110000000000581e-03
8.812260000000000579e-03
8.435830000000000065e-03
8.559000000000000635e-03
8.495779999999999652e-03
8.353060000000000693e-03
7.449120000000000047e-03
