8.901589999999999156e-03
1.266220000000000019e-02
9.673750000000000057e-03
1.112363000000000067e-02
1.462518999999999972e-02
1.999507000000000020e-02
2.889154000000000028e-02
3.891154000000000140e-02
4.018342999999999915e-02
5.425895000000000024e-02
5.438922000000000201e-02
4.777545999999999876e-02
3.834064999999999696e-02
3.200010999999999828e-02
1.461069000000000083e-02
1.232482000000000022e-02
9.820680000000000034e-03
9.314529999999999685e-03
1.020347999999999915e-02
1.090675999999999972e-02
1.449233999999999939e-02
1.691650000000000098e-02
1.795524999999999899e-02
1.705622000000000041e-02
1.681583999999999857e-02
1.486769999999999932e-02
1.207495999999999917e-02
8.761770000000000322e-03
1.015790999999999916e-02
9.442839999999999220e-03
9.014569999999999528e-03
9.360679999999999695e-03
8.988470000000000140e-03
8.907069999999999571e-03
9.091800000000000576e-03
8.359389999999999529e-03
8.942860000000000392e-03
9.939190000000000524e-03
9.236130000000000381e-03
8.335759999999999351e-03
8.512040000000000231e-03
8.777439999999999201e-03
1.115627999999999932e-02
1.125441999999999936e-02
9.134820000000000093e-03
8.531499999999999154e-03
8.619480000000000544e-03
8.743429999999999952e-03
9.826520000000000046e-03
1.157600999999999943e-02
1.066768000000000056e-02
9.691850000000000118e-03
8.396850000000000841e-03
8.539450000000000512e-03
9.678900000000000697e-03
1.045941000000000058e-02
1.040433999999999977e-02
8.524079999999999852e-03
8.158739999999999395e-03
8.485629999999999215e-03
8.781870000000000648e-03
9.919570000000000817e-03
1.153781000000000077e-02
7.907410000000000133e-03
