2.087643000000000137e-02
5.543419000000000124e-02
5.896677000000000168e-02
5.406844999999999707e-02
3.470260000000000011e-02
2.695194000000000062e-02
1.828986999999999974e-02
1.181047999999999994e-02
8.848800000000000415e-03
8.934380000000000446e-03
9.468590000000000687e-03
1.003257999999999928e-02
1.172485000000000020e-02
2.022445999999999966e-02
2.380817000000000003e-02
2.308761000000000146e-02
1.905045000000000002e-02
1.894699999999999857e-02
1.521803000000000045e-02
1.035505999999999927e-02
9.003979999999999970e-03
8.622229999999999825e-03
8.653050000000000672e-03
9.224200000000000108e-03
1.005012999999999913e-02
1.112596000000000071e-02
9.822720000000000062e-03
9.561959999999999557e-03
9.733910000000000132e-03
8.882160000000000055e-03
8.673240000000000463e-03
9.091010000000000063e-03
9.106440000000000368e-03
8.469829999999999373e-03
8.922090000000000576e-03
9.781359999999999361e-03
9.577679999999999874e-03
9.125829999999999706e-03
9.099889999999999368e-03
9.042879999999999668e-03
8.923389999999999794e-03
9.796060000000000531e-03
1.204706000000000006e-02
1.059210000000000013e-02
1.023863000000000030e-02
8.975659999999999888e-03
9.708770000000000247e-03
1.046930000000000083e-02
9.945999999999999980e-03
9.245170000000000471e-03
8.458210000000000728e-03
8.696060000000000248e-03
9.220390000000000183e-03
9.959799999999999556e-03
9.808499999999999511e-03
9.630230000000000040e-03
9.398180000000000769e-03
8.953600000000000794e-03
8.781769999999999507e-03
9.291469999999999591e-03
9.485449999999999438e-03
9.149030000000000704e-03
8.631069999999999368e-03
8.368999999999999703e-03
