1.118247999999999985e-02
4.799975000000000075e-02
1.201774599999999998e-01
1.148916400000000032e-01
1.370264599999999888e-01
2.140623799999999965e-01
1.651919599999999988e-01
6.707345000000000668e-02
5.068169000000000146e-02
1.992464999999999861e-02
7.165117000000000014e-02
1.664455499999999977e-01
4.036642899999999812e-01
4.559586899999999998e-01
4.955757299999999921e-01
5.830091200000000473e-01
5.929639300000000279e-01
3.967837100000000117e-01
2.380335500000000104e-01
1.204144199999999942e-01
5.433438000000000156e-02
2.677678000000000003e-02
1.789160999999999876e-02
1.840839000000000017e-02
3.419190999999999897e-02
4.896108999999999878e-02
6.830091000000000634e-02
1.145680899999999974e-01
9.531069000000000346e-02
8.007285000000000097e-02
6.118682999999999761e-02
3.672882999999999704e-02
2.770987999999999923e-02
2.847767999999999827e-02
2.289247999999999977e-02
3.418944000000000150e-02
3.340093999999999702e-02
1.133119999999999961e-02
1.114949999999999969e-02
1.244655000000000067e-02
1.800482000000000124e-02
1.177230999999999937e-02
1.266311999999999993e-02
1.440353999999999940e-02
1.149212999999999971e-02
8.282690000000000538e-03
1.197198000000000012e-02
1.574874999999999886e-02
1.663260000000000086e-02
1.756757000000000110e-02
1.489490000000000085e-02
1.099207999999999956e-02
8.763409999999999256e-03
1.162995000000000001e-02
1.766635999999999901e-02
1.653740999999999892e-02
1.173432999999999941e-02
1.031743000000000070e-02
9.182809999999999584e-03
1.086176999999999976e-02
1.277030000000000005e-02
1.277858999999999939e-02
1.255247999999999954e-02
9.244799999999999199e-03
