7.572589999999999703e-03
8.278550000000000839e-03
8.520909999999999596e-03
8.671649999999999497e-03
8.766039999999999249e-03
9.668470000000000189e-03
8.684980000000000130e-03
8.668759999999999313e-03
8.660779999999999867e-03
8.479550000000000629e-03
9.049259999999999943e-03
9.148669999999999372e-03
9.969369999999999968e-03
1.026748000000000070e-02
8.929819999999999772e-03
1.051240999999999981e-02
9.340400000000000438e-03
8.512600000000000375e-03
8.756019999999999776e-03
1.058137999999999961e-02
8.531550000000000591e-03
9.129440000000000818e-03
9.751680000000000417e-03
9.239620000000000472e-03
1.123210000000000007e-02
1.050270000000000023e-02
9.250380000000000755e-03
9.978900000000000617e-03
1.066027999999999941e-02
1.001487000000000037e-02
8.984499999999999431e-03
8.310500000000000179e-03
8.682669999999999971e-03
9.108319999999999611e-03
9.594899999999999957e-03
9.199439999999999701e-03
9.483129999999999338e-03
1.226139000000000048e-02
1.713301000000000060e-02
1.728781999999999888e-02
1.412973000000000007e-02
1.115172000000000038e-02
1.252712999999999917e-02
1.884778000000000148e-02
3.040663999999999867e-02
3.509229999999999988e-02
3.795803999999999845e-02
3.640517000000000059e-02
3.435991000000000045e-02
3.367915999999999965e-02
3.272209000000000229e-02
2.871730000000000116e-02
1.518565000000000019e-02
1.181205999999999923e-02
8.173750000000000460e-03
8.373870000000000272e-03
9.446019999999999417e-03
9.916029999999999289e-03
1.053488999999999988e-02
1.281606000000000065e-02
1.517244000000000058e-02
1.331913000000000021e-02
1.207834999999999985e-02
8.398819999999999550e-03
