7.569140000000000243e-03
1.752781000000000131e-02
1.782972999999999850e-02
1.330872999999999952e-02
1.121729999999999949e-02
1.140572999999999934e-02
8.856789999999999802e-03
1.127625999999999976e-02
1.967705999999999969e-02
2.512071999999999916e-02
3.335282999999999998e-02
3.901102000000000042e-02
3.827595999999999776e-02
4.321487000000000245e-02
2.994733000000000117e-02
2.616345999999999949e-02
2.430883000000000002e-02
1.324447999999999945e-02
1.063808999999999935e-02
8.341579999999999481e-03
8.619460000000000663e-03
8.966270000000000143e-03
1.027238999999999930e-02
1.354458000000000051e-02
1.936476000000000169e-02
1.999170999999999934e-02
1.713301000000000060e-02
1.389079000000000008e-02
1.225703000000000036e-02
8.973619999999999861e-03
9.274940000000000614e-03
1.005522000000000013e-02
9.889059999999999864e-03
1.204164999999999923e-02
1.138253000000000008e-02
1.136023000000000067e-02
9.996760000000000368e-03
9.181999999999999190e-03
1.049276000000000028e-02
1.028348999999999930e-02
9.021140000000000408e-03
9.086769999999999223e-03
8.465280000000000374e-03
8.569749999999999243e-03
8.705479999999999816e-03
9.577360000000000040e-03
9.932049999999999559e-03
9.850930000000000797e-03
9.575329999999999953e-03
8.474159999999999679e-03
1.021125999999999978e-02
1.028073000000000008e-02
1.015345999999999957e-02
9.752860000000000348e-03
9.225139999999999729e-03
8.624639999999999390e-03
8.302379999999999829e-03
8.509209999999999691e-03
1.002831000000000035e-02
9.494100000000000109e-03
9.836340000000000708e-03
9.420259999999999745e-03
8.904509999999999162e-03
7.781459999999999592e-03
