1.288041000000000012e-02
2.878891999999999909e-02
2.126248000000000027e-02
1.590176000000000089e-02
1.163297999999999936e-02
9.980120000000000310e-03
9.598199999999999441e-03
1.069246000000000085e-02
1.140436000000000054e-02
1.014698999999999983e-02
1.253925999999999999e-02
1.615006000000000080e-02
1.758051000000000058e-02
2.365412000000000070e-02
2.538026999999999991e-02
1.405349000000000008e-02
1.069612999999999987e-02
8.841260000000000091e-03
8.852699999999999805e-03
9.193190000000000389e-03
9.821190000000000475e-03
9.377250000000000169e-03
9.326990000000000280e-03
9.043249999999999206e-03
8.697560000000000013e-03
8.834039999999999601e-03
9.102999999999999980e-03
9.536090000000000538e-03
9.404960000000000403e-03
9.074320000000000302e-03
8.887600000000000708e-03
9.065170000000000866e-03
9.246719999999999939e-03
9.406660000000000715e-03
9.373690000000000494e-03
9.003749999999999601e-03
8.612260000000000054e-03
8.904109999999999803e-03
9.938910000000000453e-03
1.023950000000000034e-02
9.371360000000000454e-03
8.717080000000000314e-03
8.628790000000000765e-03
8.786699999999999719e-03
9.051379999999999496e-03
1.116379999999999977e-02
9.917870000000000505e-03
9.737080000000000388e-03
9.026950000000000598e-03
9.770479999999999790e-03
9.215980000000000352e-03
9.783959999999999532e-03
1.073174000000000003e-02
9.919610000000000580e-03
9.137750000000000039e-03
9.181379999999999403e-03
9.057239999999999389e-03
9.584189999999999376e-03
9.734140000000000501e-03
8.475029999999999716e-03
8.796560000000000143e-03
9.295380000000000656e-03
9.187179999999999652e-03
7.794699999999999893e-03
