8.622799999999999909e-03
9.114670000000000064e-03
8.484880000000000200e-03
9.125090000000000631e-03
9.535760000000000763e-03
9.199509999999999285e-03
8.301940000000000708e-03
8.020330000000000861e-03
8.950369999999999160e-03
1.018159000000000078e-02
1.020446000000000027e-02
1.286718000000000063e-02
1.290042999999999919e-02
1.076257000000000082e-02
9.886370000000000227e-03
1.031104000000000048e-02
1.004139000000000073e-02
9.279410000000000089e-03
1.253679000000000078e-02
1.258090000000000076e-02
1.363251000000000046e-02
1.853745999999999866e-02
1.812129000000000170e-02
1.327899999999999914e-02
1.193049000000000019e-02
1.199150000000000042e-02
1.047359999999999958e-02
1.073753000000000034e-02
1.235580000000000012e-02
1.076432000000000083e-02
8.842779999999999738e-03
8.941970000000000474e-03
9.954229999999999676e-03
1.012349000000000061e-02
1.004090000000000017e-02
1.035694000000000024e-02
1.113141999999999951e-02
1.417229000000000058e-02
1.388229000000000025e-02
1.460185999999999949e-02
1.364737000000000068e-02
1.014123999999999928e-02
1.021204000000000035e-02
1.287373999999999984e-02
1.531948999999999984e-02
1.584566999999999920e-02
1.745243999999999962e-02
1.597451000000000079e-02
1.462073000000000018e-02
2.790542999999999843e-02
3.187493999999999744e-02
3.409377999999999714e-02
1.799726999999999924e-02
1.280726000000000087e-02
1.568732000000000112e-02
2.208991000000000079e-02
5.336010000000000059e-02
7.336616999999999444e-02
1.073638600000000054e-01
1.204402499999999987e-01
1.462596800000000030e-01
1.648487299999999989e-01
1.097067099999999990e-01
1.193975000000000071e-02
