1.581847000000000114e-02
3.204325999999999702e-02
3.313730000000000148e-02
5.069976999999999817e-02
6.481393000000000570e-02
6.605060000000000098e-02
6.791996000000000144e-02
3.659086000000000283e-02
2.427655000000000091e-02
3.832750000000000046e-02
6.214477999999999669e-02
5.921317999999999721e-02
2.933267999999999986e-02
2.281990000000000060e-02
1.965752000000000124e-02
3.774431000000000314e-02
6.669743000000000199e-02
7.096384999999999499e-02
5.510647999999999935e-02
3.578405999999999948e-02
3.516172000000000047e-02
3.370415000000000216e-02
5.029178000000000121e-02
4.712341999999999920e-02
2.468226999999999921e-02
2.885327999999999851e-02
4.992292999999999731e-02
7.816761999999999322e-02
7.736569999999999558e-02
2.473987000000000061e-02
4.177120000000000138e-02
5.010379999999999695e-02
6.211741999999999958e-02
7.924440000000000650e-02
7.355290999999999912e-02
4.679153999999999952e-02
3.950290000000000051e-02
6.917349000000000414e-02
8.887815999999999772e-02
5.538450000000000317e-02
4.069409000000000221e-02
5.239731000000000249e-02
1.130318899999999960e-01
1.754900500000000085e-01
1.819010699999999980e-01
7.277767000000000264e-02
3.988825000000000010e-02
6.888302000000000314e-02
1.818611900000000059e-01
3.778960100000000044e-01
5.103218600000000160e-01
5.043309900000000345e-01
5.953983099999999862e-01
6.284620199999999546e-01
5.693036900000000289e-01
4.318700100000000264e-01
2.927400800000000136e-01
2.129917000000000060e-01
1.422750799999999982e-01
7.721435000000000104e-02
4.343446000000000112e-02
2.712822000000000150e-02
2.392715000000000120e-02
2.726808999999999830e-02
