8.471859999999999460e-03
1.198500000000000086e-02
1.423623000000000076e-02
1.905512999999999998e-02
2.767106000000000079e-02
3.455604000000000314e-02
3.228501999999999761e-02
2.275570999999999844e-02
1.782432000000000114e-02
1.371143000000000015e-02
2.061406000000000002e-02
2.403780999999999973e-02
2.105780999999999972e-02
1.832541000000000031e-02
1.366184999999999969e-02
1.796371000000000079e-02
2.712182999999999955e-02
3.185244999999999743e-02
2.990871000000000154e-02
2.417880000000000029e-02
2.050420000000000020e-02
1.692656000000000022e-02
3.048421999999999937e-02
4.217031999999999725e-02
2.151184000000000082e-02
2.527199000000000112e-02
2.728761000000000034e-02
4.133951999999999766e-02
2.637180000000000080e-02
1.729599000000000067e-02
2.432008000000000086e-02
2.694387000000000171e-02
2.865675000000000167e-02
3.896812000000000192e-02
4.020525999999999961e-02
3.003965999999999928e-02
2.448838000000000056e-02
2.945292000000000049e-02
4.009276999999999980e-02
3.790771999999999892e-02
3.555172000000000193e-02
3.524950999999999779e-02
5.979165000000000174e-02
8.629410999999999332e-02
1.057475699999999991e-01
5.673427000000000331e-02
3.645106000000000041e-02
3.050997999999999905e-02
6.112540999999999808e-02
1.562092499999999939e-01
2.541275599999999746e-01
2.822695700000000252e-01
4.062047899999999823e-01
4.938904599999999756e-01
5.405674000000000312e-01
4.301224900000000240e-01
3.510716600000000076e-01
2.715578699999999790e-01
1.964786500000000047e-01
1.298449200000000026e-01
6.500778000000000112e-02
2.745132999999999948e-02
1.875570999999999836e-02
2.312391000000000099e-02
