1.418892000000000070e-02
2.274057000000000162e-02
2.179359000000000157e-02
2.096450999999999870e-02
1.413908999999999999e-02
1.280811999999999923e-02
1.142955000000000013e-02
9.355300000000000421e-03
8.607319999999999902e-03
8.924819999999999975e-03
8.872919999999999419e-03
9.522559999999999358e-03
1.078461000000000003e-02
1.290385999999999964e-02
1.329348999999999982e-02
1.143844999999999931e-02
1.126010000000000032e-02
1.034675999999999998e-02
1.001464999999999994e-02
8.842890000000000819e-03
8.371629999999999697e-03
8.534679999999999350e-03
8.504380000000000620e-03
8.401850000000000637e-03
9.055860000000000645e-03
9.193839999999999998e-03
9.041910000000000225e-03
8.811120000000000410e-03
8.776880000000000792e-03
8.307880000000000126e-03
8.498820000000000680e-03
8.706939999999999819e-03
8.717040000000000552e-03
8.641430000000000292e-03
8.955110000000000500e-03
9.195899999999999908e-03
9.222040000000000792e-03
8.713079999999999783e-03
8.522300000000000014e-03
8.489129999999999246e-03
8.675979999999999803e-03
8.960730000000000084e-03
9.583039999999999267e-03
9.052829999999999558e-03
8.880660000000000290e-03
8.634299999999999267e-03
8.530380000000000601e-03
8.452789999999999956e-03
8.633170000000000774e-03
8.284710000000000685e-03
8.479109999999999772e-03
8.567309999999999856e-03
8.758530000000000482e-03
8.808669999999999348e-03
8.867279999999999954e-03
8.811080000000000648e-03
8.723820000000000185e-03
8.971869999999999845e-03
8.667370000000000629e-03
8.367839999999999653e-03
8.597280000000000547e-03
8.694779999999999176e-03
8.001789999999999944e-03
7.491020000000000144e-03
