3.963039000000000145e-02
8.938701999999999759e-02
9.679988999999999955e-02
5.266557000000000183e-02
2.063469000000000067e-02
2.078086999999999990e-02
3.789060999999999818e-02
4.088669000000000331e-02
4.615823000000000148e-02
5.971325000000000244e-02
4.960781000000000218e-02
2.769322999999999924e-02
1.816929999999999934e-02
3.485902999999999918e-02
7.821134000000000419e-02
8.477785000000000182e-02
6.073633999999999977e-02
2.351378000000000149e-02
3.372349000000000180e-02
4.255375000000000130e-02
6.038966999999999946e-02
3.472192999999999807e-02
6.776350999999999902e-02
1.115703400000000040e-01
1.390229000000000048e-01
1.652434499999999862e-01
1.779041000000000095e-01
5.034534999999999705e-02
3.043051000000000089e-02
3.909955999999999848e-02
7.642459999999999531e-02
1.309384700000000012e-01
1.548144800000000043e-01
1.498897200000000041e-01
2.493882000000000043e-01
3.089047100000000268e-01
2.912494800000000050e-01
2.098223100000000119e-01
8.662145999999999735e-02
7.773628000000000482e-02
2.867094600000000271e-01
6.577793400000000457e-01
8.454973099999999464e-01
8.871656100000000489e-01
8.852376899999999660e-01
8.658143299999999654e-01
7.984818200000000088e-01
7.437932499999999614e-01
6.256923100000000293e-01
2.580278500000000030e-01
7.976606999999999448e-02
5.743209999999999982e-02
3.843339999999999951e-02
1.042616900000000041e-01
2.960551399999999944e-01
4.451089200000000190e-01
3.756964199999999754e-01
3.746083399999999841e-01
4.137584599999999946e-01
4.813211000000000017e-01
3.930036100000000032e-01
2.162148399999999915e-01
7.248060000000000613e-02
5.067663000000000029e-02
