7.973299999999999138e-03
9.199300000000000532e-03
9.103540000000000243e-03
8.361449999999999438e-03
8.755650000000000238e-03
8.741650000000000115e-03
8.719549999999999523e-03
8.353080000000000574e-03
8.300369999999999623e-03
8.303949999999999179e-03
8.806710000000000579e-03
8.402879999999999724e-03
9.067640000000000075e-03
9.518449999999999481e-03
9.142700000000000132e-03
8.822200000000000528e-03
8.473249999999999879e-03
8.911890000000000436e-03
9.043189999999999562e-03
9.504320000000000129e-03
9.379699999999999496e-03
8.928200000000000719e-03
9.343529999999999197e-03
8.775780000000000386e-03
9.508559999999999235e-03
1.052910999999999951e-02
9.668919999999999251e-03
8.440839999999999801e-03
8.922589999999999341e-03
8.958650000000000294e-03
8.470669999999999589e-03
8.686990000000000336e-03
8.914679999999999480e-03
8.122880000000000725e-03
8.449969999999999357e-03
9.670259999999999967e-03
8.674060000000000797e-03
9.149559999999999291e-03
9.117550000000000307e-03
8.874609999999999790e-03
9.196269999999999445e-03
9.717750000000000693e-03
9.563260000000000510e-03
9.120929999999999316e-03
9.659370000000000456e-03
1.136377000000000047e-02
1.340545999999999925e-02
1.434648999999999994e-02
1.090517000000000049e-02
1.367006999999999944e-02
1.503080000000000041e-02
1.551826000000000073e-02
1.398576999999999980e-02
1.257761999999999943e-02
1.005349999999999994e-02
9.777360000000000564e-03
1.188299999999999947e-02
1.590725000000000125e-02
1.823487000000000025e-02
2.681245999999999977e-02
3.357498999999999900e-02
4.550904000000000060e-02
3.106394000000000169e-02
8.560339999999999616e-03
