9.303360000000000102e-03
1.105354000000000059e-02
1.098625999999999943e-02
1.422026000000000019e-02
1.525487000000000024e-02
1.516458000000000042e-02
1.656345000000000039e-02
1.565576000000000120e-02
1.442226999999999919e-02
8.850129999999999456e-03
8.484079999999999747e-03
9.161549999999999208e-03
1.005209999999999958e-02
1.123189999999999952e-02
2.048086000000000004e-02
1.929142999999999830e-02
1.833890999999999993e-02
2.058913999999999883e-02
2.414343999999999865e-02
2.336904000000000065e-02
1.636106000000000019e-02
1.106956000000000086e-02
1.698503999999999986e-02
2.938854999999999940e-02
5.228116000000000013e-02
8.342241000000000239e-02
9.076918999999999960e-02
9.203680999999999668e-02
9.134444999999999371e-02
4.861150999999999667e-02
3.440337000000000256e-02
1.751031999999999936e-02
1.310322000000000049e-02
9.940489999999999743e-03
1.317964999999999935e-02
1.524351000000000005e-02
1.675816999999999932e-02
2.502864999999999951e-02
3.763036000000000159e-02
1.909336000000000019e-02
1.544852000000000031e-02
1.668044000000000124e-02
9.795059999999999531e-03
8.818380000000000662e-03
1.140174000000000049e-02
1.073583999999999997e-02
1.005535999999999930e-02
1.649018999999999832e-02
9.626710000000000128e-03
1.199450999999999989e-02
9.806290000000000492e-03
8.796810000000000393e-03
9.884079999999999949e-03
9.450000000000000067e-03
1.157520000000000077e-02
1.147729999999999931e-02
9.138449999999999351e-03
9.591999999999999832e-03
9.215400000000000327e-03
9.304510000000000211e-03
9.802309999999999843e-03
1.257203999999999960e-02
1.350566999999999913e-02
8.822959999999999484e-03
