9.738669999999999619e-03
2.478603999999999877e-02
2.701080000000000148e-02
2.723323999999999884e-02
2.927211000000000049e-02
3.566972999999999672e-02
3.012625000000000025e-02
2.260142999999999874e-02
1.547772000000000037e-02
1.248107000000000036e-02
1.158085000000000017e-02
9.183699999999999503e-03
9.481579999999999869e-03
9.845370000000000857e-03
1.096689999999999991e-02
1.114998000000000031e-02
1.257646999999999932e-02
1.541169000000000046e-02
1.291381999999999947e-02
9.896910000000000082e-03
9.675279999999999644e-03
9.648300000000000279e-03
8.966270000000000143e-03
8.777629999999999807e-03
8.972259999999999264e-03
8.741900000000000365e-03
8.386889999999999276e-03
8.261350000000000637e-03
8.631250000000000033e-03
9.059889999999999263e-03
8.600299999999999959e-03
8.921349999999999766e-03
8.609800000000000786e-03
8.395410000000000719e-03
8.500769999999999507e-03
8.226040000000000435e-03
8.494810000000000208e-03
8.708920000000000203e-03
9.574519999999999559e-03
9.557569999999999608e-03
8.685270000000000143e-03
8.822470000000000659e-03
9.331010000000000693e-03
9.422500000000000320e-03
9.696400000000000852e-03
9.721189999999999345e-03
8.958570000000000769e-03
9.152989999999999737e-03
8.778229999999999714e-03
8.789049999999999641e-03
8.539329999999999490e-03
8.549030000000000865e-03
8.233360000000000331e-03
8.371150000000000813e-03
8.911530000000000840e-03
9.049470000000000430e-03
9.131770000000000859e-03
9.233339999999999603e-03
9.434780000000000250e-03
9.108760000000000467e-03
8.495479999999999698e-03
9.013890000000000097e-03
8.365519999999999554e-03
7.869420000000000234e-03
