7.180520000000000132e-03
9.056849999999999970e-03
1.190863999999999985e-02
1.304456000000000018e-02
1.782919999999999991e-02
1.654763999999999888e-02
1.029505999999999998e-02
9.434210000000000165e-03
9.616170000000000273e-03
9.875460000000000835e-03
1.132212999999999969e-02
1.418835000000000061e-02
1.100065000000000071e-02
9.223179999999999226e-03
1.051492000000000052e-02
1.335271000000000027e-02
1.266935999999999930e-02
1.215127000000000047e-02
1.242429999999999923e-02
1.384690000000000053e-02
2.016218999999999997e-02
2.140482000000000148e-02
1.683288000000000145e-02
1.182631999999999954e-02
9.461640000000000328e-03
1.202914000000000067e-02
1.501332000000000014e-02
1.642468000000000053e-02
1.247142000000000042e-02
1.761824999999999850e-02
2.339781000000000152e-02
2.919004999999999864e-02
3.829704999999999915e-02
1.393145999999999968e-02
1.094788000000000011e-02
1.377526999999999918e-02
1.763738999999999932e-02
3.862995000000000317e-02
8.001216999999999357e-02
8.507209999999999772e-02
9.780492000000000352e-02
9.875744000000000189e-02
7.567042000000000213e-02
6.469429999999999625e-02
1.982439999999999897e-02
2.055092999999999850e-02
1.014662000000000029e-02
1.421452999999999953e-02
1.157098999999999975e-02
1.303528999999999972e-02
1.631422000000000080e-02
2.066151000000000099e-02
3.993428999999999729e-02
2.857994999999999980e-02
2.682038000000000130e-02
2.466097999999999901e-02
1.865858999999999920e-02
1.012817000000000058e-02
9.024710000000000024e-03
1.001260999999999991e-02
1.087360000000000063e-02
1.247254000000000071e-02
1.650041000000000008e-02
9.334230000000000652e-03
