7.501660000000000272e-03
8.677709999999999937e-03
8.251230000000000023e-03
8.340109999999999538e-03
8.407480000000000162e-03
8.852129999999999721e-03
8.147299999999999681e-03
8.126410000000000577e-03
8.149780000000000565e-03
8.509410000000000238e-03
8.831939999999999930e-03
8.623769999999999353e-03
8.670620000000000410e-03
8.801359999999999392e-03
8.472489999999999188e-03
8.988829999999999737e-03
9.028660000000000851e-03
8.655509999999999940e-03
8.396439999999999806e-03
8.250089999999999854e-03
9.257819999999999938e-03
1.095673999999999954e-02
1.192721000000000059e-02
9.568099999999999522e-03
8.427250000000000713e-03
8.506730000000000541e-03
9.976870000000000530e-03
1.003689999999999964e-02
9.721729999999999608e-03
9.280089999999999520e-03
8.633560000000000192e-03
8.883669999999999761e-03
8.870660000000000697e-03
9.313089999999999563e-03
8.702200000000000213e-03
8.467540000000000830e-03
8.394330000000000194e-03
9.113609999999999420e-03
8.758059999999999803e-03
8.621020000000000072e-03
8.413570000000000423e-03
8.344930000000000403e-03
8.206700000000000800e-03
8.363350000000000298e-03
8.756520000000000276e-03
9.369560000000000735e-03
9.890150000000000330e-03
1.036091999999999916e-02
9.459830000000000669e-03
8.342880000000000434e-03
8.330419999999999839e-03
9.142010000000000761e-03
9.642299999999999482e-03
9.464729999999999324e-03
9.653129999999999350e-03
1.041861999999999996e-02
1.336645000000000021e-02
1.723703000000000041e-02
2.200923999999999936e-02
2.157954999999999943e-02
2.022053999999999865e-02
2.179847000000000035e-02
2.161478000000000010e-02
7.740379999999999830e-03
