1.880487999999999951e-02
2.913115000000000149e-02
2.568884999999999919e-02
3.818030000000000035e-02
4.094906999999999714e-02
3.089013999999999996e-02
2.406900999999999832e-02
1.526885000000000048e-02
1.938145999999999966e-02
3.934413999999999967e-02
4.475339999999999874e-02
4.023733000000000171e-02
2.371859999999999941e-02
1.956340000000000162e-02
2.998133999999999869e-02
3.282308999999999921e-02
5.540040999999999716e-02
5.219098999999999960e-02
3.207535999999999721e-02
1.595821000000000045e-02
1.549064999999999991e-02
4.049467999999999818e-02
4.085128999999999844e-02
2.276784000000000099e-02
1.854083999999999940e-02
1.121534000000000073e-02
3.237069000000000057e-02
6.147967000000000015e-02
6.047381999999999758e-02
2.480320000000000094e-02
4.504757999999999679e-02
4.584380999999999873e-02
5.918799999999999756e-02
4.938068999999999792e-02
3.812429999999999986e-02
2.191233000000000070e-02
5.415347000000000216e-02
7.845187000000000688e-02
7.964615999999999363e-02
3.508160999999999918e-02
4.039294999999999691e-02
1.014691300000000046e-01
1.359797699999999998e-01
1.453195499999999918e-01
1.340246200000000110e-01
5.473835999999999979e-02
7.244443999999999884e-02
1.542571299999999923e-01
3.489494899999999733e-01
5.600840400000000052e-01
6.916244599999999965e-01
7.005378599999999567e-01
6.938270899999999797e-01
6.995918800000000548e-01
5.971067500000000194e-01
3.747356199999999915e-01
1.763022800000000057e-01
1.027531599999999962e-01
5.190651999999999766e-02
2.565889000000000017e-02
1.797531000000000129e-02
2.755186000000000093e-02
3.418075000000000280e-02
2.841797000000000073e-02
