7.648010000000000225e-03
1.095282000000000026e-02
1.399800000000000003e-02
1.014865000000000038e-02
1.579358999999999971e-02
1.126913000000000047e-02
1.014746000000000051e-02
1.192344000000000043e-02
1.544791000000000046e-02
1.450514999999999964e-02
1.768201000000000148e-02
1.423635999999999999e-02
1.329566000000000081e-02
1.364263999999999928e-02
1.448716000000000066e-02
1.216749999999999950e-02
1.659940000000000027e-02
1.321904999999999955e-02
1.317125000000000067e-02
1.761536000000000005e-02
2.273170000000000052e-02
2.937011999999999956e-02
2.435243000000000130e-02
1.414563999999999926e-02
1.156512999999999985e-02
1.044292999999999957e-02
2.607761999999999927e-02
6.482414999999999705e-02
9.063039999999999985e-02
9.578261999999999887e-02
1.000662799999999936e-01
8.973762000000000405e-02
8.868800000000000294e-02
6.576701000000000075e-02
3.083986000000000019e-02
1.731966000000000061e-02
1.360796000000000054e-02
9.226109999999999173e-03
1.582524999999999904e-02
1.909457999999999989e-02
2.138723999999999834e-02
2.948289000000000118e-02
3.490623000000000337e-02
2.653171000000000002e-02
2.646097999999999853e-02
1.520863000000000076e-02
1.397940999999999941e-02
1.022177999999999976e-02
1.457383999999999936e-02
1.786729999999999915e-02
1.658271999999999871e-02
1.995165000000000133e-02
1.008040999999999972e-02
1.800745999999999944e-02
1.065377999999999985e-02
1.318002000000000062e-02
1.254644000000000072e-02
9.824420000000000375e-03
1.079415000000000062e-02
1.074587999999999932e-02
1.555263999999999952e-02
9.961170000000000094e-03
1.019381999999999927e-02
8.798689999999999636e-03
