1.144812000000000086e-02
2.357547999999999935e-02
3.182804999999999662e-02
3.894022999999999929e-02
5.618867999999999779e-02
6.811184000000000682e-02
6.586095999999999617e-02
4.028579999999999661e-02
2.580473999999999962e-02
2.840967000000000145e-02
4.596929000000000293e-02
4.824467000000000338e-02
3.194484000000000212e-02
2.773176000000000113e-02
2.126350999999999936e-02
3.209150000000000197e-02
5.510212999999999917e-02
6.743319999999999870e-02
5.944664000000000198e-02
4.283181999999999962e-02
3.450145000000000295e-02
3.043403000000000080e-02
5.483385999999999816e-02
5.855363999999999708e-02
3.749376000000000098e-02
4.061905999999999850e-02
4.465833000000000302e-02
8.422153999999999752e-02
6.550224999999999798e-02
2.490714000000000122e-02
4.146401999999999727e-02
4.689398000000000177e-02
5.710849999999999954e-02
8.299950999999999857e-02
1.089882900000000016e-01
5.974012000000000072e-02
4.406532999999999978e-02
7.948499000000000536e-02
1.190724400000000016e-01
8.159360000000000224e-02
5.398975000000000302e-02
6.661366999999999983e-02
1.190240800000000043e-01
2.032736099999999935e-01
1.655606599999999984e-01
8.106436000000000197e-02
4.362268999999999869e-02
5.307295000000000068e-02
1.325974500000000056e-01
3.444854299999999814e-01
5.821262600000000065e-01
6.538085900000000228e-01
7.147148800000000524e-01
7.382613999999999566e-01
7.210410200000000325e-01
6.267634600000000500e-01
5.114733000000000196e-01
4.081317799999999996e-01
2.798213099999999898e-01
1.504958700000000038e-01
6.511904999999999777e-02
3.028310999999999850e-02
1.901568999999999829e-02
3.837726000000000331e-02
