8.361240000000000686e-03
9.340769999999999976e-03
1.114522000000000082e-02
1.276481999999999964e-02
1.545153999999999972e-02
1.423143999999999972e-02
9.593140000000000001e-03
9.938479999999999537e-03
9.169029999999999889e-03
8.942939999999999917e-03
9.340779999999999916e-03
9.804860000000000311e-03
1.010280000000000032e-02
8.464509999999999743e-03
9.655030000000000209e-03
1.139182000000000042e-02
1.173555000000000084e-02
1.064003999999999991e-02
1.163369000000000035e-02
1.358510999999999920e-02
1.560819999999999916e-02
1.955507000000000078e-02
1.438997000000000019e-02
1.049430999999999975e-02
1.004597999999999949e-02
1.095051000000000010e-02
1.227288999999999984e-02
1.195946999999999982e-02
1.144895999999999935e-02
1.521006999999999915e-02
2.124057999999999849e-02
2.601283999999999888e-02
2.577470000000000108e-02
1.812454000000000148e-02
1.486118999999999982e-02
2.011374999999999968e-02
2.910195000000000143e-02
7.216132000000000102e-02
7.333112999999999437e-02
7.713475000000000192e-02
7.854508999999999797e-02
6.998774000000000661e-02
5.106304999999999872e-02
4.153044999999999654e-02
1.912552000000000002e-02
1.291806000000000031e-02
1.049401999999999974e-02
1.178849000000000043e-02
1.153331999999999968e-02
1.700907000000000113e-02
1.618172999999999834e-02
2.831753999999999868e-02
3.253708000000000294e-02
2.496477999999999892e-02
2.550441000000000166e-02
2.407211999999999893e-02
2.037293999999999911e-02
1.024008000000000036e-02
9.329550000000000690e-03
9.448589999999999767e-03
1.080005000000000027e-02
1.461573000000000039e-02
1.571890000000000093e-02
9.290889999999999566e-03
