1.514992000000000075e-02
2.308535000000000101e-02
3.594293999999999961e-02
4.701272000000000090e-02
5.132819000000000270e-02
4.302276000000000017e-02
1.807933999999999930e-02
1.245939000000000074e-02
1.248612999999999980e-02
3.568497000000000335e-02
4.488226000000000021e-02
4.406125999999999793e-02
3.809027000000000246e-02
3.370671000000000084e-02
3.665497000000000200e-02
6.951490999999999920e-02
5.752623999999999932e-02
2.034021999999999913e-02
1.456091999999999977e-02
2.245025999999999966e-02
2.330261999999999958e-02
2.943526999999999949e-02
5.280626000000000070e-02
4.303433999999999732e-02
7.028648999999999314e-02
9.403400000000000647e-02
1.037621600000000061e-01
9.846298000000000550e-02
6.322453999999999574e-02
4.388042999999999805e-02
3.825383000000000255e-02
6.564003999999999672e-02
9.153627999999999765e-02
8.532264000000000514e-02
8.245036999999999505e-02
1.297488699999999884e-01
1.068795800000000018e-01
1.651582099999999997e-01
1.281917800000000052e-01
7.250160999999999412e-02
5.416515000000000218e-02
8.069215000000000415e-02
2.245762099999999983e-01
3.816669899999999838e-01
4.993036699999999772e-01
5.949239100000000002e-01
6.695959599999999901e-01
6.756503000000000370e-01
5.936884300000000447e-01
2.725210499999999869e-01
1.899406299999999992e-01
1.624109099999999917e-01
5.841634999999999883e-02
3.852980000000000294e-02
3.483386000000000121e-02
4.348111000000000337e-02
6.165895999999999877e-02
9.587619000000000002e-02
9.846129000000000686e-02
1.816253200000000068e-01
2.182902999999999927e-01
1.802757500000000124e-01
7.956457000000000113e-02
2.706702999999999887e-02
