1.022640000000000007e-02
1.262096000000000051e-02
1.507163000000000079e-02
1.867359000000000033e-02
2.643699999999999870e-02
2.685939000000000035e-02
1.689480000000000148e-02
1.301002000000000061e-02
1.421607000000000079e-02
1.526190000000000012e-02
2.327043000000000167e-02
2.300980999999999860e-02
3.005007999999999985e-02
3.311465000000000242e-02
1.507319000000000020e-02
2.584296999999999983e-02
2.845135999999999846e-02
1.577633999999999981e-02
1.407951999999999988e-02
1.771725999999999857e-02
1.210433999999999989e-02
1.584649000000000127e-02
2.832250000000000045e-02
2.071659000000000000e-02
3.109947000000000059e-02
3.462586000000000136e-02
3.302860999999999991e-02
3.855029000000000095e-02
4.099287000000000070e-02
3.139895999999999660e-02
1.845033999999999910e-02
1.718402999999999944e-02
2.574299000000000032e-02
2.775590000000000002e-02
3.002861000000000072e-02
3.521433999999999676e-02
3.410706000000000154e-02
5.084199999999999831e-02
5.571475000000000039e-02
4.669232000000000243e-02
3.000146000000000063e-02
2.640725000000000017e-02
6.587600000000000400e-02
1.146455599999999936e-01
1.898203199999999868e-01
3.021265000000000200e-01
3.433663000000000132e-01
3.493413599999999897e-01
3.109273599999999860e-01
2.012534300000000109e-01
1.448892200000000130e-01
1.023477200000000031e-01
5.975078000000000333e-02
3.555861999999999912e-02
1.240227999999999990e-02
1.196232000000000024e-02
2.311991000000000046e-02
2.639363999999999946e-02
3.934308000000000249e-02
5.163042999999999799e-02
6.439709999999999879e-02
4.929142999999999719e-02
3.412145999999999929e-02
1.535294000000000068e-02
