1.950812999999999853e-02
3.081518999999999925e-02
3.258739000000000080e-02
4.546366000000000296e-02
5.983660999999999841e-02
6.347837000000000618e-02
3.534066000000000290e-02
2.348936000000000079e-02
2.919131000000000156e-02
3.555537000000000281e-02
6.668512999999999524e-02
8.005838999999999317e-02
8.921708999999999889e-02
1.071237399999999951e-01
5.305150000000000143e-02
7.902636000000000382e-02
6.233353999999999978e-02
3.450848000000000110e-02
4.197665999999999897e-02
4.935091999999999951e-02
2.347511000000000042e-02
3.071174999999999947e-02
7.864822999999999953e-02
7.569579999999999365e-02
1.189977799999999974e-01
1.208647899999999997e-01
1.170005600000000034e-01
1.228299699999999967e-01
1.299237900000000112e-01
1.619951400000000097e-01
7.580475999999999881e-02
4.108996000000000176e-02
7.514901000000000220e-02
9.791606999999999394e-02
1.190361699999999967e-01
1.348934599999999928e-01
1.420632500000000020e-01
1.749281699999999939e-01
2.130357900000000027e-01
2.156938899999999992e-01
1.598498700000000050e-01
6.750815000000000288e-02
1.948226799999999981e-01
3.831293299999999902e-01
5.620720399999999950e-01
7.584896700000000047e-01
8.038868900000000206e-01
8.023220899999999878e-01
7.622731900000000449e-01
6.256267399999999590e-01
5.600426200000000465e-01
5.433540300000000434e-01
2.355929599999999902e-01
1.685762600000000055e-01
1.597337000000000062e-02
2.766762000000000041e-02
5.872795000000000099e-02
6.978283000000000402e-02
1.032563900000000034e-01
1.676932600000000106e-01
2.183708699999999947e-01
1.857845599999999875e-01
1.086613200000000057e-01
3.573482000000000047e-02
