1.670908999999999936e-02
4.074226000000000236e-02
4.005627999999999966e-02
2.909764999999999921e-02
2.629458999999999963e-02
2.239158999999999941e-02
2.085033000000000025e-02
1.586550000000000113e-02
9.940380000000000396e-03
1.044087999999999961e-02
1.043058000000000006e-02
8.767149999999999596e-03
1.091057999999999958e-02
1.423111999999999988e-02
1.381212000000000065e-02
1.575725000000000042e-02
1.660678000000000154e-02
1.620815999999999923e-02
1.455685999999999959e-02
1.061025999999999983e-02
9.072780000000000775e-03
9.017239999999999284e-03
8.965970000000000190e-03
8.538189999999999322e-03
9.171709999999999585e-03
1.015264999999999918e-02
9.009039999999999410e-03
8.722459999999999589e-03
8.549479999999999927e-03
8.597969999999999918e-03
8.942790000000000808e-03
9.057610000000000661e-03
9.039159999999999209e-03
8.592459999999999681e-03
8.583199999999999164e-03
8.877919999999999215e-03
8.453870000000000481e-03
9.039129999999999387e-03
9.262670000000000625e-03
8.972219999999999501e-03
8.763949999999999518e-03
8.867150000000000726e-03
1.095634000000000018e-02
1.070734999999999916e-02
9.502009999999999970e-03
8.620299999999999144e-03
9.136419999999999264e-03
8.924780000000000213e-03
9.501890000000000683e-03
8.889839999999999548e-03
8.424869999999999234e-03
8.398160000000000000e-03
8.370860000000000800e-03
9.004319999999999685e-03
8.862949999999999648e-03
8.607739999999999142e-03
9.156040000000000706e-03
9.069080000000000197e-03
9.285490000000000410e-03
8.504090000000000607e-03
8.484770000000000853e-03
8.644729999999999775e-03
8.525539999999999854e-03
7.760600000000000311e-03
