4.775179000000000229e-02
8.600338999999999900e-02
6.836053999999999742e-02
1.119634800000000041e-01
1.321326899999999971e-01
1.771270799999999923e-01
2.294466599999999967e-01
2.017940400000000079e-01
1.559771899999999878e-01
6.645478999999999969e-02
2.708817999999999990e-02
2.506589000000000039e-02
4.330694000000000210e-02
1.049017500000000019e-01
2.051861000000000101e-01
2.441199000000000008e-01
2.115519200000000044e-01
2.177595599999999909e-01
3.349898199999999937e-01
4.312235400000000163e-01
2.791932799999999881e-01
8.387128000000000638e-02
1.671656499999999990e-01
3.639669700000000008e-01
6.857103700000000135e-01
8.718542500000000528e-01
9.069212100000000332e-01
9.257367300000000077e-01
8.889339600000000230e-01
7.956866599999999901e-01
6.392186300000000099e-01
4.098523299999999869e-01
2.613285499999999928e-01
4.209204999999999891e-02
5.974950999999999873e-02
1.020230099999999973e-01
1.940029299999999901e-01
4.001429699999999867e-01
4.125060400000000183e-01
3.677716899999999844e-01
3.538232399999999833e-01
2.346319400000000110e-01
1.027908099999999963e-01
3.685350999999999905e-02
3.815674000000000149e-02
5.686428999999999789e-02
5.302169999999999800e-02
1.051686599999999971e-01
5.826673000000000269e-02
7.720414999999999917e-02
5.155185999999999796e-02
2.914728000000000110e-02
4.784784999999999733e-02
5.332355999999999902e-02
6.895927000000000306e-02
5.265381999999999701e-02
3.127905999999999742e-02
2.597448999999999938e-02
1.636790000000000120e-02
2.257945000000000091e-02
2.372049000000000032e-02
7.079747000000000123e-02
9.190128999999999659e-02
3.840082999999999691e-02
