1.342264999999999951e-02
2.582620000000000055e-02
2.045740000000000058e-02
2.744305999999999829e-02
5.793394999999999795e-02
4.994395000000000084e-02
5.058822999999999792e-02
4.335134000000000210e-02
2.107088999999999837e-02
4.048300999999999983e-02
1.001558000000000032e-01
3.927862000000000020e-02
4.503913999999999834e-02
8.639998999999999596e-02
8.949643000000000181e-02
1.144153599999999937e-01
1.041146800000000011e-01
2.280956799999999951e-01
1.113416799999999984e-01
5.425495000000000317e-02
2.451174000000000061e-02
5.236244000000000315e-02
1.317101099999999914e-01
1.756904099999999913e-01
1.097751000000000005e-01
1.393498800000000093e-01
3.317843400000000109e-01
5.096460600000000118e-01
3.941284999999999927e-01
2.182168399999999953e-01
5.709716000000000097e-02
6.015355000000000008e-02
1.622169300000000092e-01
7.502754900000000449e-01
8.137638000000000371e-01
8.985067599999999599e-01
9.299361099999999825e-01
8.963255300000000370e-01
8.138370499999999508e-01
6.223574299999999893e-01
2.645116200000000029e-01
1.168204800000000043e-01
2.910578999999999944e-02
3.285376000000000268e-02
9.768823000000000090e-02
1.656689899999999882e-01
3.182242800000000260e-01
3.384100800000000020e-01
3.255039200000000021e-01
4.524883599999999784e-01
4.446436799999999856e-01
3.434537400000000074e-01
1.061175699999999944e-01
1.036426899999999957e-01
9.850884999999999503e-02
1.495752200000000087e-01
1.675231600000000043e-01
2.749933600000000200e-01
2.145470700000000064e-01
7.962510000000000421e-02
1.661978100000000014e-01
1.810939000000000021e-01
1.268075100000000122e-01
5.741780999999999968e-02
