8.719450000000000117e-03
9.684430000000000816e-03
1.073240999999999952e-02
1.954223999999999892e-02
3.484567000000000220e-02
4.689341000000000342e-02
6.536340999999999679e-02
7.224642000000000563e-02
6.915190999999999699e-02
7.800476000000000631e-02
8.397245000000000403e-02
5.109132999999999730e-02
3.709263000000000143e-02
2.150219999999999909e-02
1.126073000000000005e-02
9.863139999999999408e-03
9.605739999999999765e-03
1.126891999999999998e-02
1.251285000000000071e-02
1.514115000000000079e-02
1.899781000000000039e-02
2.138572999999999863e-02
2.046695999999999932e-02
1.567543000000000061e-02
1.469185999999999929e-02
1.350212999999999934e-02
1.392426000000000080e-02
1.082661000000000040e-02
1.265375000000000007e-02
1.180817999999999972e-02
9.602789999999999937e-03
9.873810000000000225e-03
9.527100000000000152e-03
1.005341000000000047e-02
1.022950000000000075e-02
9.168139999999999970e-03
1.049204999999999929e-02
1.157408000000000048e-02
9.527199999999999558e-03
8.647280000000000244e-03
9.114830000000000848e-03
9.755540000000000045e-03
1.169497000000000071e-02
1.151123000000000077e-02
9.520690000000000056e-03
9.180709999999999912e-03
1.039466000000000001e-02
1.013857999999999947e-02
1.063318000000000076e-02
1.237472000000000051e-02
1.059444000000000011e-02
9.430140000000000050e-03
8.919699999999999157e-03
1.084421999999999990e-02
1.260633000000000066e-02
1.169060000000000064e-02
1.086055000000000006e-02
8.740140000000000409e-03
8.782569999999999960e-03
9.186349999999999377e-03
9.284620000000000373e-03
1.044548000000000004e-02
1.016033000000000040e-02
8.192380000000000842e-03
