7.655119999999999633e-03
1.288956999999999950e-02
1.025329999999999991e-02
1.261421000000000070e-02
1.331184000000000013e-02
1.206894000000000022e-02
1.105730000000000081e-02
8.683649999999999355e-03
9.293469999999999856e-03
1.153513999999999928e-02
1.589014999999999872e-02
2.063583999999999904e-02
1.749184000000000155e-02
1.396694000000000060e-02
1.330078999999999984e-02
1.208203000000000055e-02
9.926080000000000320e-03
1.191195999999999922e-02
1.939255999999999966e-02
2.327045000000000155e-02
2.153439000000000048e-02
2.522367000000000012e-02
2.498939000000000021e-02
1.972228999999999996e-02
1.882462999999999845e-02
2.228609999999999966e-02
1.500368000000000014e-02
1.383989000000000053e-02
2.146210000000000132e-02
1.843122999999999984e-02
1.210848999999999953e-02
1.409111000000000044e-02
1.661181000000000116e-02
1.507409000000000006e-02
1.710075999999999957e-02
2.207958000000000143e-02
2.259689999999999963e-02
2.763420000000000112e-02
3.077109000000000094e-02
2.871813999999999964e-02
2.230547000000000085e-02
1.621913999999999995e-02
1.712429000000000034e-02
1.732316000000000064e-02
2.669836000000000084e-02
4.404742999999999853e-02
5.756847999999999826e-02
5.405675000000000063e-02
4.090789999999999704e-02
6.529917999999999834e-02
7.310292999999999652e-02
6.509454000000000629e-02
4.384107999999999755e-02
3.565771999999999692e-02
2.992662000000000100e-02
5.755700999999999873e-02
1.040253500000000025e-01
1.794230199999999886e-01
2.333039000000000085e-01
2.734268300000000096e-01
3.237589000000000161e-01
3.650965400000000249e-01
3.341965100000000022e-01
1.711626999999999940e-02
