7.503260000000000311e-03
9.021770000000000136e-03
9.671710000000000029e-03
9.667270000000000377e-03
8.862500000000000586e-03
8.905980000000000840e-03
8.692149999999999183e-03
8.277039999999999398e-03
7.967119999999999411e-03
8.116220000000000379e-03
8.473160000000000414e-03
8.664500000000000327e-03
9.345159999999999925e-03
1.061900999999999991e-02
1.127517999999999923e-02
9.876100000000000503e-03
9.142219999999999513e-03
8.635920000000000055e-03
8.590089999999999879e-03
8.459059999999999149e-03
8.285789999999999475e-03
8.181100000000000178e-03
8.069549999999999987e-03
7.955910000000000065e-03
7.945630000000000401e-03
8.244929999999999273e-03
8.191880000000000342e-03
8.048110000000000680e-03
8.284859999999999794e-03
8.067589999999999484e-03
8.108260000000000814e-03
7.925009999999999694e-03
8.282400000000000526e-03
8.295000000000000290e-03
8.197710000000000413e-03
8.130929999999999755e-03
8.100309999999999455e-03
8.263059999999999156e-03
8.158050000000000024e-03
8.258619999999999503e-03
7.838229999999999850e-03
8.234089999999999465e-03
8.183100000000000443e-03
8.333510000000000570e-03
8.299900000000000680e-03
8.294110000000000371e-03
8.505199999999999219e-03
8.788759999999999628e-03
8.297260000000000746e-03
8.276419999999999610e-03
8.360019999999999257e-03
8.172739999999999519e-03
8.277730000000000504e-03
8.343059999999999365e-03
8.341319999999999291e-03
8.304060000000000261e-03
8.588999999999999413e-03
8.675060000000000063e-03
8.451069999999999763e-03
8.108159999999999673e-03
8.098209999999999784e-03
8.260160000000000766e-03
7.933179999999999746e-03
7.380430000000000323e-03
