1.316173399999999993e-01
2.802151700000000134e-01
2.173321500000000017e-01
1.789433500000000010e-01
9.493914000000000519e-02
7.098242000000000440e-02
5.646529000000000131e-02
2.864958999999999908e-02
1.546023000000000015e-02
1.677292000000000019e-02
2.254331999999999864e-02
3.347930999999999824e-02
6.134830000000000144e-02
9.320069999999999744e-02
1.620382700000000120e-01
9.335411000000000403e-02
5.885478000000000237e-02
3.936680000000000040e-02
2.934731999999999966e-02
2.429774999999999990e-02
2.626283000000000090e-02
2.505105999999999999e-02
1.840960000000000166e-02
1.263359000000000010e-02
1.422964000000000000e-02
2.030032999999999838e-02
2.121402999999999830e-02
1.583137999999999906e-02
1.571501000000000148e-02
1.452793999999999960e-02
1.447773999999999936e-02
1.360417000000000050e-02
1.234083000000000055e-02
1.447917999999999948e-02
1.942344999999999836e-02
2.208757999999999902e-02
1.688966999999999899e-02
1.408915999999999988e-02
1.284647000000000046e-02
2.158119000000000010e-02
2.607326000000000088e-02
1.686419000000000112e-02
2.168843999999999980e-02
1.374516999999999926e-02
1.956145999999999927e-02
2.905637999999999971e-02
3.468312999999999952e-02
3.323208999999999885e-02
1.799511999999999987e-02
1.349248999999999934e-02
1.138326999999999915e-02
1.822054999999999855e-02
3.008059000000000080e-02
2.971721999999999905e-02
1.967311999999999880e-02
1.113776999999999996e-02
1.163480000000000070e-02
1.935817999999999914e-02
2.476543999999999968e-02
1.480948999999999981e-02
1.776242000000000099e-02
1.132348000000000035e-02
1.191065000000000006e-02
1.268738999999999978e-02
