1.812700999999999896e-02
3.484576999999999813e-02
3.417789999999999717e-02
2.665955000000000061e-02
2.524153999999999981e-02
2.402206999999999953e-02
1.733517000000000044e-02
1.412827000000000006e-02
1.041054999999999932e-02
9.315399999999999722e-03
9.183919999999999931e-03
9.274859999999999355e-03
1.262932999999999938e-02
1.744758999999999893e-02
1.544668000000000083e-02
1.591232000000000063e-02
1.409228000000000043e-02
1.512655000000000076e-02
1.257842999999999982e-02
1.085894999999999916e-02
1.014252000000000035e-02
9.189370000000000524e-03
8.556670000000000595e-03
8.363380000000000120e-03
9.014440000000000300e-03
1.018481000000000074e-02
9.477920000000000789e-03
8.568140000000000131e-03
8.677499999999999450e-03
8.474489999999999454e-03
9.313019999999999979e-03
9.433520000000000794e-03
8.743360000000000368e-03
8.174179999999999641e-03
8.852189999999999365e-03
8.626810000000000381e-03
9.162550000000000208e-03
8.963089999999999946e-03
8.483430000000000137e-03
8.376180000000000431e-03
9.003090000000000051e-03
9.382589999999999680e-03
1.006902999999999965e-02
9.766679999999999806e-03
9.439859999999999571e-03
8.742069999999999355e-03
9.357189999999999605e-03
9.927220000000000488e-03
9.880790000000000406e-03
9.254230000000000442e-03
8.210320000000000118e-03
8.325600000000000708e-03
9.319700000000000206e-03
9.495689999999999339e-03
8.941670000000000521e-03
8.603579999999999561e-03
8.796870000000000037e-03
8.816110000000000266e-03
9.145850000000000507e-03
8.862890000000000004e-03
9.365339999999999776e-03
9.474369999999999320e-03
8.359019999999999992e-03
7.916559999999999570e-03
