2.734148000000000134e-02
1.487185500000000049e-01
1.008941099999999952e-01
8.076366999999999574e-02
4.497227000000000169e-02
3.338068000000000285e-02
2.340327000000000032e-02
1.716068999999999928e-02
1.469273999999999927e-02
1.509286999999999955e-02
2.114121000000000056e-02
3.154044999999999765e-02
4.539751000000000203e-02
7.485770999999999398e-02
9.220383999999999525e-02
5.435849000000000236e-02
3.830075000000000146e-02
2.831633999999999887e-02
1.884790999999999897e-02
1.595045000000000143e-02
1.922344000000000136e-02
1.777776999999999830e-02
1.363950000000000058e-02
1.000283000000000075e-02
1.047737999999999968e-02
1.410591999999999922e-02
1.366880000000000005e-02
1.266701999999999932e-02
1.156417000000000035e-02
1.131017999999999954e-02
1.094902000000000028e-02
1.034549000000000059e-02
9.958150000000000682e-03
1.170503999999999989e-02
1.533102000000000076e-02
1.529844999999999990e-02
1.154750000000000047e-02
1.033029000000000065e-02
1.180313000000000022e-02
1.891993000000000147e-02
1.923379000000000061e-02
1.414222000000000048e-02
1.507413999999999976e-02
1.057450000000000057e-02
1.683903000000000136e-02
2.793233999999999995e-02
2.726858999999999880e-02
2.238187000000000162e-02
1.392798999999999947e-02
1.210253000000000023e-02
1.040355999999999920e-02
1.204392999999999957e-02
2.132935999999999860e-02
2.104953999999999853e-02
1.457408999999999961e-02
9.958220000000000266e-03
1.131888999999999985e-02
1.712943999999999925e-02
1.523074999999999950e-02
1.152184000000000021e-02
1.496190000000000020e-02
1.059445000000000005e-02
1.179737999999999967e-02
1.221056000000000051e-02
