1.189800000000000059e-02
3.871527999999999775e-02
1.001533200000000040e-01
1.544150599999999929e-01
2.071459999999999968e-01
1.718018699999999954e-01
4.010052000000000061e-02
4.945452999999999655e-02
6.134955000000000269e-02
3.951355000000000145e-02
7.398453000000000668e-02
9.336026000000000047e-02
5.151278000000000107e-02
2.954009000000000149e-02
4.224112000000000006e-02
8.910279999999999589e-02
6.779939000000000104e-02
7.843071000000000070e-02
1.066869599999999974e-01
1.740139099999999939e-01
3.298023600000000166e-01
2.846094100000000071e-01
1.559158400000000000e-01
6.312845999999999735e-02
5.141629999999999812e-02
1.026838499999999932e-01
1.960620700000000050e-01
1.728360999999999925e-01
1.286482100000000128e-01
2.271657699999999891e-01
3.420790400000000009e-01
4.710472499999999729e-01
3.484752199999999744e-01
1.053176400000000040e-01
7.630811999999999318e-02
1.641120600000000040e-01
4.694020999999999888e-01
8.140160400000000518e-01
9.719096400000000191e-01
9.474577299999999980e-01
9.234004000000000101e-01
9.138681899999999692e-01
8.467327399999999837e-01
7.491597500000000132e-01
3.581605299999999770e-01
1.701685800000000137e-01
5.038495999999999947e-02
4.138042000000000109e-02
5.881437999999999944e-02
1.124229199999999956e-01
2.384699700000000033e-01
4.313427799999999812e-01
5.949953199999999942e-01
5.773602100000000403e-01
4.901791799999999921e-01
4.235802599999999862e-01
3.628319199999999745e-01
8.813200999999999674e-02
6.854088999999999321e-02
5.276764999999999928e-02
5.312030000000000224e-02
1.331879199999999874e-01
1.306458000000000064e-01
5.325544000000000111e-02
