1.568071999999999869e-02
2.761283999999999961e-02
8.546159000000000394e-02
1.305034499999999931e-01
1.694470299999999985e-01
1.382346999999999881e-01
3.088501999999999914e-02
4.188067000000000178e-02
4.601037999999999656e-02
3.285040999999999656e-02
5.536463999999999969e-02
8.029308999999999752e-02
3.907440999999999692e-02
2.164009000000000071e-02
5.077310000000000156e-02
8.562313000000000562e-02
6.759766999999999859e-02
5.032310000000000255e-02
8.560341000000000478e-02
1.312656799999999957e-01
2.506634300000000204e-01
2.316536200000000045e-01
1.385911300000000068e-01
5.002623999999999960e-02
5.105606000000000033e-02
7.991178000000000170e-02
1.239117599999999958e-01
1.716140999999999917e-01
1.084830900000000042e-01
2.070218199999999953e-01
3.165196200000000015e-01
3.881882099999999780e-01
3.234716699999999889e-01
1.247518999999999989e-01
5.834194000000000185e-02
1.921947900000000042e-01
4.658894499999999828e-01
7.826396199999999803e-01
9.164980099999999741e-01
8.983318200000000031e-01
8.552792099999999564e-01
8.391640799999999789e-01
7.511593100000000245e-01
5.405483800000000505e-01
1.935503299999999927e-01
8.117367000000000332e-02
3.473844999999999711e-02
3.401549000000000239e-02
4.478143999999999875e-02
1.120830500000000035e-01
2.062854199999999971e-01
3.592881600000000231e-01
4.325137399999999799e-01
4.496422700000000106e-01
4.028654400000000191e-01
3.241675500000000265e-01
2.577021999999999924e-01
4.980800999999999978e-02
3.764403000000000193e-02
3.548998999999999904e-02
3.569172000000000317e-02
1.040571500000000010e-01
1.349987199999999887e-01
4.579687000000000341e-02
