7.515390000000000265e-03
1.161216999999999978e-02
8.689209999999999295e-03
8.538050000000000153e-03
8.824419999999999487e-03
1.065943999999999919e-02
9.475139999999999951e-03
9.584479999999999389e-03
9.920740000000000808e-03
9.227149999999999935e-03
9.954150000000000151e-03
9.187290000000000734e-03
1.241813999999999939e-02
1.225884999999999996e-02
1.056503999999999950e-02
9.494350000000000359e-03
8.982109999999999747e-03
8.323280000000000609e-03
9.863490000000000799e-03
1.251906000000000026e-02
9.198339999999999295e-03
9.575459999999999181e-03
9.996750000000000427e-03
1.289299999999999995e-02
1.394365000000000014e-02
1.468724000000000071e-02
1.048377999999999984e-02
1.026209999999999969e-02
1.274809000000000012e-02
1.689401000000000097e-02
1.292412000000000075e-02
9.280580000000000079e-03
8.802710000000000048e-03
9.984289999999999832e-03
1.194858000000000031e-02
1.270053999999999975e-02
1.186998000000000046e-02
1.322289999999999924e-02
1.726762000000000088e-02
1.951591999999999910e-02
2.330358999999999903e-02
2.079154999999999892e-02
1.458587000000000078e-02
1.368417000000000071e-02
1.995792000000000052e-02
3.857271999999999784e-02
5.282628000000000323e-02
5.423644999999999855e-02
6.797562999999999522e-02
5.533100999999999992e-02
5.812562000000000284e-02
5.072035999999999906e-02
2.860448000000000157e-02
2.617693000000000103e-02
1.243814000000000031e-02
9.634079999999999727e-03
1.006947000000000050e-02
1.058363000000000012e-02
1.316977000000000078e-02
1.851063999999999835e-02
2.046380999999999895e-02
1.922870000000000135e-02
1.417843000000000055e-02
9.337800000000000267e-03
