7.643500000000000121e-03
1.058446000000000040e-02
1.485285000000000077e-02
2.651823000000000027e-02
3.999679999999999902e-02
5.387361000000000233e-02
6.205718000000000345e-02
6.334314000000000611e-02
6.228881000000000001e-02
5.655223999999999668e-02
5.679386000000000156e-02
3.037897000000000167e-02
2.036651000000000086e-02
1.334715000000000033e-02
1.003216000000000004e-02
8.923590000000000341e-03
9.455949999999999425e-03
1.234039999999999963e-02
1.355907999999999940e-02
1.475121000000000071e-02
1.963758999999999991e-02
2.140270999999999840e-02
1.659439999999999873e-02
1.349113000000000048e-02
1.205713999999999918e-02
1.139742000000000012e-02
1.248701999999999972e-02
1.226495000000000016e-02
1.241627000000000008e-02
1.130511000000000016e-02
9.189350000000000643e-03
9.324779999999999527e-03
9.626960000000000378e-03
8.947510000000000532e-03
9.181019999999999806e-03
9.455339999999999578e-03
9.551630000000000190e-03
1.004666000000000066e-02
9.955379999999999785e-03
9.296699999999999756e-03
8.956709999999999672e-03
9.341679999999999776e-03
1.058461999999999945e-02
9.286700000000000163e-03
9.058570000000000164e-03
1.016967000000000045e-02
1.074248000000000043e-02
1.022569000000000082e-02
9.881390000000000312e-03
9.873099999999999238e-03
8.736090000000000175e-03
9.132279999999999565e-03
9.895499999999999782e-03
1.193316999999999989e-02
1.177437999999999922e-02
1.048377999999999984e-02
9.784320000000000864e-03
9.266520000000000312e-03
9.912419999999999912e-03
9.549159999999999246e-03
1.013883999999999966e-02
8.971069999999999392e-03
1.096467999999999922e-02
8.279889999999999819e-03
