7.490110000000000344e-03
8.075529999999999167e-03
8.218190000000000217e-03
8.504499999999999907e-03
8.312339999999999660e-03
8.487059999999999396e-03
8.493229999999999183e-03
8.198189999999999297e-03
7.878029999999999408e-03
8.147130000000000691e-03
8.447990000000000707e-03
8.448179999999999579e-03
8.257860000000000547e-03
7.939260000000000067e-03
8.262300000000000200e-03
8.272669999999999330e-03
8.610319999999999432e-03
8.206720000000000681e-03
8.389960000000000126e-03
9.049649999999999361e-03
9.094329999999999428e-03
8.866580000000000641e-03
9.243660000000000765e-03
9.310119999999999854e-03
8.727739999999999457e-03
8.707009999999999403e-03
9.005249999999999366e-03
8.859840000000000770e-03
8.255669999999999675e-03
8.837899999999999229e-03
9.241809999999999609e-03
9.352199999999999749e-03
8.948130000000000320e-03
1.063683999999999984e-02
9.747499999999999221e-03
8.608589999999999298e-03
8.745819999999999636e-03
1.214126999999999915e-02
2.313957999999999987e-02
2.157863000000000142e-02
2.495359999999999939e-02
2.869555999999999843e-02
2.080687000000000161e-02
3.153232000000000257e-02
2.037384999999999891e-02
1.734105999999999842e-02
1.919407000000000058e-02
1.750287999999999844e-02
9.160609999999999586e-03
1.018061999999999960e-02
9.114419999999999814e-03
1.111947999999999930e-02
1.276773999999999964e-02
1.365916999999999999e-02
1.571635999999999866e-02
2.038407999999999887e-02
1.648132000000000069e-02
1.408222999999999940e-02
1.085203000000000036e-02
9.720919999999999214e-03
9.660210000000000671e-03
8.377149999999999874e-03
9.058270000000000211e-03
8.308489999999999973e-03
