1.018864000000000054e-02
1.201387999999999935e-02
9.172440000000000454e-03
9.707119999999999638e-03
9.145630000000000079e-03
8.116460000000000688e-03
7.977470000000000394e-03
8.959540000000000212e-03
8.890969999999999776e-03
9.871950000000000863e-03
9.386179999999999177e-03
8.764799999999999675e-03
8.780839999999999826e-03
9.745320000000000024e-03
9.263719999999999594e-03
8.341859999999999553e-03
8.835040000000000601e-03
8.994699999999999571e-03
8.962770000000000112e-03
8.953410000000000188e-03
8.834180000000000504e-03
9.267720000000000125e-03
9.357870000000000771e-03
8.727199999999999194e-03
9.361500000000000030e-03
9.343709999999999863e-03
9.546539999999999193e-03
9.722500000000000239e-03
9.798080000000000678e-03
1.024990999999999923e-02
1.027541000000000045e-02
8.919140000000000748e-03
9.955920000000000047e-03
9.104950000000000543e-03
8.321659999999999821e-03
8.833370000000000111e-03
1.052949000000000072e-02
9.821850000000000025e-03
1.008106999999999927e-02
1.046952999999999946e-02
1.433419000000000013e-02
1.521983000000000016e-02
1.351424000000000028e-02
1.057638999999999975e-02
1.037344999999999934e-02
1.209010999999999940e-02
1.653479000000000060e-02
2.060891000000000112e-02
2.732516999999999932e-02
3.061306999999999917e-02
3.467361000000000054e-02
3.308342999999999701e-02
2.680232999999999921e-02
2.482062000000000157e-02
1.810198000000000015e-02
1.123687999999999944e-02
8.843659999999999716e-03
8.654330000000000009e-03
8.753300000000000317e-03
9.743470000000000603e-03
9.484209999999999863e-03
9.327759999999999177e-03
9.441899999999999599e-03
7.642490000000000047e-03
