7.798010000000000184e-03
2.340387999999999843e-02
2.662052999999999989e-02
2.224303000000000044e-02
2.207554999999999934e-02
2.435524999999999843e-02
2.357566999999999996e-02
1.406538000000000059e-02
1.167521000000000010e-02
1.259045999999999950e-02
1.198598000000000025e-02
9.344989999999999200e-03
9.467539999999999983e-03
1.019148999999999923e-02
1.144536999999999985e-02
1.201243999999999923e-02
1.115443999999999984e-02
1.418383999999999964e-02
1.221781000000000082e-02
1.140493000000000062e-02
9.977790000000000270e-03
8.973560000000000217e-03
8.145299999999999416e-03
8.234119999999999287e-03
8.529780000000000695e-03
8.872959999999999181e-03
8.155670000000000280e-03
8.384970000000000270e-03
8.585250000000000867e-03
8.573799999999999477e-03
8.354630000000000042e-03
8.402200000000000293e-03
8.431879999999999237e-03
8.007749999999999244e-03
7.955830000000000540e-03
8.058809999999999585e-03
8.367239999999999747e-03
8.370300000000000656e-03
8.541919999999999721e-03
8.177069999999999825e-03
7.946250000000000188e-03
8.520089999999999261e-03
9.044089999999999421e-03
8.780539999999999873e-03
9.000730000000000189e-03
8.427209999999999215e-03
8.193499999999999395e-03
8.363880000000000620e-03
8.426710000000000450e-03
8.269709999999999561e-03
8.261120000000000269e-03
8.195440000000000016e-03
7.967280000000000195e-03
8.051340000000000580e-03
8.356449999999999642e-03
8.571930000000000174e-03
8.519229999999999164e-03
8.114579999999999710e-03
8.327420000000000308e-03
8.173249999999999960e-03
8.324599999999999708e-03
8.259199999999999528e-03
7.837000000000000216e-03
7.408620000000000309e-03
