7.297200000000000214e-03
8.730730000000000782e-03
8.540489999999999540e-03
8.482240000000000266e-03
8.471229999999999732e-03
8.471879999999999342e-03
8.299700000000000133e-03
8.361820000000000710e-03
8.335969999999999838e-03
8.692939999999999695e-03
8.894249999999999379e-03
9.078630000000000727e-03
8.791860000000000300e-03
8.524330000000000102e-03
8.955009999999999359e-03
8.783400000000000235e-03
8.386879999999999336e-03
8.381130000000000524e-03
8.863499999999999851e-03
9.331429999999999933e-03
9.202729999999999244e-03
9.418779999999999861e-03
9.945999999999999980e-03
8.847270000000000828e-03
8.489790000000000531e-03
8.816400000000000278e-03
8.608609999999999179e-03
8.802769999999999692e-03
9.203050000000000813e-03
9.136170000000000749e-03
8.908610000000000834e-03
8.552979999999999958e-03
8.724100000000000257e-03
9.187199999999999533e-03
8.695210000000000092e-03
8.458639999999999909e-03
8.781759999999999566e-03
8.972050000000000511e-03
8.516889999999999183e-03
8.592890000000000597e-03
8.731829999999999453e-03
8.689650000000000152e-03
8.516750000000000015e-03
8.463019999999999918e-03
8.560190000000000507e-03
8.595300000000000162e-03
8.678719999999999143e-03
8.699919999999999876e-03
8.776630000000000542e-03
8.924750000000000391e-03
8.674680000000000585e-03
8.929859999999999534e-03
8.895639999999999797e-03
9.081439999999999652e-03
9.059799999999999798e-03
9.660389999999999602e-03
1.077917999999999932e-02
1.211456999999999985e-02
1.264258000000000048e-02
1.348170999999999918e-02
1.384723000000000030e-02
1.322228999999999939e-02
1.179553000000000025e-02
7.492269999999999659e-03
