7.209609999999999977e-03
9.354080000000000727e-03
8.554030000000000661e-03
9.079969999999999708e-03
1.006109999999999990e-02
9.277040000000000286e-03
1.156891999999999990e-02
9.742880000000000637e-03
9.334270000000000414e-03
9.138500000000000789e-03
9.637639999999999402e-03
8.977620000000000391e-03
1.120957000000000030e-02
1.161857999999999988e-02
1.115300999999999966e-02
1.088401999999999946e-02
9.781210000000000251e-03
1.560214000000000045e-02
1.439598999999999913e-02
1.175819999999999990e-02
1.250804999999999972e-02
9.314589999999999329e-03
1.070086999999999948e-02
1.411566000000000036e-02
1.275947000000000019e-02
1.385863000000000025e-02
1.724358999999999961e-02
3.173594999999999888e-02
2.631444999999999965e-02
2.407047000000000006e-02
1.729543999999999873e-02
1.093021999999999917e-02
1.101656999999999983e-02
2.191461000000000103e-02
3.982668000000000319e-02
6.014234999999999720e-02
7.741096999999999562e-02
9.112286999999999471e-02
9.065927999999999487e-02
8.425646000000000524e-02
4.837771999999999906e-02
2.461348999999999829e-02
1.505398999999999973e-02
1.372486000000000018e-02
1.044600000000000042e-02
1.447662000000000081e-02
2.439208000000000001e-02
3.020006999999999900e-02
2.211341000000000001e-02
3.490514000000000117e-02
3.719473999999999697e-02
3.521040000000000281e-02
2.420821999999999904e-02
1.559606000000000013e-02
1.474578000000000000e-02
1.303273999999999926e-02
1.688258000000000120e-02
2.122597000000000025e-02
1.604221000000000119e-02
1.571950999999999904e-02
1.803770000000000026e-02
1.660674999999999998e-02
1.897505999999999846e-02
9.380539999999999712e-03
