9.676719999999999766e-03
2.217337000000000127e-02
1.227986000000000008e-02
1.552431999999999944e-02
1.342106000000000028e-02
1.628668000000000129e-02
9.858709999999999696e-03
1.706670999999999883e-02
2.655425000000000146e-02
3.487407000000000007e-02
2.769235000000000099e-02
3.075119000000000116e-02
1.836575000000000013e-02
9.748569999999999805e-03
1.369313999999999948e-02
3.267247999999999680e-02
2.740369000000000138e-02
1.742845000000000158e-02
1.136339999999999920e-02
1.114727000000000079e-02
1.613958999999999880e-02
4.660856000000000027e-02
5.807183999999999957e-02
2.384738999999999956e-02
1.435318000000000010e-02
1.622078000000000061e-02
2.983623999999999998e-02
3.168155999999999750e-02
3.015160000000000062e-02
1.508792999999999940e-02
1.450762000000000058e-02
2.177814000000000139e-02
2.585035000000000110e-02
2.831366000000000091e-02
2.266767000000000087e-02
2.159252000000000046e-02
4.504868000000000067e-02
5.883664999999999728e-02
3.571719999999999756e-02
2.285643999999999870e-02
1.456724000000000040e-02
1.832465999999999956e-02
3.095082999999999862e-02
4.916323000000000221e-02
6.256077000000000166e-02
6.366776000000000379e-02
8.458335999999999633e-02
1.110701500000000064e-01
8.303795999999999400e-02
7.054280000000000272e-02
3.684838000000000002e-02
3.702178999999999887e-02
3.212319000000000285e-02
8.569438999999999529e-02
2.022619800000000079e-01
2.506146699999999838e-01
3.497157699999999814e-01
4.023809400000000203e-01
4.233438999999999952e-01
4.003111400000000097e-01
3.195162999999999753e-01
2.938099499999999864e-01
2.068138700000000108e-01
1.934351999999999946e-02
