1.408067999999999993e-02
3.977112000000000008e-02
1.628430999999999976e-02
1.981062999999999921e-02
3.062749999999999848e-02
3.997251999999999750e-02
3.134126999999999746e-02
2.572895000000000043e-02
3.237576000000000342e-02
2.206404000000000004e-02
2.852947000000000122e-02
3.549309999999999965e-02
6.027783999999999920e-02
7.005656999999999857e-02
3.596806000000000308e-02
2.722072000000000033e-02
2.149919000000000135e-02
1.592702000000000007e-02
2.184811000000000045e-02
3.505138000000000004e-02
1.332731000000000020e-02
2.043891999999999931e-02
3.426980999999999777e-02
5.252578000000000108e-02
7.421719999999999706e-02
6.012042000000000080e-02
4.384815999999999714e-02
6.020492000000000204e-02
7.811498999999999526e-02
1.007207600000000064e-01
4.852278000000000147e-02
1.534459999999999991e-02
2.487891000000000061e-02
4.288448999999999733e-02
7.875973000000000002e-02
9.047434999999999505e-02
7.820087000000000566e-02
1.027591999999999950e-01
1.445699000000000012e-01
1.637263700000000100e-01
1.508396899999999985e-01
7.781203999999999898e-02
5.838215000000000071e-02
1.271106999999999931e-01
2.966331799999999963e-01
5.032001099999999782e-01
6.174442199999999881e-01
6.740198099999999970e-01
6.924908800000000308e-01
5.532233699999999921e-01
5.178158299999999770e-01
3.972775000000000056e-01
2.388281399999999943e-01
1.572397600000000062e-01
3.590775999999999690e-02
1.787833999999999951e-02
2.933850000000000000e-02
4.837504000000000109e-02
6.071117999999999654e-02
1.036703800000000064e-01
1.673811699999999958e-01
1.435811399999999960e-01
1.169068000000000052e-01
3.076533999999999866e-02
