8.256440000000000307e-03
1.701093999999999870e-02
1.602875000000000133e-02
1.619985999999999995e-02
2.427696000000000021e-02
1.436666999999999979e-02
2.025033000000000041e-02
2.354565000000000130e-02
1.524407000000000019e-02
1.835546000000000053e-02
1.820116000000000095e-02
1.299191000000000061e-02
1.453252000000000016e-02
1.862855000000000066e-02
2.438610999999999904e-02
2.719794000000000031e-02
2.883971999999999924e-02
2.619704999999999950e-02
2.731039999999999857e-02
3.362485999999999947e-02
2.831791000000000169e-02
1.250587000000000053e-02
1.019237999999999915e-02
1.399422999999999986e-02
3.008745999999999990e-02
4.124761999999999873e-02
3.277511999999999787e-02
2.311109999999999901e-02
1.435687000000000074e-02
1.787029999999999869e-02
1.530876999999999932e-02
2.778585999999999903e-02
2.752614000000000102e-02
1.784772000000000094e-02
1.893384999999999860e-02
2.346679999999999947e-02
1.649441999999999922e-02
1.018576000000000030e-02
1.442790000000000045e-02
2.534053000000000000e-02
3.950156999999999974e-02
3.261308000000000262e-02
3.260351000000000221e-02
3.597551999999999695e-02
3.085384000000000043e-02
3.521753999999999857e-02
6.490447000000000577e-02
7.559593000000000562e-02
4.972710999999999798e-02
8.033969000000000527e-02
8.432114000000000276e-02
8.755393000000000203e-02
9.575105999999999895e-02
7.768240999999999341e-02
4.665446000000000176e-02
4.875399999999999873e-02
3.413668000000000258e-02
6.529000000000000081e-02
1.074999999999999983e-01
1.888876100000000113e-01
2.916213599999999961e-01
4.474292400000000058e-01
3.958295900000000089e-01
2.653542000000000053e-02
