1.071339999999999966e-02
1.674851999999999938e-02
2.453255999999999840e-02
2.833789999999999920e-02
3.130482999999999877e-02
3.070084000000000007e-02
1.517471999999999918e-02
1.024871999999999936e-02
1.203632999999999960e-02
2.144257999999999928e-02
3.438839999999999952e-02
3.876007000000000063e-02
3.421160000000000173e-02
3.056104999999999933e-02
2.558018000000000097e-02
4.611981999999999887e-02
3.475516000000000022e-02
1.861942999999999931e-02
1.423267999999999929e-02
1.750617999999999966e-02
1.652139999999999859e-02
2.497923000000000157e-02
3.976558000000000176e-02
3.440645999999999982e-02
5.318906000000000328e-02
6.479224999999999568e-02
6.982222000000000428e-02
6.514817999999999998e-02
4.916058000000000233e-02
4.316112999999999894e-02
2.521142999999999995e-02
3.248701999999999840e-02
4.709921999999999720e-02
5.223465000000000052e-02
5.504616999999999843e-02
7.091582999999999914e-02
7.292558000000000373e-02
8.973762000000000405e-02
8.870332999999999690e-02
7.183979000000000059e-02
4.116150999999999838e-02
6.178887999999999742e-02
1.659729799999999922e-01
2.870273300000000249e-01
3.986750199999999911e-01
4.845800399999999897e-01
5.583767299999999878e-01
5.447755499999999973e-01
5.269263400000000486e-01
2.960511399999999904e-01
1.777974200000000116e-01
1.495867399999999958e-01
5.220625999999999739e-02
3.514778000000000346e-02
1.991406000000000079e-02
2.761616000000000071e-02
4.557912000000000075e-02
4.926689000000000068e-02
6.508730000000000071e-02
1.172918500000000031e-01
1.241210600000000053e-01
9.193287999999999460e-02
6.106874000000000330e-02
2.036270000000000094e-02
