7.290719999999999666e-03
8.737270000000000106e-03
8.546500000000000277e-03
8.108539999999999151e-03
8.540419999999999956e-03
8.657540000000000027e-03
8.460240000000000815e-03
8.371429999999999150e-03
8.133210000000000092e-03
8.354590000000000280e-03
9.118950000000000666e-03
9.099640000000000853e-03
8.485259999999999678e-03
8.699490000000000695e-03
8.700539999999999663e-03
8.764050000000000659e-03
8.343460000000000459e-03
8.376720000000000693e-03
9.068520000000000053e-03
9.866830000000000045e-03
9.592579999999999857e-03
8.682729999999999615e-03
8.907830000000000262e-03
8.515490000000000559e-03
8.892580000000000623e-03
9.206769999999999537e-03
8.613670000000000354e-03
8.386670000000000583e-03
8.789589999999999903e-03
9.069439999999999794e-03
8.462700000000000083e-03
8.367919999999999178e-03
8.541740000000000790e-03
8.250109999999999735e-03
8.686120000000000299e-03
9.222759999999999986e-03
8.715769999999999421e-03
8.507799999999999391e-03
8.339759999999999882e-03
8.597880000000000453e-03
8.708499999999999228e-03
8.511049999999999172e-03
8.465800000000000755e-03
8.816519999999999566e-03
9.155740000000000753e-03
8.919830000000000120e-03
8.861980000000000204e-03
8.906360000000000318e-03
8.870609999999999259e-03
9.507979999999999210e-03
1.001477999999999917e-02
1.022436000000000005e-02
1.019954000000000000e-02
1.005850999999999967e-02
8.980270000000000266e-03
8.469980000000000217e-03
8.656570000000000584e-03
9.794159999999999672e-03
1.061352999999999949e-02
1.193116999999999962e-02
1.364506000000000052e-02
1.517799000000000058e-02
1.079662999999999977e-02
7.645240000000000195e-03
