7.716100000000000042e-03
8.863640000000000754e-03
8.436360000000000386e-03
9.580609999999999821e-03
1.016265000000000050e-02
1.069963999999999985e-02
1.252105000000000058e-02
1.061079000000000015e-02
9.195760000000000739e-03
8.314619999999999997e-03
8.609939999999999954e-03
8.765339999999999937e-03
8.452150000000000288e-03
8.578290000000000567e-03
8.615350000000000785e-03
8.559280000000000707e-03
8.345609999999999834e-03
9.143399999999999445e-03
9.160889999999999658e-03
8.864409999999999651e-03
8.966979999999999396e-03
9.118720000000000298e-03
1.028768000000000044e-02
1.045802000000000016e-02
9.510680000000000522e-03
1.119534999999999975e-02
9.888209999999999708e-03
1.105501000000000053e-02
9.799169999999999409e-03
9.168759999999999757e-03
1.004550000000000061e-02
1.048129000000000074e-02
1.207356000000000054e-02
1.203463999999999923e-02
1.293601999999999946e-02
1.454508000000000016e-02
9.889099999999999627e-03
1.321383999999999927e-02
1.604422999999999960e-02
1.219175999999999940e-02
1.039869000000000036e-02
9.633350000000000593e-03
1.106776999999999934e-02
1.292934999999999918e-02
1.496352999999999919e-02
1.280878000000000051e-02
1.258823000000000060e-02
1.204965000000000029e-02
1.266483000000000018e-02
1.566642999999999855e-02
1.924939000000000164e-02
1.881441999999999837e-02
2.330921000000000035e-02
2.681524000000000060e-02
3.274817000000000006e-02
3.054468999999999934e-02
2.932376000000000080e-02
2.516345999999999861e-02
2.142671000000000159e-02
1.578304999999999986e-02
1.091613999999999952e-02
8.910259999999999708e-03
8.575440000000000146e-03
8.721519999999999967e-03
