1.678872000000000003e-02
2.470440000000000136e-02
9.991250000000000131e-03
1.822195999999999885e-02
1.926156999999999869e-02
1.677986999999999881e-02
9.072530000000000525e-03
8.657530000000000087e-03
1.418510000000000083e-02
2.530413000000000107e-02
2.449952000000000032e-02
3.361531000000000241e-02
2.300597999999999879e-02
1.301084999999999915e-02
1.664565000000000142e-02
2.317048000000000024e-02
2.238684999999999981e-02
1.700576000000000171e-02
2.139063000000000075e-02
1.867233000000000087e-02
2.305427000000000171e-02
5.092448000000000113e-02
5.660119000000000261e-02
2.601314999999999877e-02
1.677806999999999910e-02
1.762574000000000085e-02
2.020223999999999978e-02
2.510797999999999849e-02
3.215733999999999954e-02
2.791893000000000152e-02
1.219757999999999953e-02
1.312977000000000068e-02
2.345532999999999993e-02
2.496347999999999970e-02
1.672347000000000070e-02
1.945577000000000070e-02
2.564251000000000030e-02
5.368897999999999726e-02
4.377372000000000207e-02
3.128846999999999878e-02
2.069044999999999912e-02
1.450656999999999988e-02
2.061783000000000018e-02
3.842307999999999835e-02
5.847698999999999953e-02
6.296084000000000402e-02
7.351853999999999334e-02
6.535594999999999599e-02
6.674238000000000393e-02
8.630991000000000357e-02
9.027222000000000024e-02
7.012585000000000346e-02
3.967579000000000244e-02
4.239468999999999876e-02
5.719086000000000308e-02
1.087666199999999944e-01
1.760181500000000121e-01
2.854596099999999748e-01
3.401285099999999950e-01
3.811676199999999848e-01
3.984383899999999756e-01
4.449669099999999933e-01
3.772158899999999981e-01
2.064641999999999866e-02
