9.654499999999999887e-03
1.661500999999999950e-02
1.123185999999999976e-02
1.762278999999999929e-02
2.435808999999999891e-02
4.513999999999999957e-02
6.186305999999999750e-02
9.265186999999999728e-02
1.118774299999999999e-01
1.199623600000000040e-01
1.173955899999999941e-01
9.340268999999999655e-02
7.669736000000000609e-02
5.498589999999999728e-02
2.318388999999999867e-02
1.462959999999999955e-02
1.374385000000000016e-02
1.054392000000000003e-02
1.156302000000000024e-02
1.498425999999999925e-02
2.281588999999999839e-02
2.686037000000000147e-02
2.687236000000000138e-02
2.389741999999999908e-02
2.964982000000000034e-02
2.279225000000000001e-02
1.548521999999999919e-02
1.122485999999999970e-02
1.433511999999999981e-02
1.253506000000000065e-02
1.084576999999999937e-02
1.178444000000000019e-02
1.108813999999999980e-02
1.120243999999999927e-02
1.117660000000000008e-02
9.351989999999999262e-03
1.090040999999999927e-02
1.299108000000000034e-02
1.135639999999999913e-02
8.991129999999999955e-03
9.259089999999999335e-03
1.030624999999999944e-02
1.333186999999999914e-02
1.315655999999999944e-02
9.937819999999999987e-03
9.037109999999999241e-03
9.660880000000000162e-03
9.784100000000000436e-03
1.240872999999999976e-02
1.332011999999999953e-02
1.289653999999999974e-02
1.088807999999999963e-02
8.776360000000000411e-03
1.004423999999999942e-02
1.237331000000000021e-02
1.478727999999999987e-02
1.409776000000000085e-02
8.826789999999999289e-03
8.809289999999999135e-03
9.000130000000000283e-03
1.013943999999999956e-02
1.098467000000000020e-02
1.667855000000000032e-02
8.912480000000000402e-03
