3.811881999999999771e-02
6.477452000000000210e-02
8.540991000000000555e-02
7.188331000000000581e-02
8.877147999999999983e-02
1.427259999999999918e-01
1.860896300000000059e-01
1.988431700000000135e-01
2.077617900000000017e-01
1.222399799999999981e-01
5.027016000000000123e-02
3.697054000000000312e-02
2.612567000000000014e-02
9.372157000000000404e-02
1.493050599999999895e-01
1.811632999999999993e-01
1.297259000000000051e-01
1.286257199999999989e-01
2.427794000000000063e-01
4.055001999999999773e-01
2.864584600000000258e-01
1.073798400000000042e-01
5.361350000000000143e-02
1.384818300000000002e-01
4.270364899999999908e-01
7.288454199999999661e-01
8.449927600000000094e-01
8.907329400000000286e-01
9.030832600000000543e-01
7.796461599999999770e-01
6.204378600000000077e-01
4.505175699999999783e-01
2.029922799999999972e-01
6.995076000000000072e-02
4.090273999999999993e-02
6.035225000000000312e-02
1.202038299999999976e-01
2.564883499999999761e-01
2.889844500000000038e-01
2.691892699999999805e-01
2.789419300000000046e-01
2.225181499999999979e-01
1.284748900000000082e-01
5.271137000000000045e-02
1.560197999999999967e-02
2.612273000000000026e-02
3.988509999999999972e-02
8.593172000000000310e-02
4.443720000000000309e-02
5.194142999999999677e-02
4.883769000000000304e-02
2.823851999999999959e-02
4.396975999999999662e-02
4.800172999999999940e-02
3.575993000000000227e-02
2.509727000000000138e-02
1.572242999999999905e-02
2.076099000000000000e-02
1.173255999999999952e-02
2.116215000000000110e-02
1.873429999999999887e-02
4.064526000000000250e-02
5.393295000000000033e-02
2.476143999999999915e-02
