8.165220000000000811e-03
9.064189999999999747e-03
8.378599999999999937e-03
8.782319999999999710e-03
8.879460000000000477e-03
8.731839999999999394e-03
8.439790000000000833e-03
8.700219999999999829e-03
8.697869999999999907e-03
8.645989999999999231e-03
9.417000000000000023e-03
9.525640000000000149e-03
8.389529999999999210e-03
8.429040000000000490e-03
8.662359999999999158e-03
9.025770000000000667e-03
8.980409999999999435e-03
8.626119999999999274e-03
8.394729999999999553e-03
8.381170000000000286e-03
8.699310000000000029e-03
9.259599999999999775e-03
9.161149999999999849e-03
8.641940000000000732e-03
8.525800000000000045e-03
8.656590000000000465e-03
8.926770000000000538e-03
8.837319999999999204e-03
9.040619999999999212e-03
8.694199999999999151e-03
8.409569999999999892e-03
8.515480000000000618e-03
8.663930000000000242e-03
8.579200000000000367e-03
8.604590000000000502e-03
8.344030000000000544e-03
8.757730000000000029e-03
9.220040000000000527e-03
9.052940000000000639e-03
8.749099999999999239e-03
8.250830000000000664e-03
8.533159999999999704e-03
8.621979999999999575e-03
9.795709999999999140e-03
1.019428000000000001e-02
9.549339999999999912e-03
9.218370000000000036e-03
1.013287000000000042e-02
1.026543000000000073e-02
1.066257999999999963e-02
9.534910000000000607e-03
9.448949999999999363e-03
8.803880000000000039e-03
9.435690000000000049e-03
1.083863000000000014e-02
1.133920000000000067e-02
1.403865999999999968e-02
1.786685999999999830e-02
1.863855999999999846e-02
1.745872999999999869e-02
1.535814999999999923e-02
1.367926000000000038e-02
1.104450000000000050e-02
7.713239999999999680e-03
