1.088966000000000066e-02
1.209207999999999984e-02
1.156806999999999974e-02
1.284158999999999995e-02
1.233938000000000049e-02
1.100253999999999989e-02
9.697710000000000011e-03
1.146932999999999980e-02
1.453806000000000022e-02
1.641366000000000006e-02
1.774753000000000094e-02
1.890736999999999973e-02
1.473150999999999974e-02
9.311639999999999501e-03
1.085424999999999932e-02
1.919649000000000008e-02
1.619235999999999939e-02
1.171769999999999930e-02
1.034868000000000073e-02
1.029995000000000042e-02
1.655741999999999978e-02
2.749590000000000020e-02
3.081201999999999899e-02
1.504541000000000038e-02
1.083854000000000067e-02
1.331103999999999968e-02
1.552517999999999954e-02
1.775062999999999988e-02
1.734312999999999827e-02
1.145927000000000057e-02
1.086003999999999962e-02
1.245120000000000081e-02
1.521267999999999926e-02
1.453708000000000083e-02
1.093567999999999971e-02
1.143007000000000051e-02
1.505582999999999921e-02
2.461761999999999978e-02
1.583953000000000097e-02
1.021105999999999923e-02
1.015664999999999971e-02
1.059779999999999923e-02
1.422106000000000064e-02
2.125598999999999891e-02
2.446676999999999880e-02
2.329209000000000140e-02
2.617322000000000051e-02
2.911114000000000063e-02
2.720575999999999897e-02
2.949943999999999830e-02
2.388246999999999939e-02
1.942077999999999860e-02
1.226746000000000086e-02
2.214750000000000052e-02
3.711988000000000093e-02
5.081278999999999657e-02
7.610098999999999336e-02
1.034708500000000031e-01
1.319502899999999979e-01
1.403514100000000098e-01
1.258171899999999954e-01
1.132774799999999998e-01
6.773092000000000001e-02
1.098461000000000055e-02
