7.215049999999999762e-03
9.308779999999999138e-03
1.126532000000000054e-02
1.088470000000000062e-02
1.302053000000000064e-02
1.124688000000000077e-02
1.410188000000000066e-02
1.011475000000000048e-02
9.530580000000000301e-03
9.944069999999999299e-03
1.877534999999999968e-02
9.948959999999999748e-03
1.166934000000000027e-02
1.718605999999999953e-02
1.610460000000000017e-02
2.138674000000000130e-02
2.255145999999999887e-02
2.897086999999999926e-02
1.806485000000000035e-02
1.137550000000000019e-02
9.779209999999999986e-03
1.235114000000000004e-02
2.097910999999999873e-02
2.471659000000000009e-02
2.124875000000000028e-02
2.110410999999999884e-02
3.623375000000000207e-02
6.079150999999999999e-02
4.330035000000000134e-02
2.829475999999999866e-02
1.545344000000000058e-02
1.498766999999999981e-02
5.707508000000000026e-02
8.924294000000000671e-02
1.127935099999999996e-01
1.517350500000000102e-01
1.614325299999999908e-01
1.400823999999999958e-01
8.905295000000000571e-02
6.421509000000000245e-02
4.375858000000000525e-02
2.330207000000000112e-02
1.353768999999999979e-02
1.097928999999999919e-02
2.563117000000000173e-02
1.972002999999999950e-02
3.639992000000000227e-02
7.065639999999999421e-02
3.255634999999999779e-02
3.599112000000000144e-02
3.969381000000000298e-02
3.126053000000000165e-02
1.718750999999999959e-02
2.183780000000000096e-02
1.867776000000000158e-02
2.202780000000000016e-02
2.746724999999999861e-02
2.213885999999999979e-02
2.392912000000000164e-02
1.291042000000000058e-02
2.170168000000000097e-02
1.940464000000000078e-02
1.286009999999999931e-02
1.185943000000000067e-02
