7.774839999999999876e-03
8.975520000000000720e-03
8.352989999999999374e-03
8.440710000000000574e-03
8.494969999999999258e-03
8.443839999999999332e-03
8.383710000000000814e-03
8.383299999999999780e-03
8.292269999999999155e-03
8.918139999999999748e-03
9.104390000000000399e-03
8.777909999999999879e-03
8.391199999999999701e-03
8.382429999999999742e-03
8.854849999999999180e-03
8.402389999999999165e-03
8.788330000000000447e-03
1.023198999999999984e-02
8.484119999999999509e-03
8.142869999999999969e-03
8.800880000000000508e-03
9.470789999999999764e-03
9.321789999999999937e-03
8.677900000000000544e-03
8.466339999999999283e-03
8.491040000000000046e-03
9.265900000000000525e-03
1.041869999999999949e-02
9.645920000000000535e-03
9.108879999999999755e-03
1.007127000000000022e-02
9.062799999999999329e-03
9.746249999999999705e-03
8.710060000000000371e-03
9.022469999999999449e-03
9.391740000000000851e-03
1.007790000000000075e-02
1.140410000000000035e-02
9.402090000000000100e-03
8.450169999999999904e-03
9.361809999999999923e-03
1.078561999999999924e-02
1.406700999999999958e-02
1.380489000000000022e-02
1.259583000000000057e-02
9.938590000000000618e-03
9.281940000000000676e-03
1.422301999999999941e-02
2.306269000000000027e-02
3.131425000000000181e-02
3.636305000000000093e-02
3.429904999999999760e-02
3.511953999999999770e-02
3.634587999999999708e-02
3.299628999999999757e-02
2.399474999999999872e-02
1.585057999999999953e-02
9.957320000000000407e-03
8.247340000000000573e-03
9.081709999999999783e-03
8.957049999999999387e-03
1.033540999999999974e-02
9.810090000000000476e-03
8.355410000000000614e-03
