7.907020000000000715e-03
1.122459999999999951e-02
1.253942000000000077e-02
1.065016000000000053e-02
1.032745000000000017e-02
1.149091000000000001e-02
9.066480000000000025e-03
9.601580000000000184e-03
1.193095999999999914e-02
2.005418000000000131e-02
2.045051999999999981e-02
2.467913000000000051e-02
2.678122999999999962e-02
3.196138999999999925e-02
2.253513999999999864e-02
2.250310999999999978e-02
1.774807999999999941e-02
1.307041999999999926e-02
1.050777999999999955e-02
9.084290000000000073e-03
9.068289999999999684e-03
8.400809999999999875e-03
8.967060000000000655e-03
1.047972999999999960e-02
1.281314000000000064e-02
1.324541000000000086e-02
1.184392000000000084e-02
9.864380000000000717e-03
8.901690000000000297e-03
8.329909999999999398e-03
8.370400000000000063e-03
8.794579999999999759e-03
9.097799999999999637e-03
9.255100000000000479e-03
9.629449999999999468e-03
9.240190000000000556e-03
8.650089999999999169e-03
9.008860000000000479e-03
9.409330000000000471e-03
8.346269999999999384e-03
9.020339999999999955e-03
9.750500000000000486e-03
8.449379999999999391e-03
8.680099999999999622e-03
9.011850000000000069e-03
9.596169999999999353e-03
9.204459999999999378e-03
8.931359999999999300e-03
9.046200000000000768e-03
8.679529999999999537e-03
8.981619999999999188e-03
9.339510000000000520e-03
9.720680000000000640e-03
9.219299999999999717e-03
8.842650000000000510e-03
8.360100000000000517e-03
8.169650000000000523e-03
8.376130000000000728e-03
9.098310000000000078e-03
8.632779999999999621e-03
8.499680000000000776e-03
8.838900000000000229e-03
8.200789999999999469e-03
7.312960000000000294e-03
