1.428911000000000070e-02
2.215500000000000108e-02
2.306880999999999862e-02
2.745213000000000167e-02
2.976401000000000047e-02
3.289613000000000259e-02
2.513100999999999877e-02
1.475366999999999998e-02
1.699389999999999928e-02
2.488158999999999857e-02
3.432057000000000163e-02
3.295233000000000190e-02
2.150679000000000132e-02
1.624435000000000115e-02
1.851335999999999954e-02
2.009031999999999832e-02
4.121651999999999955e-02
4.535540999999999878e-02
2.930966999999999947e-02
1.868169999999999900e-02
2.026994000000000018e-02
3.878188999999999942e-02
4.775336000000000164e-02
3.973265000000000130e-02
1.815765999999999908e-02
1.956279000000000004e-02
4.525430999999999898e-02
6.967571000000000181e-02
5.186922000000000060e-02
2.546454999999999899e-02
5.158187000000000189e-02
6.515864999999999851e-02
7.176121000000000583e-02
6.521436999999999373e-02
5.649260999999999866e-02
3.682674999999999838e-02
5.133092999999999684e-02
7.695222999999999647e-02
9.763349999999999806e-02
5.154724000000000111e-02
4.288731999999999961e-02
7.927657999999999927e-02
1.155038199999999932e-01
1.670446700000000062e-01
1.949082299999999879e-01
7.292519999999999558e-02
3.417432000000000109e-02
7.362248999999999877e-02
2.372367499999999962e-01
4.609189300000000045e-01
6.610831000000000346e-01
6.732616999999999630e-01
7.137647900000000378e-01
7.447069899999999576e-01
7.282517600000000257e-01
5.262371300000000529e-01
4.145604399999999745e-01
2.507326000000000277e-01
1.523588899999999968e-01
6.221742999999999718e-02
2.805153000000000160e-02
2.598303999999999891e-02
3.467279999999999668e-02
3.687378000000000183e-02
