7.106399999999999696e-03
8.160409999999999886e-03
8.278690000000000007e-03
8.100950000000000858e-03
8.324420000000000777e-03
8.126370000000000815e-03
8.415640000000000273e-03
8.462940000000000393e-03
8.257040000000000213e-03
7.962580000000000352e-03
8.076260000000000036e-03
7.875949999999999618e-03
8.222870000000000179e-03
8.132250000000000589e-03
8.245580000000000617e-03
8.484709999999999475e-03
8.319679999999999437e-03
8.238030000000000352e-03
8.310810000000000072e-03
8.346519999999999634e-03
8.472870000000000401e-03
8.257689999999999822e-03
8.653050000000000672e-03
8.619270000000000057e-03
8.457610000000000822e-03
8.512000000000000469e-03
8.775369999999999351e-03
9.119330000000000144e-03
8.584750000000000367e-03
8.009560000000000637e-03
7.977690000000000822e-03
8.172729999999999578e-03
8.741989999999999830e-03
8.642939999999999998e-03
8.186149999999999677e-03
8.459470000000000184e-03
8.135220000000000298e-03
8.529929999999999804e-03
8.481789999999999469e-03
7.983139999999999681e-03
8.473750000000000379e-03
8.602629999999999999e-03
8.979799999999999588e-03
9.072820000000000537e-03
9.635420000000000443e-03
9.158339999999999190e-03
8.663529999999999148e-03
8.474709999999999882e-03
9.201120000000000132e-03
1.083349999999999938e-02
1.499770999999999917e-02
1.696345999999999965e-02
2.124146000000000020e-02
2.461017000000000066e-02
2.432466000000000142e-02
2.024462000000000136e-02
1.607445000000000054e-02
1.300289999999999953e-02
1.189456000000000020e-02
1.043649999999999960e-02
9.356110000000000815e-03
8.292070000000000343e-03
7.768439999999999721e-03
7.388190000000000209e-03
