8.549609999999999155e-03
1.513947000000000036e-02
1.864005999999999996e-02
1.391663999999999922e-02
1.071455999999999971e-02
1.121713000000000050e-02
9.688999999999999696e-03
1.151829000000000047e-02
1.679365999999999845e-02
2.622502999999999987e-02
3.018488999999999894e-02
2.958322999999999856e-02
3.550847000000000031e-02
3.457157000000000285e-02
2.326817000000000121e-02
2.162243999999999972e-02
1.730869000000000157e-02
1.092112999999999938e-02
9.198619999999999367e-03
8.990520000000000109e-03
8.953310000000000782e-03
8.810379999999999601e-03
1.080585000000000052e-02
1.347020999999999982e-02
1.645867000000000163e-02
1.551219000000000035e-02
1.474444999999999922e-02
1.158469999999999986e-02
1.087996999999999923e-02
8.666019999999999973e-03
9.480139999999999748e-03
9.058329999999999854e-03
9.739070000000000712e-03
1.109190999999999996e-02
1.134672999999999932e-02
1.016122000000000032e-02
9.163620000000000793e-03
1.086821999999999962e-02
9.716759999999999634e-03
9.704350000000000476e-03
9.222620000000000817e-03
8.445980000000000501e-03
8.920980000000000229e-03
1.012818000000000052e-02
1.021311999999999914e-02
1.082153999999999928e-02
1.047206999999999999e-02
8.542169999999999971e-03
8.987810000000000590e-03
9.161990000000000064e-03
1.094491000000000040e-02
1.226049000000000062e-02
1.155032999999999928e-02
9.641719999999999458e-03
9.060749999999999360e-03
9.219379999999999242e-03
8.805659999999999876e-03
9.430950000000000444e-03
9.764780000000000681e-03
9.759649999999999923e-03
9.552009999999999668e-03
9.881370000000000431e-03
9.444269999999999401e-03
8.333880000000000107e-03
