7.438840000000000383e-03
9.295269999999999574e-03
8.398769999999999847e-03
9.053709999999999536e-03
9.251689999999999914e-03
8.998900000000000649e-03
8.149129999999999222e-03
8.311809999999999338e-03
9.773169999999999427e-03
1.082104000000000052e-02
9.966259999999999356e-03
1.073052000000000034e-02
8.906189999999999593e-03
8.097810000000000424e-03
8.604689999999999908e-03
9.357880000000000711e-03
8.888540000000000330e-03
8.368109999999999785e-03
8.054840000000000610e-03
8.018400000000000180e-03
8.572009999999999699e-03
1.031654000000000078e-02
1.191166999999999920e-02
8.670759999999999579e-03
8.364140000000000810e-03
8.694709999999999592e-03
9.037089999999999360e-03
8.760389999999999844e-03
8.891359999999999195e-03
8.760870000000000463e-03
8.099349999999999952e-03
8.567989999999999287e-03
9.255889999999999257e-03
8.749849999999999989e-03
8.390130000000000851e-03
8.658700000000000077e-03
8.570670000000000718e-03
1.007584000000000084e-02
9.115500000000000339e-03
8.620299999999999144e-03
8.156550000000000258e-03
8.543250000000000496e-03
9.441500000000000239e-03
9.968420000000000405e-03
1.007655000000000009e-02
1.094715999999999918e-02
1.179664000000000060e-02
1.358014999999999917e-02
1.240811999999999991e-02
1.223489999999999994e-02
1.081372000000000062e-02
1.000204000000000024e-02
9.060129999999999573e-03
1.208382000000000032e-02
1.598039000000000057e-02
1.734739999999999893e-02
2.401742000000000113e-02
2.528578999999999896e-02
2.724483999999999934e-02
2.620161000000000018e-02
2.602292000000000147e-02
2.490057999999999855e-02
1.801962999999999829e-02
7.640069999999999674e-03
