7.213469999999999605e-03
8.836300000000000057e-03
8.334219999999999823e-03
8.714480000000000143e-03
8.635929999999999995e-03
8.545310000000000406e-03
8.626599999999999893e-03
8.345200000000000534e-03
8.084249999999999423e-03
8.620479999999999809e-03
8.774219999999999242e-03
1.107984000000000052e-02
1.067844000000000085e-02
9.479770000000000210e-03
9.539139999999999772e-03
9.266200000000000478e-03
8.177200000000000787e-03
8.628679999999999684e-03
1.011875999999999921e-02
1.193009000000000083e-02
1.126264000000000085e-02
1.086801000000000086e-02
1.201102000000000072e-02
1.024455999999999978e-02
1.050895999999999948e-02
1.135989999999999917e-02
9.779509999999999939e-03
8.925119999999999928e-03
1.014768999999999914e-02
1.144846000000000058e-02
9.537069999999999922e-03
8.702470000000000344e-03
9.498790000000000011e-03
8.939070000000000349e-03
9.503130000000000258e-03
1.189236999999999933e-02
1.046729000000000062e-02
1.062031000000000086e-02
1.055894999999999924e-02
1.117535000000000056e-02
1.170085000000000049e-02
1.000789000000000019e-02
8.904850000000000612e-03
9.063540000000000138e-03
1.062610999999999938e-02
1.335672000000000074e-02
1.506962000000000058e-02
1.273863000000000079e-02
1.275965000000000085e-02
1.594877000000000100e-02
1.662877000000000105e-02
1.721661000000000025e-02
1.446068000000000006e-02
1.269202000000000004e-02
1.058951999999999984e-02
1.168139999999999977e-02
1.729291999999999982e-02
2.337235000000000007e-02
2.893379999999999910e-02
3.291277000000000091e-02
4.157040000000000041e-02
4.875739999999999935e-02
3.310362000000000027e-02
8.167499999999999413e-03
