7.460010000000000426e-03
9.130340000000000678e-03
8.719750000000000070e-03
9.842180000000000720e-03
9.616400000000000642e-03
9.852899999999999506e-03
1.060183999999999953e-02
1.039571000000000071e-02
1.115325999999999991e-02
9.114560000000000717e-03
8.335530000000000717e-03
8.618139999999999828e-03
8.424779999999999769e-03
9.673670000000000532e-03
1.121698999999999960e-02
1.136230000000000052e-02
1.122051999999999945e-02
1.086855999999999933e-02
1.247158999999999941e-02
1.345111000000000050e-02
1.366190999999999933e-02
9.291640000000000316e-03
1.094277999999999917e-02
1.402426000000000020e-02
1.803700999999999915e-02
2.920379000000000030e-02
3.593899999999999872e-02
3.141358999999999818e-02
3.845732999999999790e-02
2.705255999999999980e-02
1.644709000000000101e-02
1.550845999999999995e-02
1.366886999999999963e-02
9.187920000000000462e-03
9.105000000000000246e-03
1.085943999999999972e-02
1.166320000000000030e-02
1.479892000000000013e-02
1.936347999999999889e-02
1.687264999999999945e-02
1.547854000000000070e-02
1.440857000000000075e-02
8.395829999999999960e-03
1.094535999999999946e-02
8.573390000000000177e-03
8.959119999999999237e-03
9.312290000000000845e-03
1.092970000000000053e-02
1.014759999999999968e-02
1.102406000000000046e-02
8.769789999999999530e-03
8.689570000000000627e-03
9.406199999999999978e-03
9.762689999999999216e-03
9.530540000000000539e-03
9.502770000000000661e-03
8.598089999999999206e-03
8.608760000000000023e-03
8.330179999999999529e-03
8.244059999999999236e-03
8.771209999999999771e-03
1.128767999999999959e-02
1.016456999999999951e-02
8.343909999999999522e-03
