2.093936000000000061e-02
4.060305000000000164e-02
2.070748000000000033e-02
1.430789000000000019e-02
1.252738999999999936e-02
3.309536999999999896e-02
6.055782999999999999e-02
7.875849000000000044e-02
8.919581999999999511e-02
5.683322999999999847e-02
2.489486000000000129e-02
2.034050000000000094e-02
3.123764000000000055e-02
4.231846000000000219e-02
6.436888000000000332e-02
6.506235000000000490e-02
3.499006000000000338e-02
2.210983000000000046e-02
1.561398999999999947e-02
5.125015000000000126e-02
4.680623999999999896e-02
7.462349999999999539e-02
7.470593000000000372e-02
4.353201000000000293e-02
2.986561000000000077e-02
7.483043999999999807e-02
7.016514999999999558e-02
4.661944999999999978e-02
2.136460000000000095e-02
1.956364000000000020e-02
3.204321999999999726e-02
3.940699999999999759e-02
3.855758000000000102e-02
5.315017999999999826e-02
7.900327000000000044e-02
9.805049000000000403e-02
4.961075000000000207e-02
7.395722000000000407e-02
3.978730999999999934e-02
5.250276999999999722e-02
4.345243000000000022e-02
5.924771000000000204e-02
8.730572999999999806e-02
1.273861199999999916e-01
1.509075199999999894e-01
1.420148499999999980e-01
2.161426100000000128e-01
2.172991599999999912e-01
1.232922199999999940e-01
8.618183000000000094e-02
6.285192000000000556e-02
1.317228699999999919e-01
2.788811900000000010e-01
4.393482200000000115e-01
6.995983099999999455e-01
7.287485599999999897e-01
7.782171399999999739e-01
7.888504899999999598e-01
7.836804400000000337e-01
7.087045299999999992e-01
5.743200200000000422e-01
4.613725499999999924e-01
2.229388499999999940e-01
4.240112000000000048e-02
