8.100490000000000121e-03
1.252448999999999923e-02
1.081387999999999967e-02
9.399019999999999250e-03
9.233850000000000044e-03
9.479269999999999710e-03
9.187070000000000305e-03
8.787029999999999494e-03
1.007545999999999962e-02
1.092774999999999996e-02
1.265031999999999962e-02
1.274964999999999953e-02
1.156769000000000026e-02
1.149472999999999988e-02
9.556759999999999214e-03
8.644980000000000026e-03
8.851760000000000184e-03
1.127278999999999955e-02
1.538114999999999968e-02
2.111945999999999962e-02
2.300465999999999969e-02
3.100829000000000085e-02
2.865890000000000104e-02
1.638765000000000013e-02
1.574719000000000119e-02
1.455241999999999994e-02
1.222408000000000002e-02
9.502929999999999711e-03
9.352169999999999928e-03
9.020290000000000252e-03
9.391429999999999223e-03
1.122309999999999974e-02
1.336695000000000071e-02
1.426995000000000000e-02
1.378262000000000063e-02
9.722569999999999824e-03
1.222493000000000017e-02
1.333388999999999928e-02
1.001315000000000018e-02
8.540999999999999981e-03
9.032290000000000110e-03
1.260598999999999921e-02
1.235312000000000042e-02
1.101673000000000062e-02
9.347050000000000844e-03
9.594709999999999350e-03
1.043496000000000007e-02
9.476719999999999242e-03
8.437079999999999580e-03
8.243369999999999864e-03
8.437830000000000330e-03
9.118219999999999797e-03
8.689650000000000152e-03
1.021130999999999948e-02
1.002213000000000062e-02
8.921119999999999398e-03
9.120790000000000147e-03
9.107499999999999277e-03
9.556610000000000105e-03
1.012073999999999960e-02
8.942270000000000427e-03
8.849849999999999384e-03
8.831290000000000320e-03
7.410380000000000265e-03
