4.402702000000000004e-02
7.852905999999999775e-02
2.195220000000000157e-02
2.022722000000000062e-02
2.398126999999999898e-02
2.840173000000000003e-02
3.210792999999999980e-02
3.975705000000000211e-02
5.390144000000000185e-02
3.365959000000000312e-02
2.408594000000000013e-02
4.235709000000000002e-02
8.231940999999999564e-02
1.023554400000000059e-01
7.164595999999999465e-02
2.312432999999999850e-02
1.057967999999999929e-02
1.562940999999999983e-02
4.335395999999999694e-02
5.403328999999999771e-02
2.169621000000000050e-02
2.780643000000000004e-02
3.452776999999999930e-02
5.819618000000000013e-02
9.569110000000000116e-02
7.142323999999999895e-02
4.074345000000000050e-02
5.549723000000000156e-02
7.937679999999999736e-02
1.624542300000000050e-01
1.046563300000000057e-01
2.265551999999999844e-02
2.325125999999999929e-02
4.741506999999999666e-02
7.906522000000000550e-02
9.352422999999999986e-02
9.632272999999999530e-02
7.693408999999999665e-02
1.163472200000000012e-01
1.948072200000000032e-01
2.454219599999999946e-01
1.885808900000000010e-01
7.391354999999999453e-02
3.705676000000000109e-02
1.004959299999999972e-01
3.338374499999999800e-01
5.969624500000000333e-01
6.795018299999999734e-01
7.377977399999999797e-01
6.900007099999999616e-01
6.926704000000000194e-01
6.295164199999999655e-01
5.072827899999999834e-01
4.056565200000000204e-01
1.323136099999999982e-01
5.144656000000000229e-02
3.584898999999999725e-02
3.734939000000000314e-02
6.180283999999999778e-02
9.849874999999999603e-02
1.135555000000000037e-01
1.019686600000000026e-01
1.164019099999999973e-01
3.385080000000000033e-02
