1.821617999999999848e-02
3.093674000000000077e-02
1.852314999999999864e-02
1.093009999999999989e-02
1.754032000000000160e-02
6.162353000000000275e-02
1.165083100000000038e-01
1.221660700000000016e-01
8.953687999999999925e-02
5.848256000000000288e-02
1.433333999999999997e-02
1.360387000000000055e-02
3.733526999999999679e-02
6.379845000000000654e-02
6.433469999999999467e-02
6.928265000000000118e-02
2.716475000000000140e-02
3.715200999999999920e-02
7.160962999999999357e-02
1.041084599999999999e-01
7.722887999999999975e-02
5.898137999999999992e-02
7.180686000000000013e-02
6.791864999999999708e-02
8.150361999999999885e-02
1.267561500000000119e-01
7.389410999999999896e-02
4.783339000000000341e-02
2.613129999999999967e-02
2.836659999999999876e-02
4.251995000000000080e-02
4.905650000000000288e-02
3.548637999999999793e-02
7.664878999999999443e-02
1.494267999999999985e-01
1.363474399999999864e-01
4.938453999999999761e-02
5.323742000000000058e-02
5.571324999999999888e-02
7.601990000000000136e-02
7.333370000000000166e-02
9.586794999999999345e-02
1.276925100000000091e-01
1.603834299999999935e-01
1.998072700000000090e-01
1.905959499999999862e-01
2.744085800000000130e-01
2.830907400000000074e-01
1.295564600000000122e-01
9.362901999999999336e-02
1.544299699999999997e-01
2.866252100000000191e-01
5.377509600000000001e-01
7.181339300000000314e-01
8.397910600000000336e-01
8.237121099999999974e-01
8.315300300000000311e-01
8.113635799999999731e-01
7.886058700000000421e-01
7.065864200000000483e-01
5.384547699999999715e-01
3.610345699999999991e-01
1.438385500000000095e-01
4.687522000000000216e-02
