7.266500000000000389e-03
8.166249999999999898e-03
8.014490000000000849e-03
8.255079999999999710e-03
8.204319999999999322e-03
8.119380000000000694e-03
8.035270000000000606e-03
8.037610000000000587e-03
7.876420000000000296e-03
8.221159999999999926e-03
8.038019999999999887e-03
8.101360000000000158e-03
8.213649999999999424e-03
8.327080000000000592e-03
8.260750000000000731e-03
8.295649999999999899e-03
8.046370000000000605e-03
8.034229999999999844e-03
8.297240000000000865e-03
8.702649999999999275e-03
8.570589999999999459e-03
8.493469999999999492e-03
8.364820000000000241e-03
8.375850000000000656e-03
8.706119999999999484e-03
8.624700000000000769e-03
8.392689999999999526e-03
8.313060000000000588e-03
8.440510000000000027e-03
8.180889999999999690e-03
8.265289999999999790e-03
8.245989999999999917e-03
8.274010000000000045e-03
8.091380000000000447e-03
7.903469999999999246e-03
7.999970000000000345e-03
8.230770000000000100e-03
8.122660000000000297e-03
8.177659999999999790e-03
8.155719999999999983e-03
8.556529999999999692e-03
8.519789999999999308e-03
8.525259999999999783e-03
8.330340000000000314e-03
8.333180000000000795e-03
8.909840000000000468e-03
9.508799999999999544e-03
8.934990000000000293e-03
8.567409999999999262e-03
1.036972000000000067e-02
1.109651000000000040e-02
1.070850999999999921e-02
9.787890000000000479e-03
9.463829999999999465e-03
8.815250000000000169e-03
8.582009999999999292e-03
8.296670000000000780e-03
8.549690000000000414e-03
8.637439999999999701e-03
8.367309999999999331e-03
8.497899999999999204e-03
9.119679999999999800e-03
9.749330000000000496e-03
7.067689999999999736e-03
