7.775879999999999771e-03
8.940089999999999495e-03
8.929229999999999806e-03
8.700180000000000066e-03
8.540189999999999587e-03
9.503899999999999154e-03
1.034920999999999931e-02
1.149220999999999923e-02
1.200698000000000043e-02
9.794330000000000397e-03
8.269000000000000308e-03
8.700559999999999544e-03
9.434500000000000178e-03
1.100248000000000025e-02
1.017348000000000037e-02
1.022057999999999994e-02
8.630320000000000352e-03
8.614639999999999798e-03
9.611460000000000489e-03
1.086803000000000075e-02
9.871970000000000744e-03
9.718980000000000327e-03
9.305179999999999702e-03
8.703640000000000335e-03
8.628600000000000159e-03
9.541090000000000335e-03
9.352690000000000309e-03
9.300050000000000677e-03
8.632000000000000783e-03
8.622160000000000241e-03
9.615989999999999607e-03
1.003440000000000061e-02
9.971189999999999568e-03
1.122587000000000064e-02
1.370244999999999970e-02
1.267668999999999914e-02
1.021385000000000001e-02
1.142273000000000073e-02
1.008389999999999981e-02
1.130934999999999926e-02
1.229651000000000008e-02
1.390119000000000077e-02
1.485075999999999931e-02
1.940375000000000086e-02
1.991630000000000136e-02
1.872626000000000152e-02
2.173028999999999933e-02
2.226753999999999886e-02
1.404752000000000084e-02
1.230441999999999994e-02
1.319151000000000004e-02
1.342897000000000014e-02
1.405478999999999930e-02
1.371078000000000054e-02
1.564905000000000115e-02
1.542900999999999995e-02
2.033886000000000027e-02
2.460497000000000031e-02
3.002623999999999918e-02
3.135613000000000289e-02
3.040152999999999953e-02
2.842257000000000117e-02
1.987927000000000097e-02
9.134440000000000615e-03
