9.723900000000000599e-03
1.463798000000000009e-02
1.167028999999999983e-02
9.858789999999999221e-03
9.113160000000000358e-03
9.256989999999999663e-03
8.644719999999999835e-03
8.422390000000000085e-03
9.556870000000000295e-03
9.591320000000000401e-03
1.016469000000000053e-02
1.079487999999999975e-02
1.115113000000000042e-02
1.415542000000000016e-02
1.818140999999999854e-02
1.139582999999999915e-02
9.173429999999999779e-03
8.237909999999999330e-03
8.343959999999999225e-03
8.757630000000000622e-03
9.005449999999999913e-03
8.566119999999999984e-03
8.459319999999999340e-03
8.155090000000000255e-03
7.909920000000000839e-03
8.323499999999999302e-03
8.569780000000000800e-03
8.730099999999999319e-03
8.804170000000000051e-03
8.496510000000000520e-03
8.120959999999999984e-03
8.267949999999999605e-03
8.357649999999999454e-03
8.296849999999999711e-03
8.214370000000000352e-03
8.511190000000000075e-03
8.335650000000000004e-03
8.339030000000000747e-03
8.646739999999999982e-03
8.192849999999999785e-03
8.021530000000000674e-03
8.107919999999999364e-03
8.157549999999999524e-03
8.208200000000000565e-03
8.321709999999999524e-03
8.761579999999999716e-03
8.233259999999999190e-03
8.374750000000000250e-03
8.028530000000000735e-03
8.247700000000000170e-03
8.317720000000000669e-03
8.422880000000000644e-03
8.417549999999999338e-03
8.217890000000000264e-03
8.131460000000000077e-03
8.487659999999999302e-03
8.336190000000000266e-03
8.144159999999999247e-03
8.274399999999999464e-03
8.371250000000000219e-03
8.573819999999999358e-03
8.577780000000000127e-03
8.203300000000000175e-03
7.325360000000000378e-03
