7.745039999999999911e-03
9.182130000000000153e-03
9.600630000000000622e-03
1.125020000000000013e-02
1.432951000000000016e-02
1.573990999999999932e-02
2.316920000000000091e-02
2.433986000000000136e-02
2.185312999999999839e-02
2.815066000000000096e-02
2.601403999999999869e-02
1.829033999999999868e-02
1.432453000000000025e-02
1.082770000000000087e-02
9.086699999999999638e-03
8.601160000000000055e-03
8.944880000000000539e-03
9.461900000000000518e-03
9.935980000000000506e-03
1.100629000000000017e-02
1.331579999999999916e-02
1.383827999999999968e-02
1.188177999999999977e-02
9.806320000000000314e-03
9.659559999999999327e-03
9.255650000000000682e-03
9.239789999999999462e-03
9.120639999999999303e-03
9.365679999999999492e-03
9.318999999999999159e-03
9.237830000000000694e-03
8.595749999999999225e-03
8.498220000000000773e-03
8.506740000000000482e-03
8.504470000000000085e-03
8.465959999999999805e-03
8.639569999999999195e-03
9.441299999999999693e-03
9.024519999999999417e-03
8.867369999999999419e-03
8.776400000000000173e-03
9.523439999999999336e-03
1.052831000000000079e-02
9.836779999999999829e-03
8.836729999999999238e-03
9.071620000000000725e-03
9.966479999999999784e-03
9.559109999999999135e-03
9.927530000000000382e-03
9.900330000000000588e-03
8.610460000000000336e-03
8.771950000000000580e-03
8.825009999999999452e-03
9.514019999999999769e-03
1.013640000000000027e-02
9.718839999999999424e-03
9.618180000000000479e-03
8.856460000000000027e-03
8.917510000000000020e-03
8.849779999999999799e-03
9.123499999999999666e-03
8.580130000000000048e-03
1.007925999999999961e-02
7.787650000000000128e-03
