2.526571000000000025e-02
4.239823000000000203e-02
3.209565000000000334e-02
2.201958000000000040e-02
1.677700999999999845e-02
1.548180000000000042e-02
1.424132000000000002e-02
1.136130999999999946e-02
9.066839999999999622e-03
9.360469999999999208e-03
1.085969999999999991e-02
1.278776000000000045e-02
1.563405000000000003e-02
2.447449000000000152e-02
2.454341000000000161e-02
1.720071999999999920e-02
1.342851999999999935e-02
1.205389999999999934e-02
9.486609999999999487e-03
9.332939999999999639e-03
1.021485999999999922e-02
1.015305000000000027e-02
9.384919999999999721e-03
8.546319999999999611e-03
8.410479999999999692e-03
8.792140000000000372e-03
8.905869999999999759e-03
8.791389999999999622e-03
8.525899999999999451e-03
8.736259999999999165e-03
8.608940000000000689e-03
8.449379999999999391e-03
8.531550000000000591e-03
8.923230000000000744e-03
9.093850000000000544e-03
9.232529999999999210e-03
8.562230000000000535e-03
8.478799999999999878e-03
9.109070000000000361e-03
1.004508999999999957e-02
9.668670000000000736e-03
8.487760000000000443e-03
8.522300000000000014e-03
8.241119999999999349e-03
9.665289999999999992e-03
1.075110999999999949e-02
1.085977999999999943e-02
1.021730000000000034e-02
9.041310000000000319e-03
9.198750000000000329e-03
8.568229999999999597e-03
9.403039999999999662e-03
1.070742000000000048e-02
1.080055000000000077e-02
9.091460000000000860e-03
8.606459999999999805e-03
8.789689999999999309e-03
9.574070000000000497e-03
1.003052999999999931e-02
8.607909999999999867e-03
8.773740000000000358e-03
8.216340000000000796e-03
8.677219999999999378e-03
7.866770000000000360e-03
