8.737361000000000433e-02
2.772551799999999900e-01
3.630515300000000112e-01
3.783193799999999829e-01
3.516685099999999897e-01
3.437227299999999763e-01
2.739946799999999905e-01
1.831715899999999952e-01
9.917571000000000025e-02
7.040377999999999914e-02
5.002903999999999685e-02
2.365977999999999831e-02
2.435460999999999876e-02
2.797105999999999898e-02
4.130430000000000212e-02
5.993981999999999782e-02
7.724754999999999816e-02
9.797955999999999332e-02
7.721559999999999535e-02
5.209779999999999966e-02
4.351253000000000065e-02
3.442664000000000141e-02
2.070384999999999934e-02
1.854240000000000055e-02
1.716892000000000071e-02
2.251583000000000057e-02
1.304054999999999971e-02
1.408773999999999964e-02
1.704864000000000032e-02
2.602652999999999911e-02
1.421035000000000006e-02
1.413446999999999967e-02
1.278796999999999920e-02
1.132056000000000034e-02
1.255448999999999975e-02
1.163985000000000020e-02
1.067286999999999923e-02
1.482821999999999960e-02
1.906334000000000153e-02
1.775271999999999961e-02
1.479367000000000008e-02
1.877204999999999846e-02
2.156347000000000125e-02
2.736049999999999940e-02
3.094440000000000038e-02
1.942247999999999891e-02
1.150364000000000074e-02
1.170528000000000020e-02
1.420422000000000004e-02
1.284694999999999934e-02
1.337291000000000001e-02
1.417916999999999962e-02
1.211451000000000021e-02
1.176340000000000025e-02
1.546711999999999913e-02
1.817647000000000013e-02
1.851519999999999902e-02
2.030819999999999848e-02
1.784753999999999854e-02
1.193835000000000035e-02
1.263637999999999914e-02
1.545353999999999998e-02
1.319806999999999925e-02
1.454041000000000014e-02
