7.091019999999999962e-03
9.834990000000000052e-03
1.036829000000000049e-02
1.099316000000000008e-02
1.003194999999999955e-02
9.571629999999999375e-03
8.245950000000000155e-03
9.137640000000000692e-03
9.008050000000000085e-03
1.041243000000000030e-02
1.335180000000000047e-02
8.694089999999999804e-03
1.079272000000000044e-02
1.248112000000000006e-02
1.480955999999999939e-02
1.640793000000000113e-02
1.108613999999999954e-02
1.146682000000000083e-02
1.090758000000000005e-02
1.077223000000000069e-02
9.867149999999999879e-03
1.179236999999999994e-02
1.474516000000000021e-02
1.512192000000000050e-02
1.576075999999999866e-02
1.939373000000000138e-02
2.368914000000000089e-02
1.644549999999999831e-02
1.158681999999999941e-02
1.318736000000000040e-02
2.134312999999999835e-02
4.438762999999999737e-02
6.773381000000000540e-02
6.797893000000000685e-02
6.348394999999999733e-02
6.974642999999999815e-02
5.972352999999999690e-02
3.408974000000000032e-02
1.631327999999999945e-02
1.226758000000000015e-02
1.053127000000000056e-02
1.084261000000000079e-02
1.000269999999999979e-02
1.012032000000000036e-02
1.536240999999999995e-02
1.764722000000000166e-02
2.392744999999999941e-02
1.908197000000000018e-02
1.585726999999999970e-02
1.601657000000000081e-02
1.108305000000000054e-02
1.041835999999999977e-02
8.440440000000000442e-03
1.048236999999999954e-02
1.299370000000000039e-02
1.512697999999999994e-02
1.284025999999999917e-02
1.328690000000000079e-02
1.593769000000000088e-02
1.197271999999999920e-02
9.225060000000000204e-03
1.260189999999999921e-02
8.588540000000000410e-03
8.704119999999999219e-03
