1.177134999999999987e-02
2.817998999999999851e-02
3.122617999999999922e-02
2.506643000000000066e-02
1.684151999999999871e-02
1.380249000000000059e-02
1.257881999999999924e-02
1.082254000000000028e-02
9.271980000000000846e-03
9.596389999999999781e-03
1.104433999999999971e-02
1.153678999999999989e-02
1.410866000000000030e-02
1.933729000000000003e-02
2.396302999999999975e-02
1.898564000000000154e-02
1.446849000000000052e-02
1.363058999999999972e-02
1.095186000000000076e-02
9.720579999999999499e-03
9.763680000000000275e-03
9.911510000000000112e-03
9.163199999999999817e-03
8.374299999999999453e-03
8.793999999999999734e-03
9.709880000000000594e-03
9.512909999999999422e-03
9.104519999999999627e-03
8.628359999999999849e-03
9.059879999999999323e-03
8.867130000000000845e-03
8.935520000000000615e-03
8.684680000000000177e-03
8.862480000000000704e-03
9.500150000000000608e-03
9.637150000000000577e-03
8.906340000000000437e-03
8.855760000000000715e-03
8.513679999999999165e-03
9.114000000000000573e-03
9.876479999999999981e-03
8.909000000000000252e-03
8.895190000000000735e-03
8.340149999999999300e-03
9.339379999999999557e-03
1.097311999999999940e-02
1.122499000000000066e-02
1.097716999999999964e-02
8.991670000000000218e-03
8.387060000000000001e-03
8.198650000000000035e-03
8.814050000000000357e-03
9.337140000000000717e-03
9.315910000000000163e-03
8.779459999999999348e-03
8.655090000000000700e-03
9.075359999999999330e-03
1.026145000000000009e-02
1.004651999999999976e-02
8.899000000000000660e-03
8.737419999999999215e-03
8.236379999999999743e-03
8.428269999999999859e-03
7.864519999999999844e-03
