7.734528999999999710e-02
3.481744800000000084e-01
3.739626400000000128e-01
3.622511600000000165e-01
2.406777999999999973e-01
8.457088000000000105e-02
2.481817000000000051e-02
3.106574999999999961e-02
1.050418899999999989e-01
1.575626300000000091e-01
9.022239999999999427e-02
1.532838499999999993e-01
2.831811300000000031e-01
3.601755799999999952e-01
5.445727700000000393e-01
4.056130299999999855e-01
2.405320900000000039e-01
9.634679999999999633e-02
1.498215800000000097e-01
3.429147000000000167e-01
6.830053900000000455e-01
9.180329999999999879e-01
9.564986800000000455e-01
9.438343000000000149e-01
9.283804300000000342e-01
8.981590900000000488e-01
8.100032200000000238e-01
5.115433299999999628e-01
2.594042699999999924e-01
5.255888999999999700e-02
7.165929999999999522e-02
1.296223099999999906e-01
1.497960100000000072e-01
3.025031100000000195e-01
5.368715499999999752e-01
4.586861999999999884e-01
4.890319699999999825e-01
4.349134299999999898e-01
2.810640600000000044e-01
1.305045499999999969e-01
1.190607600000000016e-01
1.363121999999999945e-01
1.209815300000000038e-01
4.436364999999999753e-02
1.025980499999999962e-01
1.156782100000000035e-01
1.019618899999999995e-01
3.959473000000000159e-02
5.740369000000000027e-02
5.824270000000000141e-02
9.281936000000000353e-02
1.250657699999999928e-01
4.880265000000000297e-02
2.212261000000000088e-02
2.844562999999999953e-02
4.972788999999999682e-02
6.470009000000000177e-02
1.448274400000000017e-01
2.617183000000000148e-01
1.696068000000000020e-01
5.578299999999999925e-02
2.466190000000000049e-02
3.032730999999999968e-02
4.944376000000000326e-02
