7.678739999999999871e-03
1.516876999999999982e-02
1.946766000000000121e-02
1.926185999999999870e-02
2.654776000000000011e-02
2.834800999999999987e-02
2.515422000000000144e-02
1.208504000000000002e-02
1.293293000000000047e-02
1.623623000000000080e-02
2.449097999999999900e-02
4.856478000000000184e-02
8.032313000000000647e-02
8.894353000000000675e-02
9.430223999999999551e-02
8.750932999999999629e-02
9.316895999999999511e-02
5.945344000000000323e-02
3.839544999999999764e-02
1.753033999999999842e-02
1.200702000000000019e-02
1.170976999999999955e-02
1.031300999999999919e-02
1.200656999999999940e-02
1.883570000000000036e-02
2.048753000000000032e-02
2.612785999999999928e-02
3.213793999999999679e-02
2.901507999999999865e-02
2.158416000000000154e-02
1.651253999999999916e-02
1.291293999999999949e-02
1.367443999999999951e-02
1.437706000000000053e-02
1.600574000000000094e-02
1.413317000000000045e-02
1.204792000000000016e-02
1.026084000000000024e-02
1.076415000000000011e-02
1.108094999999999913e-02
1.122287999999999931e-02
9.109529999999999364e-03
9.001840000000000536e-03
1.020188999999999992e-02
9.712099999999999553e-03
9.984569999999999904e-03
1.099446999999999924e-02
1.494402000000000057e-02
1.279789999999999921e-02
1.175418999999999943e-02
1.171410999999999980e-02
8.884470000000000214e-03
9.235639999999999822e-03
1.275494999999999927e-02
1.203599999999999982e-02
9.721540000000000736e-03
1.191421999999999967e-02
9.814259999999999998e-03
8.642659999999999926e-03
1.050369999999999950e-02
1.374083000000000075e-02
1.130052999999999960e-02
1.447157999999999951e-02
8.647339999999999888e-03
