7.233629999999999574e-03
8.357089999999999311e-03
8.373359999999999831e-03
8.419980000000000520e-03
8.270819999999999908e-03
9.370220000000000285e-03
8.743120000000000058e-03
9.717810000000000337e-03
8.997629999999999517e-03
8.545850000000000668e-03
8.221229999999999510e-03
8.519989999999999855e-03
9.169190000000000673e-03
8.971150000000000652e-03
8.492219999999999977e-03
8.555729999999999238e-03
8.435120000000000812e-03
8.551380000000000786e-03
8.417219999999999563e-03
8.870070000000000732e-03
8.716440000000000646e-03
8.719130000000000283e-03
8.736850000000000865e-03
9.118150000000000213e-03
8.754690000000000735e-03
8.853009999999999699e-03
8.646680000000000338e-03
9.021219999999999933e-03
8.780239999999999920e-03
8.367940000000000794e-03
8.847789999999999475e-03
8.667619999999999145e-03
8.971440000000000664e-03
8.907139999999999155e-03
9.335629999999999276e-03
9.260110000000000216e-03
8.492219999999999977e-03
8.884219999999999964e-03
9.163299999999999224e-03
9.079439999999999386e-03
8.625209999999999474e-03
8.947429999999999273e-03
8.959979999999999334e-03
9.233059999999999531e-03
1.044969999999999927e-02
1.142720000000000020e-02
1.247149000000000001e-02
1.182756000000000085e-02
8.910539999999999780e-03
8.576159999999999339e-03
9.846000000000000585e-03
1.229037000000000011e-02
1.652090000000000156e-02
2.157281999999999950e-02
2.084157000000000023e-02
1.948474999999999860e-02
1.758817000000000019e-02
1.734515000000000015e-02
1.629819000000000059e-02
1.449859000000000044e-02
1.117664999999999978e-02
9.805440000000000336e-03
8.704969999999999375e-03
7.510499999999999815e-03
