3.281422999999999979e-02
1.194531199999999960e-01
1.431690499999999922e-01
1.367443700000000040e-01
1.245681000000000010e-01
1.155502899999999999e-01
8.573591999999999325e-02
5.477189999999999837e-02
2.768152999999999933e-02
2.357479000000000172e-02
2.058427999999999994e-02
1.281127999999999954e-02
1.499020000000000040e-02
2.226144999999999860e-02
2.462239000000000094e-02
3.183920999999999973e-02
3.561320999999999931e-02
4.733667999999999904e-02
3.840302000000000299e-02
2.121108000000000021e-02
1.322147000000000079e-02
1.049214000000000049e-02
9.958959999999999341e-03
1.179389999999999952e-02
1.331426999999999958e-02
1.298559999999999992e-02
1.003452999999999984e-02
1.024555000000000084e-02
1.001973999999999920e-02
1.161716999999999958e-02
1.035785000000000004e-02
1.127601999999999945e-02
1.037608999999999927e-02
9.576490000000000002e-03
9.954249999999999557e-03
9.406849999999999587e-03
9.440189999999999346e-03
1.144335999999999964e-02
1.176840999999999998e-02
1.005728999999999998e-02
1.023405999999999968e-02
1.346992999999999975e-02
1.567392999999999911e-02
1.727464999999999903e-02
1.827656999999999893e-02
1.059437000000000052e-02
9.929089999999999791e-03
9.966799999999999618e-03
1.088390000000000017e-02
1.032756999999999946e-02
1.066660999999999998e-02
9.844220000000000748e-03
8.671730000000000757e-03
8.779520000000000726e-03
9.864470000000000183e-03
1.137502999999999952e-02
1.179152999999999972e-02
9.579179999999999640e-03
9.803279999999999286e-03
9.331710000000000005e-03
9.641459999999999267e-03
1.009948999999999916e-02
8.982209999999999153e-03
8.658360000000000362e-03
