7.817130000000000259e-03
8.546700000000000824e-03
9.558560000000000667e-03
8.720069999999999905e-03
8.774459999999999552e-03
9.541070000000000453e-03
8.654679999999999665e-03
9.439180000000000140e-03
9.165049999999999239e-03
8.545979999999999896e-03
8.490249999999999533e-03
8.388659999999999173e-03
8.860989999999999145e-03
1.003629999999999974e-02
8.913990000000000108e-03
9.300569999999999324e-03
8.844889999999999350e-03
9.602579999999999449e-03
9.962350000000000025e-03
1.114315999999999918e-02
1.147142999999999947e-02
1.027390000000000074e-02
9.376610000000000500e-03
9.161779999999999577e-03
1.158742999999999926e-02
1.135110999999999933e-02
1.138844999999999962e-02
1.189754999999999979e-02
1.024334000000000008e-02
1.384701999999999981e-02
1.355350999999999952e-02
1.069494999999999994e-02
9.686389999999999584e-03
9.644710000000000782e-03
1.258559000000000067e-02
1.951456999999999845e-02
2.882066000000000142e-02
3.967157999999999796e-02
5.933739999999999848e-02
3.688701999999999953e-02
5.657684000000000324e-02
4.894521000000000288e-02
3.227262000000000186e-02
1.148362999999999988e-02
9.513670000000000113e-03
1.021122999999999996e-02
1.361768000000000006e-02
1.721042000000000058e-02
2.127681999999999837e-02
1.929271999999999931e-02
1.583684000000000133e-02
2.754451999999999942e-02
1.847591000000000164e-02
1.861990999999999993e-02
1.790293000000000093e-02
1.878575000000000036e-02
1.209898000000000050e-02
1.123429999999999915e-02
9.626189999999999747e-03
1.182214000000000008e-02
1.277869000000000053e-02
1.346427000000000040e-02
1.977954000000000170e-02
8.777220000000000508e-03
