7.713659999999999788e-03
2.503572999999999910e-02
7.191844000000000015e-02
8.587469000000000352e-02
1.206321800000000055e-01
1.202627400000000069e-01
1.234121799999999963e-01
1.907060100000000091e-01
2.596783899999999812e-01
3.033180799999999899e-01
3.404344000000000259e-01
1.586322300000000129e-01
2.571170999999999873e-02
7.919768000000000641e-02
2.738081199999999882e-01
5.472295299999999640e-01
6.936988200000000493e-01
7.274734400000000267e-01
7.766387500000000443e-01
7.705313599999999985e-01
7.068362799999999835e-01
4.932247100000000106e-01
3.112417199999999995e-01
1.960309899999999883e-01
4.053542999999999730e-02
3.074319000000000010e-02
4.661778999999999923e-02
5.508463999999999722e-02
1.154000899999999968e-01
2.941848000000000241e-01
3.216414699999999849e-01
2.981198400000000248e-01
2.575384099999999954e-01
1.726089000000000095e-01
1.237162700000000032e-01
6.934861000000000497e-02
4.446968999999999922e-02
4.515733000000000247e-02
3.854664000000000007e-02
7.844608000000000136e-02
5.384184000000000192e-02
5.720676999999999707e-02
3.997744000000000297e-02
2.992683999999999969e-02
2.712946000000000107e-02
3.596918999999999811e-02
4.981469000000000175e-02
3.821552999999999756e-02
1.526150000000000076e-02
3.872464999999999935e-02
7.306474000000000302e-02
8.010900999999999439e-02
8.239341999999999500e-02
6.100031000000000203e-02
3.235873999999999695e-02
2.150726999999999847e-02
2.168227000000000002e-02
4.657022000000000245e-02
7.358676999999999579e-02
5.170425000000000021e-02
3.779243999999999659e-02
4.843995000000000245e-02
3.106634000000000131e-02
3.063377000000000114e-02
