7.827529999999999211e-03
8.188620000000000620e-03
8.193209999999999382e-03
8.151749999999999274e-03
8.330219999999999292e-03
8.438579999999999345e-03
8.545119999999999799e-03
8.514400000000000093e-03
8.295189999999999161e-03
8.178360000000000837e-03
8.222119999999999429e-03
8.395490000000000244e-03
8.295119999999999577e-03
8.686189999999999883e-03
8.970749999999999558e-03
8.491119999999999571e-03
8.120560000000000625e-03
8.185629999999999296e-03
8.705390000000000350e-03
8.360539999999999639e-03
8.698539999999999398e-03
8.296069999999999139e-03
8.382350000000000217e-03
8.717300000000000743e-03
8.969319999999999377e-03
8.600999999999999271e-03
8.545000000000000512e-03
8.285850000000000853e-03
8.892409999999999898e-03
1.130792000000000082e-02
9.891099999999999892e-03
8.356809999999999239e-03
9.225529999999999148e-03
1.025463000000000069e-02
9.981520000000000670e-03
1.223045000000000035e-02
1.102389999999999967e-02
1.316030999999999972e-02
1.195667000000000084e-02
1.291702999999999948e-02
1.226234000000000005e-02
9.236619999999999206e-03
1.066721999999999983e-02
1.312822999999999941e-02
2.072751999999999928e-02
2.767019999999999896e-02
3.951682000000000111e-02
3.987746999999999820e-02
4.084329999999999905e-02
3.287335000000000257e-02
3.743389999999999912e-02
3.744030999999999748e-02
2.716700000000000018e-02
3.080874999999999933e-02
1.976968999999999949e-02
1.216753999999999926e-02
1.047549000000000050e-02
1.162568999999999929e-02
1.111274999999999936e-02
1.465962999999999988e-02
1.405270999999999951e-02
1.322887000000000021e-02
1.194347999999999937e-02
9.034320000000000198e-03
