9.617550000000000751e-03
4.465442000000000022e-02
1.185344799999999976e-01
1.546653400000000123e-01
2.030136700000000072e-01
2.279305799999999937e-01
2.359158799999999945e-01
3.530494599999999816e-01
4.795074200000000175e-01
5.369632800000000428e-01
4.803832800000000236e-01
1.737805000000000044e-01
5.124084000000000277e-02
1.776666199999999973e-01
5.077117100000000383e-01
7.725412799999999969e-01
9.055832000000000326e-01
9.257841100000000489e-01
9.592159999999999576e-01
9.332480399999999454e-01
8.441318899999999958e-01
7.483210000000000139e-01
4.808882500000000171e-01
2.451735899999999968e-01
5.596799999999999692e-02
7.020893999999999746e-02
1.096823400000000032e-01
1.289772100000000088e-01
1.598527999999999893e-01
5.025063199999999508e-01
5.982514599999999572e-01
4.578360899999999734e-01
4.450747400000000242e-01
2.114640799999999987e-01
1.915262899999999879e-01
1.344048399999999976e-01
9.624765999999999877e-02
8.376967000000000441e-02
8.634767000000000137e-02
1.074213100000000060e-01
1.054085500000000036e-01
8.310676000000000174e-02
4.059303000000000217e-02
3.694582999999999895e-02
2.362285000000000079e-02
7.835823000000000094e-02
6.998962000000000239e-02
6.683235999999999344e-02
2.343260000000000134e-02
5.453703000000000023e-02
1.501644299999999876e-01
1.458054500000000031e-01
1.415847199999999972e-01
7.310937000000000685e-02
2.404345000000000093e-02
2.949734000000000037e-02
6.651669999999999805e-02
1.252978299999999989e-01
1.272089600000000098e-01
7.758489000000000357e-02
3.696519999999999667e-02
4.306353000000000264e-02
3.411067999999999739e-02
5.289813000000000154e-02
