7.097570000000000094e-03
8.991960000000000230e-03
8.678709999999999203e-03
9.825000000000000400e-03
1.141249000000000083e-02
1.246218999999999973e-02
1.675286000000000136e-02
1.905642999999999920e-02
2.214547000000000043e-02
2.262897999999999993e-02
2.552959000000000131e-02
1.964209999999999914e-02
1.583493999999999874e-02
1.261175999999999964e-02
1.025679999999999994e-02
8.638649999999999454e-03
8.591869999999999716e-03
8.798179999999999196e-03
9.094800000000000106e-03
9.606200000000000502e-03
1.137862000000000075e-02
1.060228000000000038e-02
1.098358999999999967e-02
1.083235999999999921e-02
1.018799999999999914e-02
1.009579000000000032e-02
9.647750000000000076e-03
8.776930000000000495e-03
9.015640000000000112e-03
9.312569999999999182e-03
8.397589999999999916e-03
8.715209999999999277e-03
9.004200000000000398e-03
8.390309999999999782e-03
8.590079999999999938e-03
8.480579999999999716e-03
8.946449999999999889e-03
9.245079999999999271e-03
8.982699999999999713e-03
9.350479999999999556e-03
8.629990000000000577e-03
8.913199999999999595e-03
1.002173999999999947e-02
8.900399999999999284e-03
8.574299999999999977e-03
8.755129999999999857e-03
8.857369999999999827e-03
8.570559999999999637e-03
9.244000000000000480e-03
8.944250000000000811e-03
8.881109999999999352e-03
9.046880000000000199e-03
8.222840000000000357e-03
9.002410000000000620e-03
9.253690000000000179e-03
9.389879999999999755e-03
9.442400000000000099e-03
8.506639999999999341e-03
8.302409999999999651e-03
8.655460000000000237e-03
8.824620000000000034e-03
8.693060000000000717e-03
8.993009999999999199e-03
7.656320000000000313e-03
