7.448920000000000367e-03
9.684470000000000578e-03
8.574069999999999608e-03
9.538879999999999582e-03
9.325019999999999837e-03
9.198720000000000507e-03
8.198230000000000794e-03
8.515379999999999477e-03
9.558930000000000204e-03
1.083172999999999948e-02
1.006271000000000075e-02
9.943330000000000224e-03
9.058830000000000354e-03
8.293740000000000834e-03
8.997830000000000064e-03
9.760899999999999438e-03
9.373390000000000541e-03
8.651199999999999515e-03
8.214070000000000399e-03
8.469960000000000336e-03
9.840279999999999860e-03
1.184142000000000007e-02
1.134669999999999949e-02
8.589150000000000257e-03
8.517320000000000099e-03
8.569719999999999421e-03
9.386679999999999677e-03
9.675400000000000666e-03
9.301860000000000336e-03
8.688790000000000055e-03
8.543109999999999593e-03
8.681480000000000100e-03
9.120450000000000432e-03
8.804559999999999470e-03
8.898700000000000707e-03
9.521250000000000199e-03
9.311329999999999607e-03
8.951380000000000101e-03
1.000858999999999950e-02
8.902389999999999609e-03
8.280300000000000854e-03
8.777500000000000580e-03
1.002213000000000062e-02
1.074152999999999913e-02
1.065901000000000001e-02
1.055737999999999989e-02
1.123678999999999997e-02
1.251921999999999931e-02
1.223300000000000082e-02
1.418670000000000000e-02
1.274256999999999994e-02
1.294823999999999975e-02
9.276690000000000630e-03
9.561240000000000364e-03
1.510432999999999915e-02
1.708486000000000032e-02
2.331325000000000064e-02
2.582160000000000011e-02
2.830043999999999962e-02
2.730267999999999931e-02
2.538185000000000094e-02
2.616239000000000064e-02
2.198608999999999980e-02
8.103330000000000602e-03
