2.030515999999999918e-02
4.157340999999999814e-02
4.295849000000000195e-02
3.143351999999999952e-02
2.183005000000000015e-02
2.220480999999999844e-02
1.733888999999999916e-02
1.096404999999999949e-02
9.115540000000000101e-03
9.641989999999999589e-03
1.080167999999999927e-02
1.055525000000000040e-02
1.166715999999999934e-02
1.526801000000000026e-02
1.542209999999999935e-02
1.563927000000000025e-02
1.478342000000000024e-02
1.594102000000000019e-02
1.367227000000000026e-02
9.796169999999999878e-03
8.915779999999999886e-03
9.117540000000000366e-03
9.215630000000000696e-03
8.439939999999999942e-03
8.605160000000000586e-03
8.930250000000000687e-03
8.928459999999999175e-03
9.085489999999999886e-03
9.120760000000000325e-03
8.329730000000000467e-03
8.554759999999999795e-03
8.503900000000000001e-03
8.655059999999999143e-03
8.176809999999999634e-03
8.756720000000000823e-03
8.798540000000000527e-03
8.595069999999999794e-03
8.569049999999999931e-03
8.449409999999999213e-03
8.563970000000000610e-03
8.438160000000000105e-03
9.613190000000000623e-03
9.524200000000000027e-03
9.286149999999999960e-03
9.380090000000000650e-03
8.723450000000000648e-03
8.987639999999999865e-03
9.576539999999999705e-03
9.342770000000000241e-03
8.933490000000000528e-03
8.800139999999999699e-03
8.488239999999999327e-03
9.514049999999999591e-03
9.190339999999999968e-03
8.627479999999999871e-03
8.445670000000000607e-03
8.792130000000000431e-03
8.803160000000000845e-03
8.408560000000000687e-03
8.579579999999999845e-03
8.884460000000000274e-03
8.518869999999999568e-03
8.583320000000000186e-03
7.705250000000000293e-03
