3.687808000000000058e-02
6.664415999999999396e-02
2.558971000000000162e-02
1.865638000000000019e-02
1.816854000000000038e-02
1.882612999999999995e-02
2.421419000000000002e-02
4.084865000000000024e-02
4.763284999999999741e-02
3.577691000000000204e-02
2.526097000000000065e-02
2.849124000000000101e-02
6.377834999999999754e-02
9.605724000000000207e-02
5.452607999999999761e-02
1.912130999999999900e-02
1.134815999999999950e-02
1.908438999999999969e-02
5.366854000000000069e-02
5.477830000000000199e-02
2.409678000000000167e-02
3.473588999999999843e-02
2.696549000000000168e-02
5.895981000000000138e-02
9.211128000000000371e-02
6.579161000000000037e-02
2.896680000000000088e-02
5.210958000000000256e-02
5.266504999999999798e-02
1.719581500000000041e-01
1.429229200000000088e-01
2.688770999999999869e-02
2.335738000000000050e-02
2.790830999999999867e-02
6.127321000000000156e-02
8.746481000000000394e-02
9.677149000000000167e-02
9.686345000000000371e-02
1.092022599999999954e-01
1.549298299999999906e-01
1.986786000000000108e-01
1.599252800000000030e-01
9.399422999999999806e-02
3.772236999999999812e-02
1.065647499999999998e-01
3.671840399999999893e-01
5.795967600000000441e-01
6.749624600000000418e-01
7.543913100000000371e-01
7.293297600000000491e-01
7.430610699999999902e-01
6.599062700000000170e-01
5.582574599999999831e-01
4.216965999999999770e-01
1.505016499999999868e-01
8.048549000000000675e-02
3.298733000000000221e-02
2.112568999999999905e-02
4.579281999999999797e-02
6.643582000000000654e-02
1.152499300000000004e-01
1.143757700000000016e-01
1.124934900000000015e-01
3.800553000000000264e-02
