7.558439999999999603e-03
1.118994000000000065e-02
1.439045000000000081e-02
1.299282000000000041e-02
1.358662000000000064e-02
1.172560999999999916e-02
1.355148999999999937e-02
1.560291999999999929e-02
1.239588999999999969e-02
1.223423000000000045e-02
1.566802999999999946e-02
9.716580000000000703e-03
1.214973999999999915e-02
1.858361999999999861e-02
1.696320999999999940e-02
1.762098000000000136e-02
2.227420999999999915e-02
2.321611999999999981e-02
1.347976000000000035e-02
2.879608999999999988e-02
2.393688999999999886e-02
1.211934999999999922e-02
1.159193000000000029e-02
1.283635999999999978e-02
2.091093999999999939e-02
3.277880999999999850e-02
2.937705999999999998e-02
2.308709999999999929e-02
1.327715999999999966e-02
1.363279000000000053e-02
1.311582000000000026e-02
2.064513999999999933e-02
2.677548000000000081e-02
1.627924000000000038e-02
1.912060000000000148e-02
2.096077999999999830e-02
1.296030999999999919e-02
1.111199000000000041e-02
1.303421999999999914e-02
1.863110000000000113e-02
3.218827999999999967e-02
3.231836999999999904e-02
2.829274999999999846e-02
2.845682000000000073e-02
2.795140999999999945e-02
3.904279000000000083e-02
4.951533999999999797e-02
4.826190000000000341e-02
3.157892000000000338e-02
4.637266000000000304e-02
4.194947999999999733e-02
3.725987000000000049e-02
3.945517999999999942e-02
3.645955000000000029e-02
2.627878000000000158e-02
2.276171000000000097e-02
1.608539999999999970e-02
1.603049000000000140e-02
2.119176999999999866e-02
3.317488999999999855e-02
6.667670000000000541e-02
1.195673500000000028e-01
8.462796000000000207e-02
1.195370999999999934e-02
