8.141940000000000288e-03
9.280490000000000614e-03
8.249640000000000792e-03
8.451220000000000607e-03
8.710570000000000812e-03
8.785460000000000144e-03
8.986400000000000290e-03
9.304609999999999617e-03
9.167669999999999292e-03
9.245760000000000436e-03
9.135080000000000283e-03
8.931520000000000084e-03
8.912200000000000330e-03
8.551750000000000324e-03
9.354569999999999552e-03
1.085705000000000003e-02
9.346510000000000581e-03
8.957349999999999340e-03
8.323729999999999671e-03
8.471239999999999673e-03
9.683060000000000278e-03
1.180636000000000012e-02
1.184757999999999992e-02
9.761920000000000319e-03
8.797539999999999527e-03
1.001139000000000022e-02
1.089738999999999985e-02
1.052385999999999946e-02
1.005587999999999968e-02
8.835710000000000092e-03
9.049740000000000562e-03
9.759189999999999185e-03
9.764159999999999159e-03
1.004626999999999951e-02
1.018024000000000012e-02
1.020277999999999984e-02
1.037218999999999988e-02
1.084501000000000041e-02
1.009788999999999999e-02
9.764190000000000716e-03
9.602239999999999734e-03
9.191239999999999827e-03
9.300080000000000499e-03
1.014342000000000021e-02
1.183444999999999983e-02
1.246902000000000080e-02
1.285992000000000038e-02
1.280416000000000019e-02
1.119456999999999917e-02
1.055537999999999962e-02
1.020906000000000070e-02
1.094866000000000068e-02
1.271574999999999962e-02
1.528798999999999957e-02
1.666513000000000022e-02
1.919161999999999951e-02
2.288559000000000079e-02
2.424424999999999844e-02
2.467569000000000012e-02
2.506001999999999882e-02
2.240373000000000017e-02
1.967466000000000007e-02
1.592427000000000079e-02
7.872979999999999909e-03
