1.381054999999999956e-02
4.422815000000000080e-02
9.164806000000000341e-02
1.435429300000000130e-01
2.111905400000000099e-01
2.687681900000000179e-01
6.943712999999999969e-02
4.863912000000000097e-02
3.657454000000000260e-02
3.448248999999999759e-02
6.542278999999999456e-02
1.184017900000000068e-01
7.059406000000000014e-02
2.465374000000000038e-02
3.862511999999999890e-02
8.988999999999999768e-02
8.901823999999999848e-02
7.155991999999999909e-02
1.082810899999999965e-01
1.453283999999999965e-01
3.028202700000000025e-01
3.097372400000000248e-01
2.558051900000000156e-01
1.652285300000000123e-01
6.427372000000000640e-02
5.570375000000000326e-02
1.480383700000000025e-01
2.647391900000000131e-01
1.192670299999999961e-01
1.339780399999999927e-01
2.559285499999999769e-01
4.403573000000000071e-01
4.443171599999999888e-01
2.300485700000000078e-01
1.490223900000000046e-01
9.264893000000000434e-02
2.244649700000000137e-01
6.046540099999999640e-01
9.178520399999999801e-01
9.354273699999999803e-01
9.337068200000000484e-01
9.628248799999999941e-01
9.155361100000000141e-01
7.897479499999999764e-01
5.802320199999999595e-01
3.402404500000000276e-01
1.459057500000000007e-01
1.029034800000000055e-01
3.981284999999999685e-02
7.774296999999999458e-02
1.717509600000000081e-01
2.337998199999999915e-01
4.687005300000000041e-01
6.152985100000000207e-01
6.072031900000000038e-01
6.666442799999999780e-01
5.225606000000000417e-01
2.220606400000000036e-01
1.514774299999999962e-01
6.006137000000000281e-02
4.745789999999999731e-02
5.820336999999999733e-02
8.982313000000000103e-02
5.354068000000000022e-02
