7.911659999999999179e-03
8.474169999999999620e-03
8.390339999999999604e-03
8.473410000000000664e-03
8.374869999999999537e-03
8.768400000000000846e-03
8.043120000000000824e-03
8.285419999999999938e-03
8.741489999999999330e-03
8.952490000000000447e-03
9.052259999999999474e-03
9.216439999999999355e-03
8.864050000000000054e-03
8.548039999999999805e-03
8.558520000000000016e-03
8.636390000000000733e-03
8.553379999999999317e-03
8.184510000000000743e-03
8.228350000000000594e-03
8.523920000000000802e-03
8.929839999999999653e-03
9.696740000000000567e-03
9.761280000000000651e-03
9.031199999999999645e-03
8.572710000000000746e-03
8.444770000000000748e-03
8.542819999999999581e-03
8.776040000000000577e-03
8.563789999999999944e-03
8.528020000000000739e-03
8.110839999999999370e-03
8.372340000000000684e-03
8.479389999999999844e-03
8.442559999999999995e-03
8.700039999999999163e-03
8.635610000000000161e-03
8.461410000000000806e-03
8.682759999999999437e-03
8.528960000000000360e-03
8.213540000000000077e-03
8.362130000000000604e-03
8.428679999999999159e-03
8.507799999999999391e-03
8.462290000000000784e-03
8.461919999999999512e-03
8.546480000000000396e-03
8.806939999999999213e-03
9.161439999999999861e-03
8.654469999999999177e-03
8.780960000000000848e-03
8.800290000000000543e-03
8.611650000000000207e-03
8.503379999999999619e-03
8.963030000000000302e-03
9.646220000000000488e-03
9.836750000000000008e-03
1.010769000000000077e-02
1.082977000000000072e-02
1.195836999999999942e-02
1.223898000000000000e-02
1.247635000000000063e-02
1.380256000000000018e-02
1.235507999999999919e-02
7.462739999999999825e-03
