7.816439999999999153e-03
8.609320000000000167e-03
8.193870000000000667e-03
8.422189999999999538e-03
8.147869999999999766e-03
8.060299999999999410e-03
8.599499999999999506e-03
8.500250000000000861e-03
8.908720000000000180e-03
9.159419999999999715e-03
8.810200000000000670e-03
9.047509999999999927e-03
8.594849999999999365e-03
8.156319999999999890e-03
8.677610000000000531e-03
9.124149999999999275e-03
8.705469999999999875e-03
8.269109999999999655e-03
8.068570000000000603e-03
7.907789999999999611e-03
8.379950000000000593e-03
1.028483999999999995e-02
1.084635999999999934e-02
8.764259999999999412e-03
8.073260000000000505e-03
8.597989999999999799e-03
9.257359999999999201e-03
9.094090000000000854e-03
9.262259999999999591e-03
8.431130000000000221e-03
8.255870000000000222e-03
8.789379999999999415e-03
9.076169999999999724e-03
9.224239999999999870e-03
8.865949999999999179e-03
8.653700000000000281e-03
9.024370000000000308e-03
9.924809999999999188e-03
9.018190000000000581e-03
9.002790000000000098e-03
8.035230000000000844e-03
8.177480000000000859e-03
8.653160000000000018e-03
9.314599999999999269e-03
9.283639999999999254e-03
8.736600000000000615e-03
9.473489999999999342e-03
1.247366999999999920e-02
1.117406999999999949e-02
1.017441000000000005e-02
1.074944000000000073e-02
1.126150000000000068e-02
9.202520000000000491e-03
1.009343000000000046e-02
1.563403000000000015e-02
1.776167999999999844e-02
1.964967000000000102e-02
2.330501999999999921e-02
2.583254999999999926e-02
2.729964000000000002e-02
2.390783000000000144e-02
2.119926999999999923e-02
1.407858000000000026e-02
7.787709999999999771e-03
