9.938209999999999406e-03
3.199331999999999870e-02
2.733576999999999882e-02
2.060027999999999859e-02
1.669607999999999856e-02
1.420748999999999970e-02
1.125785999999999974e-02
9.806979999999999864e-03
8.822359999999999577e-03
9.198110000000000661e-03
1.068071999999999945e-02
1.172567000000000054e-02
1.223105000000000026e-02
1.522577999999999952e-02
2.186816999999999928e-02
1.638068000000000163e-02
1.289129999999999963e-02
1.268300999999999977e-02
1.052618999999999951e-02
9.190169999999999242e-03
9.768020000000000522e-03
1.015980000000000008e-02
9.353379999999999680e-03
8.437000000000000055e-03
8.570239999999999803e-03
9.246900000000000605e-03
9.160839999999999955e-03
9.064030000000000697e-03
9.327099999999999627e-03
9.401839999999999850e-03
8.920829999999999385e-03
8.732200000000000725e-03
8.515969999999999443e-03
8.578370000000000092e-03
8.904729999999999590e-03
1.035647999999999951e-02
9.045350000000000612e-03
9.041729999999999559e-03
9.062890000000000529e-03
9.381580000000000474e-03
1.042229000000000072e-02
9.190439999999999374e-03
9.913480000000000555e-03
8.831260000000000498e-03
9.530590000000000242e-03
1.072673000000000029e-02
1.185057999999999945e-02
1.031414999999999936e-02
9.175479999999999747e-03
8.743320000000000605e-03
8.313410000000000244e-03
9.169200000000000614e-03
1.076963000000000052e-02
1.105324000000000063e-02
9.622630000000000072e-03
9.038499999999999659e-03
8.827289999999999789e-03
9.568929999999999797e-03
9.483129999999999338e-03
8.930199999999999250e-03
8.868179999999999813e-03
8.578300000000000508e-03
8.812119999999999675e-03
7.758250000000000389e-03
