1.301839999999999942e-02
1.705096999999999863e-02
1.126518999999999958e-02
1.668845999999999871e-02
1.649284000000000167e-02
1.368081999999999979e-02
9.118470000000000047e-03
9.676749999999999588e-03
1.549265000000000017e-02
1.820657999999999999e-02
2.033980999999999983e-02
2.216270999999999866e-02
1.347819999999999921e-02
8.984590000000000631e-03
1.203862999999999982e-02
1.811482000000000023e-02
1.569945000000000021e-02
1.407647000000000065e-02
1.212188999999999975e-02
1.037219999999999982e-02
1.252506999999999926e-02
2.972359999999999933e-02
3.614902999999999866e-02
1.659594000000000000e-02
1.172507000000000063e-02
1.315121999999999992e-02
1.964437000000000128e-02
2.296762000000000109e-02
2.542016000000000067e-02
1.380904999999999980e-02
1.302807999999999918e-02
1.779491999999999879e-02
2.156454000000000010e-02
1.749981000000000106e-02
1.540725000000000081e-02
1.640170000000000169e-02
2.112119999999999970e-02
4.776559999999999834e-02
3.760418000000000094e-02
2.148765000000000050e-02
1.377347999999999940e-02
1.631169000000000022e-02
2.820864000000000010e-02
4.215057999999999999e-02
5.589411999999999853e-02
5.622114999999999752e-02
6.049091999999999664e-02
7.175441999999999931e-02
5.967926999999999954e-02
5.877344999999999792e-02
4.541478999999999655e-02
3.139605000000000173e-02
1.965661999999999965e-02
3.760855999999999921e-02
9.935671000000000086e-02
1.298045499999999908e-01
2.146632199999999879e-01
2.779429900000000009e-01
3.190129700000000068e-01
3.272069699999999859e-01
3.187622999999999984e-01
2.962552900000000045e-01
1.697446599999999917e-01
1.767449999999999924e-02
