1.127416000000000008e-02
2.714866000000000154e-02
2.144961999999999910e-02
2.552977000000000024e-02
2.882140999999999870e-02
2.111222999999999919e-02
1.532921999999999930e-02
1.238839000000000086e-02
1.357901000000000073e-02
2.896583999999999964e-02
3.415253000000000039e-02
2.682315999999999867e-02
1.571312999999999876e-02
1.325128000000000070e-02
1.720676999999999970e-02
1.769472000000000059e-02
3.268080999999999764e-02
3.247184000000000181e-02
2.122270000000000059e-02
1.110207000000000034e-02
1.624220999999999998e-02
2.336515000000000120e-02
2.566055000000000072e-02
2.050418999999999853e-02
1.326696999999999946e-02
1.567025000000000015e-02
3.155199000000000198e-02
3.842158999999999852e-02
3.281645999999999869e-02
2.662725999999999982e-02
3.312140000000000223e-02
3.374077000000000326e-02
3.731222000000000011e-02
3.432683000000000262e-02
3.067208999999999908e-02
2.167608999999999855e-02
3.552061000000000107e-02
4.795779000000000014e-02
4.743835999999999886e-02
2.526143999999999959e-02
2.889964000000000074e-02
3.863433000000000145e-02
5.438844999999999791e-02
7.162229000000000512e-02
7.916484000000000021e-02
3.158622999999999986e-02
2.017083999999999891e-02
3.634481999999999990e-02
1.042674299999999943e-01
2.159929100000000102e-01
2.875213300000000194e-01
3.019177000000000111e-01
3.078556100000000018e-01
3.217627399999999915e-01
2.979555400000000187e-01
1.705187900000000034e-01
9.446683000000000163e-02
7.243895999999999669e-02
5.217693999999999804e-02
3.233134000000000008e-02
1.749722000000000083e-02
1.601278999999999897e-02
1.740575999999999929e-02
1.624050000000000146e-02
