7.788050000000000354e-03
1.037574999999999956e-02
1.072231000000000052e-02
1.339809999999999959e-02
1.444085999999999981e-02
1.227695000000000002e-02
1.433981999999999965e-02
1.167044000000000067e-02
1.064879999999999993e-02
9.317779999999999466e-03
9.028899999999999426e-03
9.019120000000000262e-03
1.033421999999999986e-02
1.273297999999999965e-02
1.649718000000000018e-02
1.526038000000000047e-02
1.590346999999999941e-02
1.415955999999999985e-02
1.375066999999999956e-02
1.222991000000000009e-02
1.107089999999999984e-02
1.065805000000000051e-02
1.841345000000000134e-02
2.254234000000000099e-02
2.998506000000000088e-02
3.829296000000000089e-02
4.310133000000000020e-02
4.301322999999999952e-02
3.102343000000000114e-02
2.074109000000000022e-02
1.472373000000000084e-02
1.180140000000000008e-02
9.592269999999999963e-03
9.294089999999999643e-03
9.271810000000000121e-03
1.038736000000000000e-02
9.779229999999999867e-03
1.307486000000000065e-02
1.427578000000000007e-02
1.160276000000000016e-02
1.322984999999999960e-02
9.672439999999999163e-03
9.758189999999999920e-03
9.255630000000000801e-03
9.590380000000000779e-03
1.037988999999999926e-02
8.763369999999999493e-03
9.119610000000000216e-03
9.928630000000000788e-03
9.524229999999999849e-03
8.520899999999999655e-03
8.541029999999999803e-03
8.571580000000000518e-03
8.996620000000000311e-03
9.437110000000000290e-03
9.211759999999999393e-03
8.747490000000000127e-03
8.696109999999999951e-03
9.964580000000000659e-03
9.643689999999999901e-03
1.000885999999999963e-02
9.348129999999999634e-03
1.006486000000000013e-02
7.830639999999999823e-03
