7.623450000000000365e-03
1.123003000000000022e-02
1.120380999999999981e-02
1.240084999999999972e-02
1.290026000000000020e-02
1.624704999999999899e-02
1.712653999999999913e-02
1.546280000000000050e-02
1.557834999999999949e-02
1.047013999999999931e-02
8.987149999999999306e-03
8.998159999999999839e-03
1.012969000000000022e-02
1.525357999999999922e-02
2.035056999999999838e-02
1.997358000000000119e-02
1.772485999999999853e-02
1.800995999999999847e-02
2.309372000000000161e-02
2.814111000000000043e-02
2.275274000000000046e-02
1.142592000000000087e-02
1.332202000000000039e-02
2.390768999999999880e-02
4.588816999999999896e-02
7.936108000000000051e-02
9.489875000000000393e-02
1.029094700000000029e-01
9.266607000000000316e-02
6.206901000000000085e-02
3.929393999999999942e-02
3.225966000000000250e-02
2.066474000000000089e-02
1.247011999999999947e-02
1.013256000000000052e-02
1.159028999999999962e-02
1.283876999999999935e-02
2.364343000000000000e-02
2.604197000000000109e-02
2.293438000000000074e-02
2.373238000000000084e-02
1.789962999999999971e-02
1.255457999999999921e-02
9.971580000000000721e-03
9.081640000000000199e-03
9.950630000000000239e-03
1.344974999999999990e-02
1.215531000000000077e-02
1.156941000000000046e-02
1.264813000000000048e-02
1.341346000000000031e-02
9.590049999999999270e-03
1.045778999999999979e-02
1.007927999999999949e-02
1.059735000000000017e-02
9.027409999999999601e-03
8.798900000000000124e-03
8.394389999999999838e-03
8.898510000000000100e-03
8.137429999999999317e-03
9.077639999999999668e-03
1.054689999999999968e-02
1.230602000000000085e-02
8.066840000000000468e-03
