8.351010000000000724e-03
9.897950000000000845e-03
8.982540000000000663e-03
8.503159999999999191e-03
9.067620000000000194e-03
9.449199999999999613e-03
9.004949999999999413e-03
8.591200000000000225e-03
8.687010000000000218e-03
8.351859999999999146e-03
8.819209999999999203e-03
9.602410000000000459e-03
1.180520000000000007e-02
1.102125999999999974e-02
1.060496000000000008e-02
8.838890000000000288e-03
9.143049999999999788e-03
9.236249999999999669e-03
9.962489999999999193e-03
1.051154999999999971e-02
1.012342999999999923e-02
9.581849999999999395e-03
1.079048999999999980e-02
8.784860000000000238e-03
1.099271999999999923e-02
9.642410000000000564e-03
8.509050000000000641e-03
1.172479000000000056e-02
1.551334000000000046e-02
2.441698000000000132e-02
2.714429000000000147e-02
3.031493000000000035e-02
3.099257999999999874e-02
2.909909999999999927e-02
2.298147000000000037e-02
2.728778000000000106e-02
1.406639999999999974e-02
1.414899000000000018e-02
1.515087000000000031e-02
1.215301000000000055e-02
1.096107999999999978e-02
1.117865000000000004e-02
1.468047999999999922e-02
2.022875000000000020e-02
2.260258999999999879e-02
1.249541000000000020e-02
2.171222999999999903e-02
1.779624000000000136e-02
1.155050999999999994e-02
1.008150000000000018e-02
8.301279999999999423e-03
9.008010000000000322e-03
1.203009000000000023e-02
1.046443000000000026e-02
9.762099999999999250e-03
1.275515999999999976e-02
1.521214000000000073e-02
8.912629999999999511e-03
9.624020000000000491e-03
9.928559999999999469e-03
1.034932000000000039e-02
9.434510000000000118e-03
9.231059999999999266e-03
7.969489999999999214e-03
