7.435360000000000233e-03
9.182829999999999465e-03
9.393270000000000439e-03
9.105550000000000449e-03
9.282810000000000714e-03
9.249560000000000420e-03
1.027088999999999953e-02
1.030953000000000078e-02
9.400260000000000560e-03
9.871359999999999163e-03
1.039886999999999929e-02
8.690689999999999180e-03
9.357050000000000436e-03
1.008725000000000073e-02
1.047381000000000006e-02
1.135045999999999972e-02
1.122185000000000023e-02
1.118570999999999975e-02
1.049189000000000024e-02
1.299398000000000046e-02
1.283863000000000018e-02
8.577990000000000614e-03
8.258140000000000619e-03
8.745279999999999374e-03
1.083735000000000080e-02
1.298278999999999926e-02
1.120383999999999963e-02
1.084915000000000011e-02
9.113019999999999454e-03
9.467510000000000162e-03
8.707929999999999143e-03
9.363009999999999736e-03
1.024328000000000044e-02
9.195379999999999526e-03
9.662850000000000605e-03
1.135976000000000000e-02
9.068589999999999637e-03
8.552920000000000314e-03
9.499860000000000596e-03
1.137810000000000037e-02
1.385705999999999917e-02
1.377802000000000020e-02
1.263363999999999980e-02
1.187605000000000084e-02
9.517879999999999396e-03
1.400508999999999955e-02
2.370832999999999968e-02
2.235200999999999855e-02
1.383731000000000023e-02
1.670080999999999996e-02
1.407133999999999989e-02
1.312270999999999924e-02
1.328846000000000020e-02
1.382726999999999914e-02
1.104625000000000051e-02
1.129049000000000025e-02
9.462309999999999818e-03
1.149710999999999962e-02
1.468141000000000064e-02
2.129551999999999834e-02
3.420063000000000270e-02
4.823788999999999855e-02
3.120782000000000070e-02
8.890459999999999335e-03
