7.290010000000000413e-03
8.668159999999999407e-03
8.454790000000000222e-03
8.390659999999999438e-03
8.594360000000000541e-03
8.850429999999999409e-03
8.603559999999999680e-03
8.665829999999999367e-03
8.245380000000000070e-03
8.888270000000000198e-03
8.973830000000000348e-03
8.613149999999999973e-03
9.823020000000000015e-03
1.095540000000000055e-02
1.032692999999999979e-02
8.479060000000000069e-03
8.521789999999999574e-03
8.187679999999999264e-03
9.167929999999999482e-03
9.586789999999999548e-03
8.351320000000000618e-03
8.267719999999999236e-03
8.809980000000000241e-03
9.309219999999999995e-03
9.698309999999999917e-03
9.797969999999999596e-03
8.652979999999999353e-03
8.973590000000000039e-03
8.897949999999999957e-03
9.512480000000000241e-03
9.431119999999999434e-03
8.528000000000000858e-03
9.034119999999999651e-03
8.796190000000000606e-03
8.650019999999999584e-03
8.924760000000000332e-03
8.699880000000000113e-03
8.729950000000000210e-03
1.003259999999999916e-02
1.244759999999999964e-02
1.311904000000000022e-02
1.008311999999999924e-02
1.127245999999999977e-02
1.182163999999999958e-02
1.118875000000000078e-02
1.519492000000000065e-02
2.028548000000000157e-02
2.109290999999999944e-02
2.108200000000000005e-02
2.020597000000000018e-02
1.766045000000000115e-02
1.425685999999999967e-02
1.105460999999999944e-02
9.571069999999999231e-03
9.364219999999999489e-03
8.801019999999999677e-03
8.277249999999999885e-03
8.856660000000000574e-03
9.211340000000000153e-03
9.317469999999999572e-03
1.043623999999999941e-02
1.137646999999999964e-02
1.012833999999999957e-02
7.637940000000000181e-03
