9.850700000000000428e-03
1.275332000000000028e-02
1.032306000000000022e-02
9.712109999999999493e-03
8.879949999999999302e-03
8.148960000000000231e-03
8.191540000000000626e-03
9.306909999999999836e-03
1.114729000000000067e-02
1.145258000000000040e-02
9.902140000000000247e-03
9.372880000000000100e-03
9.902779999999999916e-03
1.094551000000000031e-02
1.127820000000000038e-02
9.286720000000000044e-03
1.007728999999999916e-02
9.363430000000000711e-03
9.979580000000000048e-03
9.574660000000000462e-03
9.733600000000000238e-03
1.089493000000000059e-02
9.532169999999999532e-03
1.044921000000000044e-02
1.219847999999999939e-02
1.160576999999999963e-02
1.084995000000000057e-02
1.103320999999999989e-02
1.267622000000000020e-02
1.636914000000000077e-02
1.387704000000000021e-02
1.121249000000000030e-02
1.108148999999999940e-02
8.723470000000000529e-03
1.041623000000000028e-02
1.205607000000000033e-02
1.506329000000000001e-02
1.403050999999999951e-02
1.279723999999999966e-02
1.502564999999999977e-02
2.148976000000000011e-02
2.455413999999999861e-02
1.929832000000000075e-02
1.456603000000000064e-02
1.324799999999999936e-02
2.606336000000000069e-02
4.060806000000000138e-02
5.528092999999999896e-02
6.418907000000000085e-02
6.558809000000000167e-02
6.981112999999999902e-02
6.462452000000000474e-02
5.317517000000000077e-02
4.667226000000000014e-02
3.075655000000000056e-02
2.042922999999999961e-02
1.097712999999999987e-02
9.466010000000000396e-03
8.876020000000000090e-03
9.647559999999999469e-03
1.042579000000000075e-02
1.233927999999999935e-02
1.295694000000000012e-02
9.188240000000000296e-03
