1.312445999999999925e-02
4.925183000000000338e-02
7.804468000000000516e-02
7.827831999999999846e-02
9.630383000000000693e-02
1.341599099999999933e-01
1.350745100000000087e-01
1.403810100000000005e-01
1.433626000000000067e-01
8.259750999999999899e-02
7.592382000000000297e-02
4.005422000000000149e-02
1.021645800000000048e-01
2.479673900000000097e-01
4.121497000000000077e-01
5.637754200000000271e-01
6.261910800000000110e-01
5.798499599999999976e-01
5.093775400000000175e-01
3.759173199999999992e-01
2.461979099999999920e-01
1.047512000000000026e-01
4.949557999999999736e-02
3.692374999999999824e-02
3.258653999999999717e-02
4.272734000000000254e-02
8.137542000000000386e-02
1.097249799999999997e-01
1.165870400000000029e-01
1.792696599999999973e-01
2.128227799999999892e-01
1.057000599999999985e-01
8.081449000000000271e-02
2.974537999999999835e-02
3.928983999999999949e-02
5.575527999999999734e-02
4.240733000000000003e-02
2.915291000000000063e-02
2.600906000000000051e-02
3.849125999999999936e-02
3.804492999999999764e-02
2.523724000000000106e-02
1.550598000000000080e-02
1.757536999999999988e-02
1.642205000000000054e-02
1.901386000000000048e-02
2.565339000000000161e-02
3.704709999999999948e-02
2.977418000000000078e-02
4.526991999999999822e-02
6.165885000000000116e-02
4.017765000000000225e-02
3.100790999999999964e-02
1.969637000000000124e-02
1.608882000000000020e-02
2.440540999999999891e-02
3.661725999999999870e-02
3.643016999999999783e-02
3.898690999999999962e-02
2.819707000000000116e-02
9.802699999999999261e-03
1.540242999999999994e-02
2.242960000000000093e-02
2.036786999999999972e-02
