1.053366000000000025e-02
1.478553999999999979e-02
1.645885000000000056e-02
1.635829000000000102e-02
1.600311999999999915e-02
1.567150000000000140e-02
1.541836000000000075e-02
1.260466000000000017e-02
9.442139999999999908e-03
9.431180000000000813e-03
8.669450000000000420e-03
8.591669999999999169e-03
9.595319999999999197e-03
9.180249999999999175e-03
9.060719999999999538e-03
9.998820000000000277e-03
1.030498000000000004e-02
1.081144000000000029e-02
9.641989999999999589e-03
8.891589999999999563e-03
8.627910000000000787e-03
8.610329999999999373e-03
8.358040000000000608e-03
8.191739999999999439e-03
8.275420000000000345e-03
8.669649999999999232e-03
8.586109999999999229e-03
8.507640000000000341e-03
8.569069999999999812e-03
8.476159999999999944e-03
8.552809999999999233e-03
8.494730000000000683e-03
8.461770000000000402e-03
8.220919999999999617e-03
8.325519999999999449e-03
8.477210000000000648e-03
8.206049999999999456e-03
8.301980000000000470e-03
8.367819999999999772e-03
8.266259999999999233e-03
8.028620000000000201e-03
8.492370000000000821e-03
8.607810000000000461e-03
8.476080000000000420e-03
8.507670000000000163e-03
8.330989999999999923e-03
8.268899999999999167e-03
8.449550000000000116e-03
8.695359999999999201e-03
8.529999999999999388e-03
8.389620000000000410e-03
8.335860000000000491e-03
8.216060000000000724e-03
8.277019999999999517e-03
8.457309999999999134e-03
8.614079999999999654e-03
8.414410000000000639e-03
8.745479999999999920e-03
8.502070000000000460e-03
8.457070000000000559e-03
8.211579999999999574e-03
8.416029999999999692e-03
8.502020000000000757e-03
7.489589999999999963e-03
