1.120428000000000049e-02
1.793097999999999914e-02
2.653513000000000052e-02
3.374102999999999825e-02
4.177506000000000275e-02
4.859607999999999983e-02
4.263046000000000196e-02
3.763579000000000230e-02
2.885135000000000130e-02
2.585155999999999912e-02
2.458370000000000000e-02
1.868635999999999908e-02
1.576558000000000126e-02
9.741939999999999281e-03
9.019920000000000715e-03
9.185320000000000290e-03
9.558449999999999586e-03
1.257329000000000085e-02
1.410893000000000043e-02
1.276366999999999953e-02
1.472507999999999977e-02
1.576137000000000024e-02
1.336365999999999943e-02
1.049373999999999967e-02
9.252289999999999820e-03
9.319720000000000087e-03
9.528550000000000214e-03
9.629010000000000347e-03
1.029313999999999923e-02
9.596429999999999544e-03
8.838379999999999848e-03
8.583850000000000507e-03
8.800240000000000840e-03
8.761369999999999228e-03
8.642939999999999998e-03
8.636639999999999248e-03
8.538779999999999287e-03
9.020000000000000240e-03
9.157639999999999877e-03
9.230469999999999300e-03
8.908970000000000430e-03
9.169989999999999392e-03
9.141770000000000451e-03
8.554849999999999260e-03
8.718069999999999639e-03
9.805380000000000693e-03
9.516570000000000237e-03
9.510209999999999844e-03
8.548119999999999330e-03
8.351749999999999799e-03
8.467600000000000474e-03
8.966180000000000677e-03
9.406219999999999859e-03
9.743470000000000603e-03
9.485850000000000531e-03
8.582189999999999958e-03
8.578270000000000686e-03
8.858599999999999461e-03
8.829929999999999723e-03
8.681899999999999340e-03
8.522780000000000633e-03
8.410420000000000049e-03
8.225299999999999626e-03
7.835770000000000582e-03
