7.216860000000000289e-03
8.560899999999999760e-03
8.075509999999999286e-03
8.243220000000000755e-03
8.428810000000000122e-03
8.471950000000000661e-03
8.099040000000000059e-03
7.954130000000000228e-03
7.969449999999999451e-03
8.308609999999999260e-03
8.991300000000000681e-03
8.871409999999999713e-03
8.510850000000000359e-03
8.318940000000000362e-03
8.255780000000000757e-03
8.716619999999999577e-03
8.481809999999999350e-03
8.246039999999999620e-03
8.628989999999999577e-03
8.531419999999999629e-03
8.745859999999999398e-03
9.320919999999999900e-03
9.644109999999999142e-03
8.667690000000000464e-03
8.739159999999999290e-03
8.667360000000000689e-03
8.798920000000000005e-03
8.641799999999999829e-03
8.890989999999999657e-03
8.879410000000000774e-03
8.217999999999999611e-03
8.337850000000000816e-03
8.800769999999999427e-03
8.760419999999999666e-03
8.452460000000000181e-03
8.631589999999999749e-03
8.955019999999999300e-03
1.094072999999999921e-02
9.963380000000000847e-03
9.157240000000000518e-03
8.667140000000000261e-03
8.283300000000000385e-03
8.146989999999999787e-03
9.048850000000000643e-03
1.061310000000000031e-02
1.070053999999999970e-02
1.105564000000000026e-02
1.108926000000000009e-02
1.094251000000000078e-02
1.212953999999999942e-02
1.133264999999999967e-02
1.027389000000000080e-02
8.724549999999999320e-03
9.453780000000000169e-03
1.110201000000000070e-02
1.327308999999999954e-02
1.602071000000000051e-02
1.960171000000000135e-02
2.322627000000000025e-02
2.390000000000000110e-02
2.483408000000000143e-02
2.567815999999999849e-02
1.831112000000000017e-02
7.414320000000000285e-03
