1.012724599999999947e-01
1.997451299999999930e-01
1.401665400000000061e-01
9.469134999999999358e-02
5.749743000000000215e-02
3.838756000000000113e-02
2.793110999999999858e-02
2.451771000000000159e-02
1.882222999999999882e-02
1.714254000000000125e-02
3.139555000000000123e-02
4.631054999999999894e-02
6.818488000000000326e-02
1.026598600000000056e-01
1.348723599999999967e-01
6.281955999999999651e-02
3.730304000000000259e-02
2.561294000000000071e-02
2.414314999999999864e-02
2.064244999999999969e-02
2.779797000000000171e-02
2.485141000000000086e-02
1.616423999999999986e-02
1.302709999999999979e-02
1.086723000000000029e-02
1.450286999999999930e-02
1.706507000000000163e-02
1.577194000000000165e-02
1.496113999999999951e-02
1.726352000000000095e-02
1.357929000000000080e-02
1.082488000000000027e-02
1.216423999999999978e-02
1.451005000000000003e-02
1.703748000000000068e-02
1.903760999999999995e-02
1.569030000000000077e-02
1.562325999999999993e-02
1.754350999999999827e-02
2.661666999999999852e-02
2.555303000000000088e-02
1.564569999999999850e-02
1.535771000000000011e-02
1.132336999999999927e-02
2.003606000000000137e-02
3.142765000000000142e-02
3.012739000000000042e-02
2.199467999999999909e-02
1.140399999999999921e-02
1.670160999999999868e-02
1.394746000000000007e-02
2.016304999999999834e-02
2.869673000000000015e-02
2.632258000000000167e-02
1.723666000000000087e-02
1.529909999999999951e-02
1.495206999999999960e-02
2.682742999999999933e-02
2.233281999999999975e-02
9.529710000000000264e-03
1.413675999999999995e-02
1.237813999999999928e-02
1.719361000000000153e-02
1.606085000000000151e-02
