1.598143999999999953e-02
2.886454999999999924e-02
2.033772999999999831e-02
1.186606999999999940e-02
2.771749000000000088e-02
6.849436999999999887e-02
9.761757000000000073e-02
1.036438300000000062e-01
9.547683999999999338e-02
3.749757000000000090e-02
1.171361999999999924e-02
1.768141999999999978e-02
4.401014999999999788e-02
5.543545999999999890e-02
5.103313000000000293e-02
4.553241000000000233e-02
2.217834999999999945e-02
3.610776999999999737e-02
5.467273000000000271e-02
9.149293999999999483e-02
6.573642000000000374e-02
4.524475000000000025e-02
7.230859000000000592e-02
9.154714999999999381e-02
7.277456999999999676e-02
1.237649499999999986e-01
6.775989000000000317e-02
5.250403000000000014e-02
3.418608000000000063e-02
3.200387999999999844e-02
4.354423000000000321e-02
4.373210999999999765e-02
3.850034000000000095e-02
9.456546999999999870e-02
1.736132900000000034e-01
1.257476100000000097e-01
5.266590000000000160e-02
4.845705000000000151e-02
4.621792000000000261e-02
8.943677999999999351e-02
8.327442999999999651e-02
8.176224999999999465e-02
1.196193299999999959e-01
1.698679899999999965e-01
2.065858200000000033e-01
1.783528000000000058e-01
2.223700600000000083e-01
2.421597199999999950e-01
1.028240700000000035e-01
9.465473000000000636e-02
1.681058099999999944e-01
2.791754900000000261e-01
5.343110599999999488e-01
7.069849999999999746e-01
8.221294900000000183e-01
8.133233199999999607e-01
8.237193800000000010e-01
7.943850799999999657e-01
7.651746299999999668e-01
6.452125300000000063e-01
4.841364000000000223e-01
2.742361099999999774e-01
1.270081799999999983e-01
5.589681999999999984e-02
