2.521657000000000065e-02
3.474271000000000303e-02
2.381807999999999842e-02
3.471057999999999782e-02
3.110432999999999948e-02
2.229677000000000048e-02
1.055577000000000078e-02
1.539614000000000087e-02
3.778487999999999986e-02
5.330933000000000199e-02
5.582975999999999911e-02
6.652703999999999562e-02
3.820818000000000131e-02
1.656099000000000113e-02
2.258314000000000155e-02
4.954805000000000320e-02
4.529704999999999843e-02
3.096052999999999999e-02
2.889005000000000045e-02
2.702065000000000022e-02
3.989708000000000143e-02
1.295430099999999862e-01
1.310015200000000102e-01
5.087952999999999920e-02
2.451870999999999912e-02
2.941720000000000099e-02
4.795593000000000078e-02
6.240409999999999707e-02
8.003981999999999764e-02
4.692087000000000341e-02
2.028142999999999960e-02
3.680900000000000144e-02
5.613304999999999684e-02
5.072452999999999684e-02
3.206817000000000001e-02
3.982713000000000225e-02
7.068401000000000545e-02
1.165546799999999938e-01
1.016996099999999958e-01
6.006943000000000005e-02
2.955988999999999839e-02
2.389658000000000060e-02
4.244349000000000038e-02
7.554342999999999475e-02
1.107122499999999982e-01
1.285251099999999980e-01
1.482649099999999998e-01
2.164878799999999937e-01
1.512228700000000092e-01
2.038073400000000035e-01
1.562557800000000108e-01
1.156398700000000057e-01
4.310187000000000046e-02
8.673396999999999357e-02
2.013264100000000112e-01
2.729821800000000187e-01
5.033572299999999888e-01
6.624484099999999875e-01
7.380688199999999588e-01
7.636888600000000249e-01
7.610939700000000085e-01
7.528844500000000384e-01
4.103344999999999909e-01
4.429400000000000004e-02
