9.294649999999999787e-03
1.195042999999999973e-02
1.363622999999999919e-02
1.621521000000000073e-02
1.646210000000000034e-02
1.721075999999999856e-02
1.676887999999999990e-02
1.303851999999999962e-02
1.063554000000000062e-02
9.632349999999999593e-03
9.943830000000000724e-03
9.194439999999999905e-03
9.042579999999999715e-03
8.765379999999999699e-03
8.598720000000000668e-03
9.409860000000000793e-03
9.381419999999999690e-03
1.040102000000000040e-02
1.077919999999999920e-02
9.404440000000000022e-03
9.276879999999999502e-03
9.203750000000000125e-03
8.839659999999999185e-03
8.610760000000000289e-03
8.693960000000000576e-03
8.901600000000000831e-03
8.655589999999999465e-03
8.698910000000000670e-03
8.754039999999999391e-03
8.956099999999999825e-03
8.582760000000000042e-03
8.486360000000000084e-03
8.563869999999999469e-03
8.571509999999999199e-03
8.327110000000000414e-03
8.482719999999999150e-03
8.576729999999999424e-03
8.830950000000000605e-03
9.554969999999999436e-03
9.679000000000000103e-03
8.947550000000000295e-03
8.490529999999999605e-03
9.139480000000000173e-03
8.988009999999999403e-03
9.537459999999999341e-03
9.037299999999999847e-03
8.804370000000000598e-03
8.968949999999999839e-03
8.647629999999999900e-03
8.812209999999999141e-03
8.654389999999999653e-03
8.584500000000000117e-03
8.419289999999999413e-03
8.508869999999999975e-03
8.660040000000000793e-03
9.084230000000000430e-03
9.164969999999999714e-03
9.028500000000000067e-03
8.829560000000000186e-03
8.523630000000000789e-03
8.608970000000000511e-03
8.913559999999999192e-03
8.450900000000000772e-03
7.881090000000000317e-03
