2.092002999999999918e-02
3.334834999999999883e-02
1.753601000000000118e-02
3.028691000000000022e-02
2.328616000000000019e-02
2.292138999999999982e-02
2.125182999999999933e-02
3.663315000000000321e-02
5.494373000000000312e-02
5.955289999999999889e-02
4.289924999999999988e-02
5.091938000000000020e-02
2.924618999999999830e-02
1.465001999999999971e-02
3.440706999999999793e-02
6.136082000000000342e-02
4.544017000000000195e-02
2.914013999999999840e-02
1.232543000000000007e-02
1.623998999999999929e-02
3.019820000000000143e-02
1.020772199999999963e-01
1.150403599999999943e-01
4.328507999999999661e-02
2.592956999999999901e-02
4.264766999999999864e-02
6.213571999999999845e-02
5.854900999999999855e-02
4.681290999999999924e-02
2.348201999999999928e-02
2.411780999999999994e-02
4.149801000000000184e-02
5.023398999999999920e-02
5.261562000000000183e-02
3.627629999999999744e-02
3.923640999999999934e-02
3.885807000000000150e-02
1.089062799999999942e-01
7.595854000000000494e-02
3.028834999999999861e-02
2.124244999999999953e-02
3.747792999999999958e-02
7.017581999999999987e-02
9.527025000000000077e-02
1.213219299999999945e-01
1.164726799999999951e-01
1.787374300000000027e-01
2.365226099999999942e-01
1.629233999999999960e-01
1.440261599999999864e-01
5.818827000000000027e-02
6.567167000000000143e-02
4.595064000000000093e-02
1.766727899999999962e-01
3.355152000000000134e-01
4.573534699999999842e-01
6.054048499999999944e-01
6.755006300000000463e-01
7.098287899999999873e-01
6.962087200000000031e-01
6.581476299999999835e-01
5.963531100000000196e-01
4.382869300000000190e-01
3.476889999999999842e-02
