7.386860000000000301e-03
1.159247000000000055e-02
2.627118000000000161e-02
1.284951999999999969e-02
2.940040999999999835e-02
1.686587999999999976e-02
2.566823999999999842e-02
2.744210999999999873e-02
1.885685000000000139e-02
1.531406000000000087e-02
3.135000000000000286e-02
1.104967999999999922e-02
1.519745999999999944e-02
2.421103999999999964e-02
2.887123000000000120e-02
3.518278999999999851e-02
4.099177999999999850e-02
4.418294999999999861e-02
3.117233000000000157e-02
4.094056000000000084e-02
4.186958999999999820e-02
1.461254000000000025e-02
1.326282999999999976e-02
1.303855999999999939e-02
4.001087999999999867e-02
6.204946000000000073e-02
4.864157000000000203e-02
4.100037000000000126e-02
2.056037000000000142e-02
2.431786999999999838e-02
1.884334999999999830e-02
2.891430999999999862e-02
4.901264999999999789e-02
2.299510999999999916e-02
2.378376000000000101e-02
2.809093999999999827e-02
2.249566999999999886e-02
1.204823000000000005e-02
1.767509000000000094e-02
2.266587000000000116e-02
4.890893999999999797e-02
4.935511000000000065e-02
4.062737999999999766e-02
5.039562000000000208e-02
3.346924999999999900e-02
4.966870000000000313e-02
9.335443000000000213e-02
7.796823999999999422e-02
6.386587999999999987e-02
8.643702000000000329e-02
8.524065000000000114e-02
7.971802999999999528e-02
9.459053000000000599e-02
8.490630999999999873e-02
6.872416000000000635e-02
5.545206999999999914e-02
3.839308999999999777e-02
5.900289000000000228e-02
8.501533000000000007e-02
1.136028699999999947e-01
3.364864599999999872e-01
5.116606999999999683e-01
4.602469200000000038e-01
2.716539000000000106e-02
