9.270739999999999537e-03
1.483978000000000033e-02
1.588186999999999932e-02
1.544905000000000063e-02
1.222313000000000045e-02
1.190555000000000085e-02
1.227994999999999955e-02
1.037779999999999953e-02
8.229890000000000122e-03
8.172729999999999578e-03
8.233650000000000344e-03
8.362210000000000129e-03
8.419460000000000138e-03
1.000557000000000009e-02
1.062911000000000064e-02
1.121949000000000037e-02
1.033849000000000053e-02
1.118995000000000059e-02
1.020908000000000058e-02
8.998239999999999364e-03
8.835000000000000839e-03
8.852739999999999568e-03
8.563440000000000288e-03
8.050420000000000839e-03
8.320400000000000365e-03
8.488509999999999459e-03
8.254259999999999375e-03
8.125620000000000065e-03
8.623070000000000040e-03
8.725280000000000188e-03
8.582690000000000458e-03
8.298420000000000796e-03
8.482599999999999862e-03
8.289990000000000553e-03
8.395730000000000554e-03
8.436940000000000411e-03
8.205409999999999787e-03
8.238779999999999368e-03
8.301350000000000742e-03
7.948270000000000335e-03
8.035030000000000297e-03
8.858430000000000470e-03
9.609390000000000640e-03
8.845270000000000563e-03
8.852630000000000221e-03
8.271999999999999839e-03
8.302059999999999995e-03
9.087670000000000817e-03
8.548139999999999211e-03
8.258820000000000050e-03
8.321369999999999809e-03
8.101860000000000658e-03
8.056239999999999235e-03
8.820279999999999787e-03
8.868950000000000444e-03
8.498459999999999348e-03
8.145690000000000569e-03
7.859420000000000642e-03
8.268730000000000177e-03
8.198499999999999191e-03
8.190329999999999139e-03
7.999199999999999713e-03
7.877790000000000833e-03
7.297969999999999978e-03
