7.668799999999999922e-03
8.710910000000000528e-03
8.328489999999999158e-03
1.010521999999999983e-02
1.262511000000000015e-02
1.414451000000000076e-02
1.944148000000000057e-02
2.016509999999999830e-02
2.091650999999999927e-02
2.186758000000000104e-02
2.277484000000000106e-02
1.981290000000000134e-02
1.563107000000000038e-02
1.170936000000000025e-02
9.259599999999999775e-03
8.327839999999999548e-03
8.880229999999999374e-03
9.594999999999999363e-03
1.051949999999999934e-02
1.103673999999999975e-02
1.225882000000000013e-02
1.373887000000000025e-02
1.393136000000000027e-02
1.049354000000000085e-02
1.004735999999999997e-02
8.536999999999999450e-03
9.031630000000000560e-03
9.627319999999999975e-03
9.530570000000000361e-03
9.578150000000000552e-03
8.035779999999999312e-03
8.185329999999999342e-03
8.647470000000000850e-03
8.432419999999999499e-03
7.943640000000000076e-03
8.516350000000000656e-03
8.773780000000000120e-03
8.513220000000000162e-03
9.339240000000000388e-03
8.515790000000000512e-03
8.275120000000000392e-03
8.416490000000000429e-03
9.188109999999999333e-03
9.650870000000000629e-03
8.571080000000000018e-03
9.358830000000000274e-03
9.208499999999999672e-03
9.438919999999999949e-03
9.034089999999999829e-03
9.314180000000000029e-03
8.516980000000000384e-03
8.303929999999999298e-03
8.207819999999999352e-03
9.510710000000000344e-03
1.049872999999999952e-02
9.671990000000000101e-03
9.327510000000000662e-03
8.727290000000000394e-03
8.824240000000000556e-03
8.511400000000000562e-03
9.183580000000000215e-03
9.602779999999999996e-03
9.837600000000000164e-03
7.841429999999999928e-03
