7.460780000000000189e-03
9.602730000000000293e-03
8.520830000000000071e-03
9.025220000000000464e-03
8.571169999999999484e-03
9.567610000000000697e-03
8.948470000000000035e-03
8.718760000000000746e-03
8.681829999999999756e-03
8.616969999999999838e-03
8.964889999999999665e-03
8.458520000000000622e-03
9.516890000000000072e-03
9.696460000000000495e-03
8.762080000000000216e-03
9.274589999999999224e-03
8.783430000000000057e-03
1.053001999999999931e-02
1.090988000000000027e-02
1.100710000000000056e-02
1.328972999999999960e-02
1.026370000000000060e-02
8.987500000000000697e-03
8.719040000000000817e-03
8.988789999999999975e-03
9.040849999999999581e-03
1.033324000000000048e-02
1.062219000000000010e-02
1.189751999999999997e-02
1.096516999999999978e-02
1.084235000000000060e-02
1.227641999999999969e-02
1.167302999999999917e-02
1.111310000000000076e-02
1.446507999999999995e-02
2.224177000000000098e-02
2.683829999999999896e-02
4.799501999999999935e-02
4.694821999999999884e-02
4.882349999999999884e-02
2.808296000000000056e-02
2.570953000000000127e-02
1.705129999999999840e-02
1.304808000000000009e-02
1.236550999999999970e-02
1.067415000000000030e-02
1.038764000000000007e-02
9.608230000000000590e-03
1.865616000000000149e-02
1.783770999999999968e-02
1.759153000000000105e-02
3.144183999999999868e-02
2.602101999999999887e-02
2.253480999999999887e-02
1.330354000000000085e-02
1.196034999999999980e-02
1.266102000000000026e-02
1.032270000000000063e-02
9.499570000000000583e-03
1.304934999999999949e-02
1.134589000000000084e-02
1.649194999999999828e-02
2.055442999999999854e-02
9.232100000000000029e-03
