9.010090000000000113e-03
1.154875999999999993e-02
1.675273000000000040e-02
4.273546000000000289e-02
6.970693999999999502e-02
8.231091000000000102e-02
1.218799700000000041e-01
1.483788900000000133e-01
1.399470700000000067e-01
1.480249200000000043e-01
1.241232200000000063e-01
9.637052000000000118e-02
6.361503000000000296e-02
3.822210000000000191e-02
1.864765999999999993e-02
1.176628000000000049e-02
1.046813000000000084e-02
1.260736999999999969e-02
1.651035000000000003e-02
2.259511000000000158e-02
3.277200000000000252e-02
3.936370000000000147e-02
2.910242000000000037e-02
2.638027000000000080e-02
2.945145000000000055e-02
2.240214000000000094e-02
1.798065999999999900e-02
1.581147999999999929e-02
1.869033000000000153e-02
1.563762000000000138e-02
1.221377000000000053e-02
1.280272000000000007e-02
1.046538999999999976e-02
9.919000000000000733e-03
1.223607999999999987e-02
1.038437000000000041e-02
1.156458999999999959e-02
1.353657999999999945e-02
1.201110000000000025e-02
8.936780000000000071e-03
9.353959999999999705e-03
1.238999000000000003e-02
1.887325999999999934e-02
1.424287999999999943e-02
9.239529999999999271e-03
1.014002999999999953e-02
1.235471999999999959e-02
1.306611000000000057e-02
1.202066000000000072e-02
1.524324999999999986e-02
1.169555000000000074e-02
9.888489999999999780e-03
1.092459999999999959e-02
1.359483000000000046e-02
1.611891999999999839e-02
1.752876999999999907e-02
1.457999999999999921e-02
9.444970000000000449e-03
9.672260000000000232e-03
1.172654000000000057e-02
1.166611000000000037e-02
1.130301000000000049e-02
1.651218999999999951e-02
9.619199999999999626e-03
