7.775770000000000425e-03
1.224153000000000047e-02
2.645590999999999915e-02
4.296868000000000215e-02
5.942495999999999889e-02
7.794911000000000201e-02
2.317690000000000028e-02
1.604221999999999940e-02
1.916582999999999828e-02
1.499360999999999923e-02
2.472790000000000057e-02
3.897752000000000161e-02
2.551901000000000169e-02
1.584632000000000054e-02
1.233000000000000068e-02
3.069956999999999894e-02
3.504713999999999746e-02
2.025257999999999919e-02
3.631819000000000019e-02
5.373925000000000229e-02
8.443327000000000471e-02
9.495011999999999897e-02
6.150533999999999862e-02
3.335276000000000213e-02
2.049518999999999994e-02
1.966392000000000140e-02
3.612188000000000204e-02
7.540969999999999618e-02
3.545821999999999863e-02
4.934387999999999969e-02
7.622950000000000559e-02
1.231769499999999934e-01
1.039715499999999959e-01
3.473513000000000295e-02
2.593786000000000008e-02
3.285658999999999802e-02
6.094444999999999724e-02
1.693246999999999947e-01
4.212347000000000175e-01
4.852335199999999737e-01
4.901018400000000108e-01
5.040261700000000511e-01
3.554224999999999746e-01
2.719437800000000238e-01
1.378526200000000090e-01
7.144245999999999930e-02
2.615701999999999958e-02
2.336092999999999850e-02
1.868521999999999891e-02
2.846154000000000045e-02
5.793260000000000076e-02
9.962627000000000288e-02
1.369700299999999926e-01
1.421223699999999979e-01
1.476360999999999923e-01
1.859773100000000068e-01
1.018756900000000049e-01
3.204847999999999725e-02
3.519455999999999973e-02
1.778224999999999945e-02
1.733787999999999996e-02
2.610813999999999843e-02
3.532339999999999786e-02
1.713295999999999916e-02
