2.623351999999999976e-02
1.302770099999999986e-01
1.933926599999999940e-01
1.998247499999999954e-01
2.749597400000000080e-01
4.147249199999999969e-01
3.928535300000000063e-01
3.256383199999999811e-01
3.277725599999999906e-01
1.097733600000000004e-01
8.426168000000000546e-02
8.243736999999999593e-02
3.777531100000000031e-01
6.641038099999999611e-01
7.998253699999999800e-01
8.841933600000000393e-01
9.285995999999999695e-01
8.854286700000000288e-01
8.016872400000000232e-01
6.624054299999999618e-01
5.136492299999999567e-01
2.521101800000000170e-01
6.736377999999999810e-02
6.115102000000000038e-02
9.802909999999999402e-02
1.335151900000000058e-01
2.232660399999999989e-01
3.645902599999999993e-01
3.491420100000000026e-01
4.564701899999999979e-01
3.659093999999999958e-01
1.922933800000000137e-01
1.298265299999999955e-01
8.222335999999999534e-02
1.191777599999999937e-01
1.667637200000000042e-01
1.088090800000000025e-01
4.235925000000000107e-02
4.013230000000000269e-02
8.188457000000000374e-02
9.538101000000000218e-02
4.631454000000000126e-02
3.059146000000000087e-02
3.424210999999999921e-02
2.452174999999999841e-02
2.334800999999999890e-02
4.410158000000000134e-02
7.292883000000000004e-02
7.397193000000000518e-02
1.481246200000000124e-01
1.536216999999999999e-01
6.520515999999999812e-02
2.854254000000000166e-02
2.783984999999999932e-02
4.508593000000000323e-02
7.766968999999999956e-02
1.069849999999999968e-01
8.145275999999999905e-02
6.152962000000000015e-02
4.925593000000000332e-02
2.539688999999999836e-02
3.621259999999999757e-02
6.366373000000000171e-02
4.522973999999999745e-02
