8.213858999999999744e-02
1.786174799999999951e-01
7.478753999999999957e-02
7.413524000000000502e-02
5.895254999999999940e-02
1.931520999999999932e-02
1.813597000000000126e-02
4.619282000000000249e-02
6.027007000000000198e-02
9.728494000000000030e-02
8.653249999999999831e-02
5.229666000000000176e-02
5.419898000000000077e-02
9.849663000000000168e-02
9.392809000000000574e-02
5.455080999999999819e-02
6.686284000000000671e-02
6.541300999999999366e-02
5.987826000000000259e-02
3.915839000000000125e-02
6.521973000000000353e-02
1.002735299999999996e-01
5.144009000000000081e-02
4.104800000000000115e-02
8.062365999999999977e-02
5.838890000000000052e-02
6.461073000000000510e-02
9.245865000000000333e-02
1.206589899999999937e-01
1.884162400000000126e-01
1.702752999999999906e-01
1.044204100000000052e-01
9.193695999999999813e-02
5.374841000000000341e-02
5.247725000000000306e-02
5.397596000000000338e-02
1.794470300000000074e-01
1.632411000000000001e-01
1.374874399999999885e-01
1.568256500000000109e-01
2.827805299999999744e-01
3.120310900000000109e-01
2.617950099999999947e-01
1.643147000000000080e-01
1.121671300000000038e-01
2.363377500000000131e-01
4.854917499999999997e-01
5.917183200000000198e-01
8.109858599999999473e-01
8.619200000000000195e-01
9.075560000000000294e-01
9.018472400000000500e-01
8.608885400000000354e-01
7.987641699999999956e-01
6.065155300000000249e-01
3.187292199999999798e-01
1.382434200000000057e-01
7.410221999999999642e-02
3.994777000000000050e-02
2.691166999999999865e-02
5.124846999999999736e-02
8.045634999999999593e-02
1.281310200000000121e-01
5.906163999999999858e-02
