7.249890000000000154e-03
1.401958000000000024e-02
2.090227999999999878e-02
3.471318000000000320e-02
4.599874000000000324e-02
4.965875000000000150e-02
4.808263000000000120e-02
4.123936999999999742e-02
3.847318000000000265e-02
3.203829999999999872e-02
3.984863999999999767e-02
1.925063999999999942e-02
1.455853000000000008e-02
9.935140000000000290e-03
9.912040000000000434e-03
9.646170000000000785e-03
1.055713999999999958e-02
1.407155000000000038e-02
1.724612999999999841e-02
1.734047000000000019e-02
2.061775000000000066e-02
2.054125000000000048e-02
1.488283999999999961e-02
1.197186000000000083e-02
1.001104000000000056e-02
9.451170000000000057e-03
9.137130000000000252e-03
1.030108000000000065e-02
1.060208999999999978e-02
1.103308000000000066e-02
8.363870000000000679e-03
8.369500000000000203e-03
9.039409999999999459e-03
8.391710000000000141e-03
8.387840000000000573e-03
8.886109999999999148e-03
8.728980000000000766e-03
8.743640000000000440e-03
1.020599999999999979e-02
1.127506999999999988e-02
9.252589999999999773e-03
9.385090000000000446e-03
9.035359999999999225e-03
9.943419999999999689e-03
9.787300000000000513e-03
1.121506000000000065e-02
1.054634999999999947e-02
9.735119999999999885e-03
8.658040000000000527e-03
8.455169999999999700e-03
8.680429999999999396e-03
9.087919999999999332e-03
9.795989999999999212e-03
9.870939999999999923e-03
1.017329999999999970e-02
8.570879999999999471e-03
8.939330000000000540e-03
1.067919999999999980e-02
1.089776999999999933e-02
8.966039999999999774e-03
8.940729999999999164e-03
9.103309999999999874e-03
8.972870000000000845e-03
8.616000000000000394e-03
