7.643320000000000322e-03
1.064596999999999939e-02
1.238403000000000073e-02
1.688527999999999904e-02
1.860314999999999885e-02
1.674702999999999956e-02
1.079682000000000038e-02
1.109169999999999948e-02
9.420200000000000101e-03
1.034557000000000011e-02
1.094894000000000076e-02
1.173957999999999946e-02
9.815120000000000094e-03
1.002983999999999994e-02
1.042899000000000083e-02
1.256058999999999995e-02
1.126261999999999923e-02
1.119089000000000021e-02
1.299438999999999976e-02
1.943280000000000007e-02
2.635188999999999934e-02
2.240150999999999948e-02
1.875577000000000147e-02
1.202971000000000075e-02
9.658279999999999990e-03
1.101833999999999973e-02
1.797943999999999931e-02
1.750602999999999881e-02
1.459070999999999979e-02
1.813487000000000085e-02
2.152611000000000108e-02
3.234792000000000223e-02
2.853423999999999891e-02
1.149730000000000023e-02
1.071188000000000001e-02
1.698985000000000078e-02
4.411608999999999670e-02
5.921226999999999741e-02
1.036624000000000018e-01
1.083899100000000060e-01
9.925032999999999772e-02
8.904697999999999780e-02
5.242354999999999932e-02
3.162936000000000220e-02
1.843751000000000070e-02
1.720781999999999867e-02
1.311031000000000002e-02
1.381399999999999989e-02
1.585336000000000037e-02
1.218178999999999963e-02
1.659056000000000072e-02
2.182898000000000130e-02
4.987115000000000298e-02
4.816452999999999707e-02
4.021931000000000117e-02
2.087846999999999967e-02
1.679786000000000126e-02
1.743582000000000118e-02
1.851741999999999971e-02
1.371298999999999955e-02
1.201669999999999995e-02
1.203008000000000029e-02
1.368168999999999982e-02
9.506540000000000823e-03
