9.071620000000000725e-03
2.654834000000000013e-02
7.096584999999999699e-02
1.108654300000000009e-01
1.058753999999999945e-01
8.152483000000000646e-02
5.454587999999999798e-02
2.833325999999999900e-02
1.697250000000000147e-02
1.141920399999999947e-01
1.768385299999999938e-01
5.225202000000000319e-02
7.645560999999999330e-02
1.061346900000000038e-01
1.758656700000000017e-01
2.197427299999999972e-01
1.765443999999999902e-01
2.642870500000000233e-01
7.099795999999999885e-02
3.031580999999999859e-02
2.246957000000000121e-02
9.704994000000000121e-02
1.855166599999999999e-01
2.232181699999999935e-01
1.680779199999999918e-01
2.379979299999999964e-01
3.513499500000000220e-01
6.590689400000000475e-01
4.899307800000000102e-01
2.384833399999999881e-01
5.048803999999999792e-02
1.875010000000000010e-01
4.352847300000000086e-01
8.911244299999999674e-01
8.872602600000000228e-01
9.560086700000000048e-01
9.860249199999999714e-01
9.618488600000000277e-01
8.889909400000000073e-01
6.724484600000000256e-01
2.181061699999999881e-01
4.804142000000000134e-02
2.433464999999999934e-02
3.508864999999999901e-02
9.502310999999999397e-02
2.800552800000000175e-01
4.750313500000000189e-01
6.051676299999999564e-01
3.374955099999999986e-01
5.296703600000000067e-01
3.780732800000000116e-01
4.000679300000000160e-01
5.545656000000000196e-02
8.054754999999999554e-02
1.361993400000000021e-01
2.040545500000000012e-01
2.108234800000000075e-01
3.038481800000000232e-01
2.677417100000000216e-01
1.048663900000000038e-01
1.504423500000000025e-01
1.797270900000000060e-01
1.192160300000000006e-01
6.375409999999999411e-02
