1.682644000000000153e-02
4.000685999999999826e-02
6.275050000000000072e-02
6.143516999999999728e-02
5.969909999999999800e-02
6.915029000000000314e-02
5.654697999999999669e-02
3.388042000000000137e-02
2.415830000000000061e-02
1.946130000000000082e-02
1.787822000000000022e-02
1.086665000000000027e-02
9.504210000000000783e-03
1.009868000000000050e-02
1.127204000000000053e-02
1.369151000000000049e-02
1.284475000000000026e-02
1.849866000000000010e-02
2.042878999999999876e-02
1.558961000000000027e-02
1.418923000000000059e-02
1.211483999999999998e-02
1.048640999999999983e-02
8.977270000000000735e-03
8.911030000000000340e-03
9.876029999999999184e-03
8.733440000000000300e-03
8.977960000000000107e-03
9.625190000000000481e-03
1.048255000000000020e-02
9.574430000000000093e-03
9.424379999999999563e-03
9.046610000000000068e-03
8.541999999999999246e-03
8.726849999999999538e-03
8.459790000000000018e-03
8.649109999999999784e-03
8.543139999999999415e-03
1.022988000000000022e-02
1.056841000000000030e-02
8.478549999999999628e-03
9.395060000000000217e-03
8.702750000000000416e-03
9.443460000000000742e-03
1.107807000000000063e-02
1.043462000000000035e-02
8.877809999999999868e-03
8.971919999999999548e-03
8.757849999999999316e-03
8.716269999999999921e-03
8.750449999999999895e-03
9.077959999999999502e-03
9.182440000000000047e-03
8.536890000000000103e-03
8.639859999999999207e-03
8.809370000000000395e-03
9.503380000000000508e-03
1.086516000000000044e-02
1.120387999999999940e-02
9.276960000000000761e-03
8.541270000000000112e-03
8.743880000000000749e-03
8.485869999999999524e-03
8.440809999999999980e-03
