2.149384000000000017e-02
3.237309000000000020e-02
2.612476999999999855e-02
2.434342999999999924e-02
1.560838999999999976e-02
1.287174999999999951e-02
1.083483000000000016e-02
1.038484999999999929e-02
1.194458999999999972e-02
1.153061000000000016e-02
1.287600000000000029e-02
1.433136999999999953e-02
1.664440999999999837e-02
1.837099000000000024e-02
2.282274999999999929e-02
1.578772999999999982e-02
1.161542999999999951e-02
1.051900000000000057e-02
9.424250000000000335e-03
9.395950000000000135e-03
9.959050000000000541e-03
9.737380000000000341e-03
9.322749999999999440e-03
8.773740000000000358e-03
8.496659999999999630e-03
9.076650000000000343e-03
9.075210000000000221e-03
8.835759999999999795e-03
8.953499999999999653e-03
9.055519999999999195e-03
8.592030000000000500e-03
8.642310000000000270e-03
8.916659999999999864e-03
9.268260000000000387e-03
9.624360000000000206e-03
9.734430000000000513e-03
8.616050000000000098e-03
9.016170000000000434e-03
1.016117000000000062e-02
1.105368999999999970e-02
1.068236000000000012e-02
8.659860000000000127e-03
8.430270000000000125e-03
8.378870000000000068e-03
1.018714000000000078e-02
1.270976000000000050e-02
1.236724999999999977e-02
1.056994999999999983e-02
8.834699999999999151e-03
9.260259999999999325e-03
9.199719999999999773e-03
1.039096999999999937e-02
1.206423000000000044e-02
1.049854000000000065e-02
9.107920000000000252e-03
9.663579999999999740e-03
9.319650000000000503e-03
1.025047999999999931e-02
1.004409000000000031e-02
8.845989999999999756e-03
9.573830000000000187e-03
9.025699999999999348e-03
8.953880000000000866e-03
7.770619999999999784e-03
