8.337390000000000079e-03
1.038122000000000003e-02
1.018465999999999989e-02
1.733863000000000071e-02
2.485539999999999972e-02
2.929336000000000093e-02
5.234434000000000309e-02
6.575619000000000602e-02
6.803451000000000637e-02
7.819505000000000206e-02
7.920501000000000624e-02
5.380841000000000096e-02
4.528266999999999709e-02
2.535321000000000102e-02
1.337885999999999936e-02
1.143600999999999993e-02
9.989919999999999356e-03
1.182820000000000052e-02
1.102946999999999955e-02
1.390391000000000023e-02
1.679042999999999855e-02
2.165848999999999899e-02
1.876583999999999891e-02
1.717894000000000018e-02
1.662970000000000073e-02
1.416443000000000042e-02
1.245443000000000071e-02
9.856830000000000452e-03
1.139679000000000039e-02
1.146488000000000021e-02
9.640410000000000298e-03
1.009318000000000021e-02
9.679399999999999463e-03
8.961570000000000299e-03
9.945560000000000858e-03
9.656170000000000378e-03
1.216344999999999926e-02
1.200611000000000039e-02
9.629489999999999231e-03
8.788759999999999628e-03
8.741660000000000055e-03
9.419189999999999161e-03
1.207998000000000058e-02
1.127218999999999964e-02
9.639850000000000155e-03
9.453599999999999504e-03
9.972790000000000474e-03
9.605970000000000134e-03
1.031736999999999932e-02
1.326448000000000037e-02
1.031925000000000030e-02
9.614150000000000126e-03
8.871459999999999416e-03
1.020053999999999926e-02
1.079234999999999917e-02
1.188682999999999927e-02
1.132312000000000075e-02
8.699339999999999851e-03
8.289899999999999353e-03
8.996799999999999242e-03
9.573069999999999496e-03
9.570510000000000822e-03
1.322360000000000028e-02
8.035479999999999359e-03
