3.860166999999999765e-02
4.485482999999999831e-02
2.924121999999999832e-02
4.582983999999999669e-02
3.609828000000000342e-02
4.057751999999999887e-02
3.826037999999999661e-02
5.837233000000000005e-02
4.895934999999999870e-02
1.940754000000000090e-02
1.723772999999999972e-02
2.419899999999999829e-02
4.296586000000000155e-02
4.959266999999999842e-02
5.514862999999999710e-02
3.384474999999999983e-02
3.933597999999999956e-02
8.829734000000000194e-02
9.605948000000000264e-02
1.240818800000000055e-01
1.483949599999999924e-01
8.404944000000000304e-02
4.170407000000000280e-02
4.215917999999999749e-02
7.831792999999999394e-02
1.029949799999999999e-01
7.550368000000000357e-02
1.534457999999999933e-01
1.700778300000000132e-01
2.399577200000000132e-01
2.416016300000000117e-01
1.660512799999999956e-01
1.157967800000000019e-01
1.098369000000000012e-01
2.941041600000000034e-01
5.477675199999999522e-01
7.307812599999999881e-01
8.212943099999999719e-01
8.936553600000000097e-01
8.020240699999999778e-01
6.447209099999999804e-01
4.606049999999999867e-01
2.682998500000000064e-01
1.252117299999999933e-01
3.168060999999999794e-02
3.179371999999999754e-02
5.099535000000000179e-02
8.637227000000000099e-02
1.244206499999999938e-01
2.338099499999999886e-01
3.427634800000000093e-01
3.495755500000000127e-01
2.949791299999999783e-01
2.254488299999999890e-01
1.114913200000000049e-01
5.402403000000000066e-02
7.522655999999999787e-02
8.478911999999999560e-02
3.774885000000000046e-02
5.815771000000000135e-02
8.860885000000000289e-02
1.167059500000000027e-01
1.656561599999999967e-01
4.272340000000000165e-02
