1.188211999999999949e-02
2.148297000000000054e-02
1.372447000000000077e-02
1.282401000000000027e-02
1.749534999999999979e-02
1.818329000000000126e-02
1.478721000000000028e-02
1.219854000000000077e-02
1.504235999999999941e-02
2.010061999999999960e-02
2.106861999999999971e-02
3.671731999999999774e-02
3.411920999999999704e-02
3.572443000000000146e-02
4.022192000000000128e-02
1.942297000000000121e-02
2.577310000000000018e-02
2.428051999999999988e-02
2.996545999999999932e-02
2.828686999999999868e-02
3.103519999999999890e-02
5.896230999999999695e-02
6.513557999999999848e-02
5.939147000000000176e-02
3.542446999999999957e-02
2.100319000000000144e-02
2.414470999999999978e-02
4.874873999999999874e-02
1.661117699999999919e-01
2.580040699999999743e-01
3.220963199999999915e-01
3.469563099999999900e-01
3.674957500000000099e-01
2.731714499999999823e-01
1.427023099999999989e-01
1.098243700000000045e-01
5.881141000000000146e-02
1.889211999999999836e-02
1.618771999999999919e-02
3.026382000000000030e-02
3.494926999999999756e-02
5.901441999999999799e-02
7.129557000000000255e-02
7.800832000000000599e-02
1.127763199999999993e-01
6.506344999999999490e-02
3.183895999999999948e-02
2.580317000000000027e-02
4.002711999999999937e-02
2.452460999999999877e-02
2.973877999999999938e-02
2.306143000000000082e-02
3.160189000000000054e-02
3.750372999999999901e-02
2.196193000000000103e-02
4.164290999999999826e-02
4.160363999999999729e-02
2.788267999999999996e-02
1.730185999999999877e-02
2.772975999999999913e-02
4.440308999999999923e-02
2.503377000000000033e-02
2.132299000000000000e-02
1.728031999999999832e-02
