8.047510000000000774e-03
1.225248999999999956e-02
1.540660999999999940e-02
1.164942000000000061e-02
1.404979999999999944e-02
1.172974000000000065e-02
1.587262999999999868e-02
1.715144999999999864e-02
1.438343000000000087e-02
1.222990000000000015e-02
1.724755000000000038e-02
1.144240000000000014e-02
1.640134000000000036e-02
2.041580999999999951e-02
1.942431999999999839e-02
1.794547999999999977e-02
2.006453999999999877e-02
2.210886999999999922e-02
1.890533999999999965e-02
2.981825999999999921e-02
2.647006999999999832e-02
1.219274000000000052e-02
1.065112000000000003e-02
1.339780999999999958e-02
2.436723999999999835e-02
3.709631000000000040e-02
3.253865999999999703e-02
2.276188000000000169e-02
1.412357000000000022e-02
1.581174000000000121e-02
1.711313000000000070e-02
2.444620999999999947e-02
2.405635000000000065e-02
1.518090000000000064e-02
1.907218000000000108e-02
2.205286999999999872e-02
1.563198000000000018e-02
1.105412000000000061e-02
1.320530999999999962e-02
2.109866999999999992e-02
3.074005000000000140e-02
3.109278999999999862e-02
2.142412000000000136e-02
2.237863000000000005e-02
2.252921000000000090e-02
4.044379000000000030e-02
5.618010999999999838e-02
5.030351999999999740e-02
3.249872000000000177e-02
5.050832999999999712e-02
4.807550000000000018e-02
4.663878999999999941e-02
4.712886000000000158e-02
3.815616000000000146e-02
2.789834999999999884e-02
2.688060000000000102e-02
2.140488000000000113e-02
4.264310999999999796e-02
7.589527999999999552e-02
1.148102899999999954e-01
2.139224899999999929e-01
3.231334100000000098e-01
2.716137200000000029e-01
1.903451000000000101e-02
