4.654528000000000137e-02
9.872822000000000542e-02
1.255009800000000120e-01
1.540064800000000012e-01
1.490201100000000112e-01
1.430941699999999928e-01
1.331206900000000137e-01
1.001455799999999979e-01
5.128130999999999662e-02
4.291194000000000258e-02
3.996722999999999942e-02
1.775401000000000062e-02
1.427610999999999984e-02
1.304198999999999983e-02
1.855334999999999970e-02
2.251606999999999914e-02
2.996682999999999986e-02
4.466566000000000286e-02
4.041821999999999776e-02
2.576822000000000140e-02
2.447739000000000165e-02
2.014546999999999866e-02
1.334261999999999948e-02
1.167727000000000001e-02
1.080553000000000069e-02
1.122064000000000047e-02
9.061980000000000729e-03
9.640150000000000108e-03
1.162889999999999931e-02
1.479508000000000038e-02
1.018709999999999928e-02
1.002758999999999942e-02
1.025092000000000017e-02
9.113990000000000632e-03
9.488840000000000122e-03
8.638869999999999882e-03
8.384249999999999342e-03
9.181889999999999843e-03
1.129457000000000030e-02
1.222556999999999984e-02
9.245549999999999949e-03
1.151307000000000025e-02
1.059997000000000023e-02
1.341755000000000031e-02
1.619566000000000061e-02
1.260331999999999945e-02
9.663710000000000702e-03
9.536579999999999363e-03
9.693149999999999336e-03
9.064229999999999510e-03
9.711559999999999290e-03
9.664960000000000218e-03
9.481750000000000594e-03
9.394849999999999729e-03
1.182628999999999972e-02
1.127215999999999982e-02
1.084592000000000021e-02
1.243486000000000070e-02
1.196724000000000052e-02
1.005150999999999961e-02
9.554019999999999874e-03
1.073557999999999978e-02
8.793429999999999649e-03
9.833410000000000761e-03
