7.137250000000000365e-03
1.019949000000000029e-02
9.485000000000000375e-03
1.162202000000000027e-02
1.011504000000000049e-02
1.036719000000000009e-02
9.513209999999999375e-03
8.897270000000000525e-03
9.623390000000000763e-03
1.079533000000000055e-02
1.301711000000000014e-02
1.063255999999999923e-02
1.120765999999999950e-02
1.029019999999999935e-02
9.898109999999999895e-03
1.377181000000000065e-02
1.353426999999999929e-02
9.188719999999999180e-03
8.448989999999999972e-03
9.531339999999999257e-03
1.040906999999999943e-02
1.024726999999999930e-02
1.204885999999999978e-02
9.810710000000000264e-03
1.293909000000000031e-02
1.348643000000000064e-02
1.485439000000000030e-02
1.606306000000000053e-02
1.258252999999999976e-02
1.197227000000000013e-02
9.963919999999999375e-03
1.223772000000000054e-02
1.320360999999999931e-02
1.286378999999999995e-02
1.327341999999999932e-02
1.951282000000000016e-02
2.662203999999999959e-02
2.610221999999999890e-02
1.674232000000000151e-02
1.324977999999999920e-02
1.317189000000000033e-02
2.967836999999999906e-02
4.730739999999999945e-02
6.284697000000000200e-02
8.920694999999999319e-02
1.003933800000000043e-01
1.035083200000000009e-01
9.094209000000000320e-02
6.254104000000000607e-02
3.107489999999999905e-02
3.175352000000000036e-02
3.031734999999999985e-02
1.773575000000000151e-02
1.318755999999999921e-02
1.242502000000000016e-02
1.206900999999999981e-02
1.481450999999999948e-02
1.263815000000000077e-02
1.934222000000000025e-02
2.241399000000000169e-02
2.300227999999999995e-02
2.153885999999999995e-02
1.862638999999999961e-02
9.046959999999999724e-03
