7.376030000000000433e-03
9.591809999999999226e-03
8.560569999999999985e-03
9.044359999999999553e-03
8.299590000000000786e-03
9.152220000000000841e-03
8.792430000000000384e-03
8.983990000000000725e-03
9.425330000000000860e-03
9.912950000000000234e-03
9.208229999999999540e-03
9.180260000000000850e-03
8.597799999999999193e-03
8.384439999999999948e-03
8.663199999999999373e-03
9.012589999999999144e-03
8.513130000000000697e-03
8.397490000000000510e-03
8.174640000000000378e-03
8.137729999999999270e-03
9.186110000000000803e-03
9.947940000000000602e-03
9.317260000000000819e-03
8.209879999999999262e-03
8.109800000000000342e-03
8.573700000000000071e-03
8.932600000000000609e-03
9.113150000000000417e-03
8.921389999999999529e-03
8.434380000000000002e-03
8.062369999999999259e-03
8.201289999999999969e-03
8.713210000000000746e-03
9.012189999999999784e-03
9.346959999999999644e-03
9.144740000000000160e-03
9.199389999999999998e-03
1.071664999999999944e-02
1.021404000000000062e-02
8.731720000000000106e-03
8.024379999999999361e-03
8.980129999999999363e-03
1.111750000000000065e-02
1.319327999999999994e-02
1.440092999999999929e-02
1.360563000000000050e-02
1.366779000000000084e-02
1.226439999999999995e-02
9.513620000000000410e-03
9.090549999999999325e-03
9.237520000000000800e-03
1.004852999999999996e-02
1.053505000000000066e-02
1.235834000000000064e-02
1.825438000000000061e-02
2.042069999999999996e-02
2.486903000000000030e-02
2.741299999999999987e-02
3.007123999999999908e-02
3.100723000000000021e-02
2.497276000000000010e-02
2.028113000000000138e-02
1.327050999999999925e-02
7.759809999999999798e-03
