1.004345000000000064e-02
1.696898999999999977e-02
1.667957000000000120e-02
1.527434000000000083e-02
1.012287000000000083e-02
1.086142000000000010e-02
1.166505999999999967e-02
1.159410999999999949e-02
1.170736999999999993e-02
1.296216000000000035e-02
1.156691999999999963e-02
1.016400999999999936e-02
1.017774999999999930e-02
1.092802000000000009e-02
1.339746999999999987e-02
1.514620000000000029e-02
1.626752000000000059e-02
1.065398000000000039e-02
9.780350000000000155e-03
1.076993000000000048e-02
1.246289000000000077e-02
1.025504999999999993e-02
1.096338999999999994e-02
1.617354000000000014e-02
1.931998999999999869e-02
2.526412999999999923e-02
2.127369999999999955e-02
1.343875999999999925e-02
1.207538000000000014e-02
1.071765000000000044e-02
1.263742999999999984e-02
1.877248000000000111e-02
2.126433999999999963e-02
1.703324000000000157e-02
2.458060999999999927e-02
2.685459999999999930e-02
2.543710999999999889e-02
2.089337999999999959e-02
1.297431999999999926e-02
1.119787000000000039e-02
1.424305000000000015e-02
5.938650000000000179e-02
9.628393000000000368e-02
1.198511099999999968e-01
1.311608099999999888e-01
1.229478299999999941e-01
1.143385400000000024e-01
1.021308900000000019e-01
7.205443999999999738e-02
3.683481999999999729e-02
2.167093999999999965e-02
1.507290000000000019e-02
1.099867000000000032e-02
1.483827000000000063e-02
2.721203000000000163e-02
2.883008000000000098e-02
2.965210000000000068e-02
3.158090999999999676e-02
2.390296000000000087e-02
3.237962999999999952e-02
3.375536999999999982e-02
2.666547999999999835e-02
1.653581000000000148e-02
9.926769999999999691e-03
