1.197634000000000025e-02
1.948236000000000065e-02
2.093483999999999970e-02
2.333516000000000062e-02
2.500329000000000093e-02
2.035481000000000096e-02
1.580372000000000027e-02
1.032084999999999947e-02
1.140107999999999920e-02
1.473176999999999993e-02
1.942928000000000016e-02
1.730419999999999875e-02
1.219045000000000024e-02
1.029706000000000024e-02
1.144184000000000000e-02
1.710949000000000150e-02
2.255296999999999857e-02
2.036318000000000156e-02
1.435663000000000043e-02
9.805599999999999386e-03
1.104721999999999996e-02
1.673130999999999924e-02
1.687071000000000057e-02
1.362199000000000049e-02
1.069766999999999940e-02
1.048785999999999989e-02
1.440964999999999954e-02
2.174767000000000020e-02
1.954205999999999999e-02
1.156770000000000020e-02
1.429943000000000013e-02
1.724851000000000162e-02
1.940723999999999921e-02
1.860670999999999853e-02
1.342362000000000069e-02
1.192173000000000017e-02
1.471010000000000026e-02
1.630933999999999856e-02
2.011539999999999856e-02
1.512413999999999946e-02
1.566425000000000109e-02
1.771406999999999843e-02
1.677928000000000058e-02
1.728257000000000057e-02
1.596846999999999850e-02
1.134467999999999935e-02
1.396924000000000082e-02
1.884407000000000096e-02
3.042780999999999958e-02
4.758049999999999780e-02
6.137041000000000024e-02
6.357606999999999842e-02
6.404603000000000379e-02
6.241564000000000140e-02
4.840412000000000187e-02
3.263386000000000065e-02
2.609068999999999972e-02
2.286072000000000104e-02
1.794294000000000097e-02
1.281702000000000015e-02
1.056134000000000066e-02
1.100190000000000022e-02
1.085105999999999918e-02
8.469209999999999586e-03
