7.684560000000000002e-03
8.616920000000000135e-03
8.463729999999999171e-03
8.155090000000000255e-03
8.379819999999999630e-03
9.516399999999999512e-03
9.612990000000000076e-03
1.017526000000000021e-02
9.856200000000000724e-03
8.888860000000000164e-03
8.351330000000000559e-03
8.075670000000000071e-03
8.615799999999999847e-03
8.795539999999999262e-03
9.506509999999999266e-03
9.193120000000000805e-03
8.744580000000000061e-03
8.140150000000000510e-03
8.752100000000000504e-03
9.415849999999999914e-03
9.382530000000000037e-03
9.131570000000000312e-03
8.860430000000000736e-03
9.009480000000000266e-03
8.589569999999999497e-03
9.479980000000000698e-03
9.139899999999999414e-03
8.557060000000000013e-03
8.419259999999999591e-03
8.195159999999999945e-03
8.444069999999999701e-03
8.387379999999999836e-03
8.778189999999999951e-03
8.862619999999999873e-03
9.538730000000000472e-03
1.042026000000000063e-02
8.500100000000000017e-03
8.822220000000000409e-03
8.567510000000000403e-03
8.703469999999999610e-03
9.606049999999999658e-03
1.007290999999999916e-02
1.002012000000000042e-02
1.049066000000000061e-02
1.126563000000000044e-02
1.003819000000000065e-02
1.038296000000000011e-02
1.197802000000000068e-02
1.099059999999999968e-02
1.099530999999999946e-02
1.270186000000000058e-02
1.270530999999999917e-02
1.861153999999999933e-02
2.776572000000000068e-02
3.782275000000000220e-02
3.336287999999999754e-02
3.240466000000000180e-02
2.777154999999999901e-02
2.506374999999999922e-02
2.015168000000000167e-02
1.511722000000000066e-02
1.202466999999999946e-02
9.460339999999999375e-03
7.972210000000000407e-03
