1.112069000000000078e-02
1.481569999999999936e-02
1.766985000000000083e-02
1.840792000000000123e-02
3.242814000000000113e-02
3.571881999999999835e-02
2.438850000000000046e-02
3.298468999999999707e-02
6.004497000000000306e-02
9.104969000000000257e-02
9.432691999999999466e-02
6.182156999999999930e-02
2.830633999999999928e-02
1.676085000000000075e-02
2.547976999999999881e-02
9.771013000000000615e-02
1.702665200000000045e-01
2.268797200000000069e-01
3.196456699999999929e-01
3.785175700000000254e-01
3.571950199999999742e-01
2.917755499999999946e-01
1.870132800000000040e-01
9.473642999999999648e-02
3.662288999999999822e-02
1.747189999999999854e-02
1.450328000000000034e-02
1.467248999999999984e-02
3.674014999999999920e-02
8.375235000000000318e-02
7.834544999999999704e-02
1.038648999999999961e-01
1.050189499999999998e-01
8.441435999999999384e-02
7.095593000000000039e-02
2.337478000000000125e-02
1.489320000000000054e-02
2.243567999999999951e-02
2.499867999999999882e-02
3.155614999999999809e-02
3.318901999999999963e-02
2.133161999999999905e-02
2.353540000000000146e-02
2.997665999999999872e-02
1.700211999999999904e-02
2.053363000000000063e-02
1.883517999999999998e-02
1.738268000000000105e-02
1.294466000000000019e-02
1.736564000000000163e-02
1.978703000000000059e-02
2.877149000000000026e-02
3.303550999999999710e-02
2.573461999999999972e-02
1.893548000000000106e-02
1.445459999999999974e-02
1.196260000000000032e-02
1.824867000000000156e-02
1.889899000000000093e-02
1.762021999999999894e-02
2.431876999999999997e-02
2.895553999999999836e-02
2.286088999999999830e-02
1.570256999999999903e-02
