1.122172999999999921e-02
2.027790999999999969e-02
1.623273000000000077e-02
1.259624999999999981e-02
1.158822999999999971e-02
1.080682999999999991e-02
1.082255000000000023e-02
1.196488000000000065e-02
1.534350999999999944e-02
1.560837999999999982e-02
1.772846000000000144e-02
2.264514999999999931e-02
2.347308999999999854e-02
2.550755999999999857e-02
2.168238999999999930e-02
1.254166999999999955e-02
9.129220000000000390e-03
1.195691999999999935e-02
3.588546000000000097e-02
6.575185999999999531e-02
8.752276999999999973e-02
1.111570399999999986e-01
1.105393499999999946e-01
8.548023999999999900e-02
5.832650000000000334e-02
4.257977000000000289e-02
1.929203999999999988e-02
1.288494999999999918e-02
1.197727999999999987e-02
1.413566999999999949e-02
1.593955000000000025e-02
2.066685000000000050e-02
2.729737000000000136e-02
3.168166000000000038e-02
3.847127000000000185e-02
2.223429000000000030e-02
1.813642000000000032e-02
1.303943999999999936e-02
1.277685999999999926e-02
1.177938000000000075e-02
1.595546999999999938e-02
1.259104999999999946e-02
1.543011000000000035e-02
1.216297000000000038e-02
8.928689999999999544e-03
8.918489999999999404e-03
1.097312999999999934e-02
9.710210000000000369e-03
9.443440000000000861e-03
9.990050000000000319e-03
9.896179999999999213e-03
1.219645999999999925e-02
1.016509999999999983e-02
1.112803000000000056e-02
1.181772000000000031e-02
1.128990000000000028e-02
1.124385999999999962e-02
1.113195999999999977e-02
1.118048999999999953e-02
1.130064000000000068e-02
1.055764000000000008e-02
1.292265000000000080e-02
1.494729000000000023e-02
9.338340000000000529e-03
