8.376839999999999981e-03
1.120873000000000008e-02
8.887279999999999139e-03
9.583849999999999661e-03
1.011571999999999992e-02
1.065833000000000058e-02
9.313840000000000313e-03
1.040137000000000006e-02
1.059672000000000044e-02
9.323249999999999940e-03
1.046400999999999928e-02
1.141833000000000084e-02
1.445190000000000016e-02
1.453849999999999934e-02
1.164465999999999939e-02
1.096800000000000032e-02
9.496799999999999686e-03
9.401069999999999219e-03
1.078059999999999956e-02
1.097321000000000060e-02
8.670960000000000126e-03
8.996729999999999658e-03
1.044866000000000024e-02
1.073821999999999971e-02
1.134064000000000079e-02
1.162761999999999997e-02
9.494000000000000702e-03
1.183677999999999987e-02
1.126547999999999959e-02
1.190316999999999938e-02
1.056507999999999926e-02
9.517950000000000715e-03
1.057405999999999971e-02
1.196092999999999983e-02
1.046698000000000073e-02
1.047677999999999977e-02
1.247869000000000062e-02
1.560281999999999988e-02
2.198862000000000039e-02
1.515936000000000020e-02
1.354954000000000054e-02
1.026481999999999915e-02
1.159399000000000020e-02
1.624215999999999854e-02
2.305760999999999922e-02
2.859128000000000017e-02
3.003300000000000067e-02
3.220732999999999929e-02
3.137381999999999671e-02
2.358309999999999920e-02
2.319871000000000086e-02
2.155013999999999888e-02
2.576689999999999883e-02
1.689983000000000110e-02
1.042540999999999954e-02
1.181065000000000066e-02
1.084898999999999933e-02
8.648680000000000603e-03
1.082574000000000036e-02
1.177330000000000043e-02
1.241381000000000082e-02
2.005884000000000139e-02
1.252762999999999967e-02
8.500239999999999185e-03
