1.182235000000000057e-02
5.885718999999999673e-02
5.431698000000000082e-02
5.748669000000000001e-02
6.052479000000000192e-02
5.442671000000000314e-02
3.851136000000000142e-02
2.156695000000000140e-02
1.417283000000000084e-02
1.248331999999999914e-02
1.119972999999999975e-02
1.047955000000000067e-02
1.213070999999999941e-02
1.562063999999999987e-02
1.877575999999999898e-02
1.791215000000000168e-02
1.975452999999999931e-02
2.341905000000000028e-02
1.611945000000000044e-02
1.264610000000000040e-02
1.131980999999999959e-02
1.067006000000000031e-02
1.059160999999999957e-02
1.101348000000000084e-02
1.125595000000000068e-02
1.092687999999999993e-02
9.434369999999999215e-03
9.145749999999999366e-03
9.778320000000000067e-03
1.015378999999999934e-02
9.493269999999999834e-03
9.616279999999999620e-03
8.944610000000000408e-03
8.773289999999999561e-03
9.090060000000000501e-03
8.982240000000000710e-03
9.121020000000000516e-03
1.021413000000000008e-02
9.853970000000000090e-03
8.764400000000000315e-03
8.599930000000000421e-03
1.026472999999999969e-02
1.223675999999999930e-02
1.203493999999999918e-02
1.109802000000000011e-02
8.906640000000000390e-03
8.822550000000000184e-03
9.443480000000000624e-03
9.825050000000000103e-03
9.608099999999999627e-03
9.282709999999999573e-03
8.803760000000000752e-03
8.465689999999999674e-03
9.110679999999999473e-03
9.858930000000000124e-03
1.029633999999999931e-02
1.035532999999999940e-02
9.827119999999999952e-03
9.112610000000000154e-03
8.813819999999999988e-03
9.360210000000000752e-03
1.017537999999999949e-02
9.107640000000000180e-03
8.212310000000000443e-03
