8.730114999999999403e-02
1.905321199999999993e-01
8.147047000000000316e-02
8.384266999999999415e-02
4.956441000000000319e-02
2.085700000000000054e-02
1.156526000000000082e-02
4.582759000000000138e-02
9.302649999999999808e-02
1.169412600000000052e-01
1.081038599999999961e-01
6.309515000000000262e-02
7.173665999999999376e-02
1.203657600000000022e-01
1.092931800000000037e-01
5.638528999999999763e-02
6.327865000000000573e-02
6.372400000000000286e-02
6.819016999999999440e-02
5.402057999999999860e-02
6.183231000000000144e-02
9.316003000000000478e-02
5.541204000000000268e-02
3.655900000000000122e-02
9.566745999999999583e-02
7.763715000000000199e-02
7.757885000000000475e-02
9.717180999999999735e-02
1.427948599999999957e-01
2.196298999999999890e-01
2.065724700000000080e-01
1.374869800000000086e-01
1.072716300000000067e-01
5.155955999999999734e-02
7.505451999999999957e-02
8.973852999999999691e-02
2.261436300000000121e-01
2.022205400000000042e-01
1.786187700000000100e-01
2.365516000000000008e-01
3.917815700000000234e-01
4.162081799999999832e-01
2.744271500000000086e-01
1.835910400000000109e-01
1.334137599999999924e-01
2.155970299999999951e-01
5.556046999999999514e-01
7.510113099999999875e-01
8.906893700000000358e-01
9.221482899999999816e-01
9.506600499999999787e-01
9.428175100000000253e-01
9.007881300000000202e-01
8.357560000000000544e-01
6.673045800000000360e-01
4.134861799999999810e-01
9.558874000000000537e-02
4.977771999999999752e-02
4.156991000000000158e-02
3.639991000000000060e-02
8.018611000000000488e-02
1.361353200000000041e-01
1.645016499999999993e-01
7.090697999999999446e-02
