9.156829999999999484e-03
1.088367999999999974e-02
8.575950000000000586e-03
8.772159999999999333e-03
8.805129999999999554e-03
9.272709999999999980e-03
9.153110000000000759e-03
9.951679999999999207e-03
1.022765999999999953e-02
8.623820000000000791e-03
8.412789999999999851e-03
8.586560000000000026e-03
1.014585999999999960e-02
1.164080999999999970e-02
1.058710000000000033e-02
9.100179999999999381e-03
9.646590000000000026e-03
1.106907000000000030e-02
1.062346999999999944e-02
1.322236000000000071e-02
1.079682000000000038e-02
9.735819999999999197e-03
9.332879999999999995e-03
9.467669999999999211e-03
9.439190000000000080e-03
1.054430999999999945e-02
1.059824000000000009e-02
1.384932999999999997e-02
1.717522999999999966e-02
2.316454000000000082e-02
2.096771000000000051e-02
1.828412000000000093e-02
1.593502999999999933e-02
1.264762999999999998e-02
2.101754000000000122e-02
3.005396999999999930e-02
4.257380000000000192e-02
4.685580999999999774e-02
7.430825000000000624e-02
5.539908999999999806e-02
4.050038999999999723e-02
2.522833999999999841e-02
1.926728999999999942e-02
1.201198000000000023e-02
1.031512000000000054e-02
1.009465000000000015e-02
1.428754999999999956e-02
1.363105000000000046e-02
2.231098000000000109e-02
2.645878999999999939e-02
1.875309000000000004e-02
2.336799999999999988e-02
2.315390000000000156e-02
1.561166999999999937e-02
1.158586999999999985e-02
1.015191000000000010e-02
1.185966999999999924e-02
1.249017000000000009e-02
1.006244000000000062e-02
1.161300000000000006e-02
1.203049999999999953e-02
1.273345000000000032e-02
1.474149999999999940e-02
9.061329999999999385e-03
