9.296630000000000171e-02
2.940933099999999967e-01
4.423235099999999753e-01
5.742614299999999616e-01
6.233996200000000432e-01
6.338635700000000428e-01
5.660135699999999659e-01
4.541664999999999730e-01
3.101987500000000231e-01
2.562769699999999928e-01
2.022446999999999995e-01
6.675411000000000539e-02
3.623698000000000197e-02
2.651090000000000044e-02
3.876745000000000191e-02
6.086033999999999888e-02
8.717518000000000489e-02
1.428251899999999908e-01
1.546662000000000037e-01
1.059217999999999965e-01
1.134518699999999963e-01
8.254480000000000151e-02
4.554020999999999764e-02
2.687312999999999855e-02
1.887128999999999890e-02
2.342628999999999892e-02
1.506227000000000087e-02
1.823713000000000070e-02
3.102629000000000151e-02
3.680636000000000324e-02
1.933456999999999884e-02
2.107836999999999905e-02
2.104019999999999849e-02
1.403898999999999946e-02
1.502115000000000047e-02
1.660332999999999948e-02
1.194420000000000030e-02
1.320204999999999990e-02
2.933461999999999875e-02
4.090189999999999798e-02
2.007116999999999929e-02
2.405807999999999905e-02
1.832838999999999996e-02
2.523165000000000130e-02
3.422754000000000074e-02
4.582573000000000202e-02
2.365644000000000080e-02
1.835445000000000132e-02
1.456160999999999914e-02
1.414384999999999948e-02
1.505571999999999987e-02
2.165277999999999994e-02
2.065789000000000167e-02
1.642667000000000085e-02
1.709648000000000070e-02
1.937468999999999997e-02
3.203443999999999736e-02
4.384302000000000338e-02
3.720870999999999901e-02
1.846122999999999861e-02
1.516400000000000040e-02
1.642483999999999958e-02
1.374362999999999974e-02
2.097564000000000026e-02
