7.691540000000000182e-03
9.193899999999999642e-03
8.582990000000000411e-03
9.021710000000000493e-03
1.029325000000000032e-02
9.250519999999999923e-03
9.270830000000000737e-03
9.187300000000000674e-03
9.163859999999999367e-03
9.394279999999999645e-03
1.005660000000000061e-02
8.719730000000000189e-03
9.406829999999999706e-03
9.646039999999999823e-03
9.548660000000000481e-03
9.652890000000000775e-03
1.138206999999999934e-02
1.332950999999999928e-02
1.029465000000000068e-02
9.604939999999999312e-03
8.375930000000000181e-03
8.752579999999999388e-03
1.191402000000000086e-02
1.200716999999999930e-02
1.186761000000000066e-02
1.209584000000000006e-02
1.416842999999999922e-02
1.958878000000000008e-02
1.715469999999999842e-02
1.524035999999999967e-02
1.232811999999999970e-02
9.109330000000000552e-03
1.277733999999999988e-02
2.337057000000000023e-02
3.349251999999999785e-02
5.228793999999999803e-02
5.670188000000000311e-02
5.328941999999999707e-02
3.283715999999999718e-02
2.739824000000000079e-02
1.349429000000000080e-02
1.056600000000000074e-02
9.910280000000000478e-03
1.404356000000000007e-02
1.335737000000000035e-02
1.661392000000000077e-02
1.767739000000000116e-02
1.991037000000000015e-02
1.533372000000000034e-02
2.970860000000000167e-02
2.427655999999999911e-02
3.032392000000000074e-02
1.109783999999999944e-02
1.416129999999999993e-02
1.403937000000000067e-02
1.555389000000000077e-02
1.240129000000000058e-02
1.363134000000000047e-02
1.311551000000000036e-02
1.179430000000000062e-02
1.265088999999999970e-02
1.718075999999999978e-02
1.585280000000000022e-02
8.575569999999999374e-03
