7.434969999999999947e-03
8.045049999999999771e-03
8.515679999999999431e-03
8.238280000000000602e-03
8.578179999999999486e-03
8.647139999999999341e-03
8.538419999999999691e-03
8.411880000000000052e-03
8.384139999999999995e-03
8.158210000000000808e-03
8.441680000000000017e-03
7.996700000000000683e-03
8.204130000000000450e-03
8.774429999999999730e-03
8.918320000000000414e-03
8.809110000000000204e-03
8.791560000000000347e-03
9.094800000000000106e-03
8.603790000000000049e-03
9.686320000000000000e-03
9.225940000000000182e-03
8.512669999999999959e-03
8.117650000000000560e-03
8.027879999999999391e-03
8.974499999999999839e-03
1.029086000000000063e-02
9.521059999999999593e-03
8.988019999999999343e-03
8.657460000000000502e-03
8.798890000000000183e-03
8.484910000000000022e-03
9.316490000000000188e-03
9.528909999999999811e-03
8.530009999999999329e-03
8.653960000000000471e-03
8.950810000000000016e-03
8.519830000000000805e-03
8.507829999999999213e-03
8.903670000000000681e-03
9.433149999999999522e-03
9.791940000000000713e-03
9.311200000000000379e-03
8.985470000000000609e-03
9.252700000000000854e-03
9.563230000000000688e-03
1.044170999999999988e-02
1.178135999999999940e-02
1.141374000000000034e-02
1.017511999999999930e-02
1.127941000000000013e-02
1.151615999999999924e-02
1.142763999999999933e-02
1.150610999999999995e-02
1.042711999999999979e-02
9.100840000000000665e-03
8.986610000000000778e-03
8.754019999999999510e-03
9.834479999999999611e-03
1.080723999999999921e-02
1.316608000000000014e-02
1.706869000000000094e-02
2.141979999999999926e-02
2.399240999999999874e-02
7.513269999999999844e-03
