1.550705999999999959e-02
6.416499000000000508e-02
1.282598699999999980e-01
1.283896399999999993e-01
1.522747700000000037e-01
2.009124200000000082e-01
2.208899900000000083e-01
2.905818199999999907e-01
2.974924099999999849e-01
2.324335100000000098e-01
2.078893500000000005e-01
5.912407000000000079e-02
1.377137499999999959e-01
3.573290700000000264e-01
5.619515800000000061e-01
7.632046300000000505e-01
8.336156599999999806e-01
8.022006799999999993e-01
7.892120500000000538e-01
7.216242000000000489e-01
5.899813200000000313e-01
3.546200400000000252e-01
1.300990399999999991e-01
6.494864999999999666e-02
3.715377000000000263e-02
7.010226999999999431e-02
1.233109899999999953e-01
1.707545099999999982e-01
2.036045300000000058e-01
3.826153899999999997e-01
3.901551100000000272e-01
2.287280399999999936e-01
2.135675300000000054e-01
7.621369999999999534e-02
8.950014000000000580e-02
9.494503999999999444e-02
8.459621000000000501e-02
3.639970000000000011e-02
3.710944000000000048e-02
7.571891999999999512e-02
6.613903000000000143e-02
3.395484000000000002e-02
2.678494000000000014e-02
2.156997000000000081e-02
1.890100999999999934e-02
3.717477999999999755e-02
3.385197000000000206e-02
4.030986999999999765e-02
4.289963000000000110e-02
9.372489999999999988e-02
1.013560000000000016e-01
7.717912999999999857e-02
5.102800999999999865e-02
2.766916999999999988e-02
1.655944999999999986e-02
3.112693999999999878e-02
6.857723000000000291e-02
6.729309999999999459e-02
7.400930999999999482e-02
5.815885999999999972e-02
1.227006999999999924e-02
1.951216999999999882e-02
3.405828000000000327e-02
3.460246000000000155e-02
