7.966279999999999195e-03
1.479880000000000084e-02
1.654109999999999955e-02
1.728723999999999886e-02
1.884069999999999842e-02
2.614090999999999984e-02
3.059933000000000097e-02
3.017297000000000035e-02
2.322139999999999968e-02
1.385620000000000081e-02
1.109520999999999945e-02
9.630990000000000731e-03
1.150812000000000015e-02
1.800817000000000043e-02
2.980270000000000141e-02
2.988487000000000088e-02
2.725686000000000081e-02
2.591144000000000086e-02
3.371857000000000326e-02
4.335081999999999824e-02
4.044289000000000217e-02
1.425647000000000025e-02
1.417109000000000077e-02
3.039680999999999980e-02
5.769789000000000168e-02
9.593720999999999499e-02
1.472002400000000100e-01
1.589371099999999926e-01
1.600537399999999999e-01
1.112073199999999984e-01
8.389568999999999499e-02
5.230798999999999865e-02
3.673295000000000032e-02
1.341246999999999925e-02
1.227465999999999974e-02
1.467712000000000010e-02
2.062715000000000035e-02
3.912953999999999738e-02
4.177956000000000031e-02
4.106842000000000131e-02
3.721875999999999657e-02
3.205063999999999830e-02
2.410748999999999878e-02
1.225380000000000046e-02
1.079186000000000034e-02
1.347520999999999962e-02
1.334701999999999937e-02
1.568094000000000085e-02
1.293525000000000057e-02
1.496929999999999962e-02
1.202827000000000063e-02
1.100081999999999970e-02
1.111163000000000081e-02
1.304957999999999986e-02
1.405582000000000012e-02
1.164839999999999973e-02
9.347589999999999372e-03
1.005992999999999991e-02
8.497040000000000842e-03
9.099660000000000734e-03
1.000836000000000087e-02
1.247164000000000085e-02
1.629144000000000078e-02
9.451479999999999951e-03
