7.939109999999999223e-03
1.094407000000000019e-02
1.162785000000000034e-02
1.101015999999999974e-02
1.431583999999999982e-02
1.543439999999999916e-02
1.434317000000000057e-02
1.260653999999999941e-02
1.233120000000000049e-02
9.036280000000000701e-03
9.677669999999999328e-03
1.305939000000000058e-02
2.626449000000000145e-02
3.929063000000000000e-02
4.660496000000000083e-02
6.397567999999999311e-02
6.799977999999999578e-02
5.473958000000000296e-02
4.126323999999999964e-02
2.793781000000000042e-02
1.978939999999999866e-02
1.227456000000000033e-02
9.695920000000000233e-03
8.961719999999999409e-03
8.559030000000000457e-03
9.567650000000000460e-03
1.338728999999999961e-02
1.526682000000000039e-02
1.493211000000000017e-02
1.655664999999999915e-02
1.932584000000000038e-02
1.270109999999999989e-02
1.236020999999999995e-02
1.422327999999999960e-02
1.298179999999999994e-02
1.144176000000000047e-02
9.656990000000000712e-03
9.477440000000000170e-03
1.022641999999999995e-02
8.969909999999999342e-03
1.004353000000000017e-02
1.017564999999999963e-02
8.591750000000000428e-03
8.631279999999999855e-03
8.744349999999999692e-03
8.362919999999999382e-03
8.457789999999999753e-03
9.227890000000000745e-03
9.169149999999999176e-03
8.833779999999999410e-03
1.134838999999999987e-02
1.088533000000000035e-02
9.479220000000000007e-03
9.173719999999999791e-03
9.579590000000000674e-03
1.016426999999999956e-02
1.098149000000000000e-02
9.344299999999999828e-03
8.717610000000000636e-03
9.004269999999999982e-03
8.369909999999999503e-03
9.962040000000000131e-03
1.098178999999999995e-02
7.668679999999999768e-03
