7.809830000000000244e-03
1.234939999999999996e-02
2.180792000000000147e-02
3.992081000000000102e-02
5.252906999999999715e-02
6.286772000000000193e-02
7.962402999999999842e-02
7.404183999999999766e-02
7.345153000000000099e-02
7.008490000000000553e-02
6.420130000000000281e-02
4.031544000000000100e-02
2.881438000000000055e-02
1.686874999999999833e-02
1.109420000000000024e-02
1.034753000000000062e-02
1.112789999999999960e-02
1.337008999999999941e-02
1.441793000000000068e-02
1.449895999999999997e-02
2.103491999999999862e-02
2.490821000000000007e-02
2.025644999999999876e-02
1.400485999999999918e-02
1.131479999999999986e-02
1.122192999999999975e-02
1.169333000000000004e-02
1.108006999999999916e-02
1.182431999999999928e-02
1.123813000000000069e-02
8.906229999999999355e-03
8.925550000000000844e-03
9.105800000000000699e-03
8.703050000000000369e-03
8.878290000000000487e-03
9.581440000000000096e-03
1.048873999999999987e-02
1.072309999999999930e-02
9.728890000000000454e-03
8.733130000000000406e-03
9.171659999999999882e-03
9.754409999999999817e-03
1.103505999999999931e-02
9.858709999999999696e-03
9.250269999999999673e-03
9.984720000000000747e-03
9.839650000000000132e-03
1.015527999999999917e-02
9.918909999999999533e-03
9.330460000000000489e-03
8.441670000000000076e-03
9.022709999999999758e-03
9.641389999999999683e-03
1.053271000000000068e-02
1.174569999999999954e-02
1.039232999999999997e-02
9.612030000000000574e-03
8.865279999999999688e-03
9.595269999999999494e-03
8.944529999999999148e-03
9.997799999999999396e-03
8.930119999999999725e-03
1.053727999999999956e-02
8.616379999999999872e-03
