2.662538999999999878e-02
6.056249999999999828e-02
6.367858999999999325e-02
1.615392599999999901e-01
1.440451399999999882e-01
1.930814499999999878e-01
3.804053999999999769e-02
6.189846999999999710e-02
8.850397000000000125e-02
3.881248000000000337e-02
5.540612999999999788e-02
7.449509999999999466e-02
4.507238000000000216e-02
5.321469000000000199e-02
7.366504999999999581e-02
9.320936000000000499e-02
5.878470999999999697e-02
6.696228999999999376e-02
1.306177099999999980e-01
1.796755300000000000e-01
3.118031299999999839e-01
2.422424099999999914e-01
1.224127899999999936e-01
4.516339999999999938e-02
9.379687000000000441e-02
1.422821400000000014e-01
1.933034999999999892e-01
2.180604800000000010e-01
2.219194300000000009e-01
3.048073600000000272e-01
4.292808200000000074e-01
4.489582500000000032e-01
3.021549599999999725e-01
8.635244000000000253e-02
1.511693299999999907e-01
4.087371799999999777e-01
7.977498800000000223e-01
9.613623000000000030e-01
1.012080429999999920e+00
9.783429500000000445e-01
9.133965400000000345e-01
8.251929900000000151e-01
7.280935600000000285e-01
4.257613100000000039e-01
7.493194000000000243e-02
2.799748999999999988e-02
4.958416999999999686e-02
8.198851000000000055e-02
9.066441999999999557e-02
2.852831200000000011e-01
3.091689599999999927e-01
5.908833100000000504e-01
5.906067499999999582e-01
4.954040900000000192e-01
3.327176600000000262e-01
2.141682799999999887e-01
1.647745800000000038e-01
8.552115000000000411e-02
3.951688999999999896e-02
7.910503000000000673e-02
1.020047800000000032e-01
1.736640799999999984e-01
2.475669199999999959e-01
6.198858000000000146e-02
