7.274049999999999787e-03
8.257739999999999525e-03
8.240219999999999489e-03
8.317019999999999622e-03
8.427900000000000322e-03
8.323930000000000218e-03
8.426559999999999606e-03
8.200880000000000669e-03
8.063739999999999797e-03
8.394830000000000694e-03
8.438730000000000189e-03
8.423780000000000504e-03
8.317059999999999384e-03
8.497889999999999264e-03
8.583769999999999248e-03
8.740819999999999840e-03
8.519270000000000662e-03
8.423480000000000550e-03
8.791790000000000715e-03
9.397559999999999247e-03
9.080100000000000671e-03
8.355889999999999498e-03
8.197970000000000604e-03
8.157460000000000058e-03
9.123749999999999916e-03
1.000029000000000022e-02
9.503170000000000020e-03
8.762970000000000134e-03
8.676450000000000481e-03
8.352200000000000596e-03
8.186640000000000236e-03
8.965980000000000130e-03
8.975320000000000173e-03
8.668199999999999170e-03
8.946420000000000067e-03
8.871699999999999725e-03
8.601430000000000187e-03
8.540410000000000015e-03
8.476819999999999494e-03
9.237610000000000265e-03
9.378340000000000634e-03
9.392809999999999701e-03
9.381729999999999584e-03
9.500430000000000680e-03
8.773569999999999633e-03
9.124900000000000025e-03
1.057914000000000077e-02
1.108761999999999942e-02
1.001610000000000000e-02
1.206150999999999925e-02
1.245853000000000065e-02
1.219046000000000018e-02
1.261103000000000050e-02
1.213722000000000065e-02
1.039095999999999943e-02
1.075238000000000062e-02
9.490590000000000137e-03
1.115813000000000048e-02
1.266842999999999962e-02
1.526535000000000045e-02
2.207711999999999869e-02
3.068569999999999978e-02
2.518739999999999868e-02
8.093460000000000237e-03
