9.501729999999999898e-03
1.399339999999999959e-02
9.317940000000000250e-03
1.011782999999999953e-02
1.737638999999999850e-02
2.424014999999999850e-02
3.731990000000000307e-02
4.893167999999999823e-02
5.205859999999999654e-02
6.566389000000000253e-02
7.179546000000000538e-02
5.524285999999999780e-02
4.585974999999999774e-02
2.792143000000000055e-02
1.284443000000000043e-02
1.000895000000000083e-02
9.402950000000000197e-03
9.546419999999999906e-03
1.019543000000000012e-02
1.248021000000000026e-02
1.395817000000000065e-02
1.829704000000000053e-02
1.702458000000000096e-02
1.728079999999999894e-02
1.772562000000000096e-02
1.461719000000000039e-02
1.260937999999999989e-02
9.102370000000000252e-03
1.064673000000000008e-02
1.066229999999999956e-02
9.348260000000000597e-03
9.097469999999999862e-03
9.255259999999999529e-03
9.631439999999999793e-03
1.043400000000000057e-02
8.737419999999999215e-03
9.297230000000000077e-03
1.029363999999999973e-02
9.214750000000000718e-03
8.329470000000000277e-03
8.363989999999999966e-03
8.678629999999999678e-03
1.186946000000000008e-02
1.209649999999999961e-02
8.600160000000000790e-03
8.772659999999999833e-03
9.286789999999999629e-03
9.342470000000000288e-03
9.244890000000000399e-03
1.147049999999999979e-02
1.022457000000000053e-02
1.071507000000000015e-02
8.770969999999999461e-03
8.822180000000000646e-03
9.954759999999999998e-03
1.161051999999999917e-02
1.039803000000000081e-02
8.194379999999999373e-03
8.038339999999999722e-03
8.283199999999999244e-03
8.768440000000000609e-03
9.405699999999999478e-03
1.284233000000000076e-02
7.749869999999999849e-03
