9.249260000000000467e-03
1.323278999999999948e-02
2.812049000000000146e-02
2.391251000000000140e-02
2.970570999999999975e-02
4.070106999999999892e-02
3.764850000000000141e-02
4.256449999999999817e-02
4.288324999999999776e-02
3.240902999999999839e-02
2.669811999999999880e-02
1.478883999999999928e-02
3.043565000000000159e-02
6.166432000000000163e-02
8.354548000000000529e-02
1.425763399999999959e-01
1.813472499999999876e-01
1.597706700000000035e-01
1.559045900000000096e-01
1.111583299999999996e-01
8.102296000000000498e-02
4.505477000000000093e-02
2.697182000000000052e-02
1.687243000000000076e-02
1.095041000000000070e-02
1.599824000000000038e-02
2.277188999999999949e-02
2.726837000000000011e-02
3.432372999999999674e-02
5.466945000000000138e-02
6.000662999999999830e-02
3.253819000000000156e-02
2.954139999999999891e-02
1.690952000000000080e-02
1.838764000000000023e-02
1.902621000000000173e-02
1.492812999999999952e-02
1.171594999999999928e-02
1.409625999999999935e-02
1.750451999999999911e-02
1.456677999999999966e-02
1.322627000000000004e-02
1.016570999999999968e-02
9.610519999999999133e-03
1.040800000000000058e-02
1.246515999999999944e-02
1.183714999999999941e-02
1.080744999999999970e-02
1.019233999999999939e-02
1.840067000000000091e-02
2.001943999999999946e-02
1.564323999999999923e-02
1.579643999999999840e-02
1.319443000000000005e-02
9.168680000000000233e-03
1.025864999999999937e-02
1.351613999999999940e-02
1.728740999999999958e-02
1.722941999999999876e-02
1.214858000000000084e-02
9.654529999999999709e-03
1.043191000000000083e-02
1.027824999999999919e-02
1.186895999999999958e-02
