8.129279999999999146e-03
8.328959999999999836e-03
7.965979999999999242e-03
8.051199999999999676e-03
8.256190000000000057e-03
8.460989999999999830e-03
8.151200000000000806e-03
8.115930000000000366e-03
8.011179999999999690e-03
8.417880000000000848e-03
8.555500000000000604e-03
8.155420000000000030e-03
8.389469999999999567e-03
8.468089999999999298e-03
8.513210000000000222e-03
8.552610000000000420e-03
8.292290000000000771e-03
8.014830000000000565e-03
8.174940000000000331e-03
8.110859999999999251e-03
7.913560000000000039e-03
8.059840000000000407e-03
7.986949999999999605e-03
8.428069999999999312e-03
8.714799999999999977e-03
8.537440000000000306e-03
8.520800000000000249e-03
9.001050000000000023e-03
8.537090000000000650e-03
9.284159999999999635e-03
8.518990000000000590e-03
8.413179999999999270e-03
8.883030000000000093e-03
8.227039999999999700e-03
8.339209999999999678e-03
8.316509999999999181e-03
9.077530000000000321e-03
8.819109999999999797e-03
8.429080000000000253e-03
8.557969999999999813e-03
9.119210000000000857e-03
9.836509999999999698e-03
1.002865000000000006e-02
8.976970000000000782e-03
8.852129999999999721e-03
9.108889999999999695e-03
9.354559999999999612e-03
9.107900000000000371e-03
1.152354000000000052e-02
1.455053000000000075e-02
1.643729999999999844e-02
1.749298000000000172e-02
1.731463000000000099e-02
1.772643000000000135e-02
1.636077000000000017e-02
1.084682000000000007e-02
8.973619999999999861e-03
9.305729999999999905e-03
1.034529000000000004e-02
9.946190000000000586e-03
1.003475000000000027e-02
1.030148999999999995e-02
9.316569999999999713e-03
7.297060000000000178e-03
