1.751261999999999958e-02
2.898169000000000092e-02
1.189712000000000061e-02
2.192962000000000036e-02
2.063014000000000167e-02
1.885633999999999921e-02
1.004891999999999938e-02
1.413237999999999994e-02
2.396987999999999897e-02
3.333501999999999993e-02
3.669744999999999951e-02
4.527486000000000010e-02
2.608353000000000060e-02
1.249897999999999981e-02
2.166136000000000103e-02
3.713054999999999828e-02
3.215298999999999935e-02
2.203050999999999968e-02
2.148424000000000167e-02
1.751232000000000136e-02
2.172800000000000079e-02
6.642984999999999862e-02
8.540216999999999947e-02
3.426077999999999762e-02
1.824765999999999888e-02
1.768468999999999944e-02
3.400533000000000028e-02
3.770853999999999873e-02
4.824052999999999675e-02
2.915643999999999875e-02
1.547993999999999933e-02
2.637027999999999942e-02
3.862887000000000265e-02
3.232796000000000280e-02
2.165065000000000045e-02
2.839411000000000018e-02
3.433263999999999760e-02
6.742415999999999687e-02
5.630207000000000267e-02
3.727808999999999984e-02
2.064908999999999842e-02
1.815564999999999887e-02
2.853166000000000035e-02
4.090656000000000153e-02
5.698924999999999824e-02
5.996763000000000093e-02
6.313021000000000604e-02
7.280037000000000313e-02
6.289247000000000587e-02
7.600909999999999611e-02
6.955361999999999656e-02
5.272388000000000075e-02
3.265472999999999987e-02
3.798752999999999852e-02
6.546288999999999580e-02
1.213982200000000011e-01
2.236733099999999863e-01
3.237739499999999770e-01
3.969202299999999850e-01
4.181472700000000153e-01
4.298201799999999961e-01
4.268389000000000211e-01
2.152845600000000137e-01
2.251705000000000026e-02
