9.004555999999999671e-02
3.959095799999999832e-01
4.770154999999999812e-01
4.931479100000000226e-01
4.596347499999999808e-01
4.258978999999999959e-01
3.153948799999999886e-01
1.742076599999999864e-01
8.606621999999999884e-02
8.139122000000000023e-02
6.260129999999999861e-02
2.675005000000000091e-02
3.499649999999999983e-02
4.734403999999999696e-02
8.192634000000000027e-02
1.052416500000000060e-01
1.061025699999999933e-01
1.611502599999999896e-01
1.204140300000000052e-01
6.431478000000000195e-02
4.104726000000000208e-02
2.414358999999999950e-02
1.749598000000000125e-02
2.148790999999999896e-02
3.074479999999999921e-02
3.149354000000000042e-02
1.517483000000000026e-02
1.507556999999999994e-02
2.075066000000000063e-02
2.738000000000000156e-02
1.696191999999999839e-02
2.101116000000000095e-02
1.827236000000000138e-02
1.205201000000000015e-02
1.491668999999999981e-02
1.453535000000000070e-02
1.147105000000000000e-02
1.859548000000000104e-02
2.647288999999999892e-02
2.629963999999999913e-02
1.344122000000000025e-02
2.300463999999999981e-02
3.392925000000000108e-02
4.947435000000000027e-02
5.400686999999999849e-02
2.524064000000000169e-02
1.613192000000000098e-02
2.288017999999999996e-02
2.310177000000000064e-02
2.041596999999999856e-02
1.836286000000000168e-02
1.547812999999999967e-02
1.145341000000000067e-02
1.057959999999999977e-02
1.771937999999999985e-02
2.650529000000000079e-02
2.477180999999999828e-02
2.373221000000000011e-02
2.052437999999999832e-02
1.645394999999999844e-02
1.679645000000000096e-02
2.182357999999999867e-02
1.697082000000000104e-02
1.865524000000000002e-02
